N1	N2	N3	R	W	anotacion
0.005099150525348355	0.0031192594794189625	0.049950563952661724	0.00017014201733364965	99.94166088402524	0
0.005643091844641923	0.006197585370169404	0.001556700221726533	0.0001241436849062486	99.98647847887855	0
0.0019069045359725505	0.004595416234770715	0.0005931750540759406	9.880866181199456e-05	99.99280569551335	0
0.001591199884779578	0.003723871890273929	0.0005201166944084562	0.00013802596023602286	99.9940267855703	0
0.019661074509222394	0.03302627299049615	8.359149400156773e-05	0.000718726172103083	99.94651033483419	0
0.03827331430736313	0.011420927976586387	0.0001586209381197171	0.002127448726901307	99.94801968805103	0
0.015312790863923847	0.0176904823472288	0.00011111088886169128	0.0022292542349289122	99.96465636166505	0
0.5949388480307534	0.019555424512816503	0.0005753454460852704	0.016905281198070603	99.36802510081226	0
2.2827543582803043	0.06660738745852593	0.00018659355108966574	0.04890561144282854	97.60154604926726	0
5.083962345505154	0.07704292111266368	0.0004584065478694977	0.05979293105457655	94.77874339577974	0
66.29454981464917	1.2376918743590233	0.004602757668876694	2.944322478853189	29.518833074469754	1
71.61174610084028	2.294772729914941	0.0055871688270734575	4.7545155032450035	21.3333784971727	1
56.75312665500094	7.233344681928963	0.03331387163128393	10.376636389687516	25.603578401751292	1
22.678082362589496	48.56004702671349	0.2881828164496091	4.749714616092278	23.723973178155113	2
29.84923503834641	51.4317708531292	0.22261021061004316	7.172282230598805	11.324101667315531	2
14.014948636040112	70.29703222564919	0.19944026308077742	8.363057154541515	7.125521720688405	2
5.399320973157049	85.1737746256462	0.1897662091272246	3.4213887524244138	5.815749439645105	2
3.8423476547993554	84.88628336521319	0.08953667452097745	1.8934830908841387	9.288349214582334	2
4.52671467726169	90.68183641452988	0.2777301983804681	0.6067452284677106	3.9069734813602457	2
3.179830271418234	91.80066892147494	0.5733355393519423	0.43820438753306823	4.007960880221822	2
2.1999760915113438	94.00233112491232	0.7307215600158927	0.07517683857622721	2.9917943849842192	2
3.9057453837170693	92.18062034559239	0.25618127454902784	0.0950679286529881	3.5623850674885347	2
2.2417831470640914	95.19066870161976	0.361976405830712	0.0491789389805377	2.1563928065049227	2
1.9017728829299658	93.52034138040453	2.603846335941022	0.03333885996950534	1.94070054075498	2
1.4023463244899586	95.79551921524187	0.7734010695743875	0.11599679226965286	1.9127365984241183	2
1.4976230634334224	93.38902700537184	1.6644500690411874	0.08611365034772803	3.3627862118058403	2
1.2393075477025075	96.38049674164017	0.8670627000442771	0.028617676939387465	1.4845153336736576	2
0.6455299273851358	93.26021632850178	3.9053168305865493	0.013782484209407024	2.1751544293171046	2
0.44988597666326513	86.49505369648	9.925400599889135	0.01875306331214377	3.110906663655453	2
0.36408311869413473	50.12556662891343	46.610375102597814	0.034242055964292493	2.865733093830322	2
0.08882874357422893	20.04972765971618	78.92596721883048	0.008908639580374274	0.926567738298737	3
0.13451598824642713	47.15428341555806	51.28246919510365	0.031324611116306834	1.3974067899755411	3
0.0835517789961115	33.91638200939641	63.804030689599635	0.012366609331134582	2.183668912676703	3
0.1835503225496318	72.06405587490367	24.959115178581214	0.013004794483059955	2.7802738294824216	2
0.10225325445763003	33.08198242787229	65.75301948645404	0.005190620117046394	1.057554211098994	3
0.059490286135380384	10.441568804324586	88.95717761556638	0.005774671424160072	0.5359886225494731	3
0.1988256487994569	16.29611580110935	82.69648385633991	0.01296637043338746	0.795608323317885	3
0.18554720599118313	11.345643662074322	87.76301280533207	0.005652810404219084	0.7001435161982117	3
0.2474047510414941	12.008534320515697	86.70258171934158	0.00513426590839958	1.0363449431928324	3
0.1986137990423222	18.9692078670698	79.07983063182465	0.0027216465074743823	1.7496260555557486	3
0.23903655384683	6.066586528551884	91.67461034969982	0.007881455706414985	2.011885112195049	3
0.13398321934218416	5.549397128502384	93.69077092016258	0.001980843132951099	0.623867888859892	3
0.1370462304699956	4.6825247651301	94.42417797615758	0.0034920013961779878	0.7527590268461418	3
0.11639121547228051	4.049084540556997	94.80448579192246	0.001086731757454889	1.0289517202907996	3
0.05202877140889525	2.604879468300032	96.5539080175356	0.0016711105141041364	0.7875126322413643	3
0.06952702780926809	2.5137760586207762	91.8310912849127	0.0016951960292917925	5.583910432627967	3
0.12803266271050096	5.703652293108682	93.13615560236333	0.0032787578643275754	1.0288806839531606	3
0.0708925411069223	4.419781894775048	94.26546669667998	0.0021779137285401866	1.2416809537095281	3
0.0813828089909133	1.237154867636277	97.5950730180306	0.018646220663827484	1.0677430846783798	3
0.06465664905061501	1.542598650934173	97.92871700281529	0.0006331400023014992	0.4633945571976266	3
0.269855992338542	6.472315772588452	81.60978212419032	0.00759085757419348	11.640455253308478	3
0.47138153110413383	10.985025370089268	83.85947934390394	0.023775063213233846	4.660338691689417	3
0.2832192765275353	5.6610306400478345	92.96018065585841	0.006574330253514593	1.0889950973126905	3
0.09904741438032907	2.0512131492401453	96.73220749376412	0.001114815277135821	1.1164171273382633	3
0.06641153318357494	2.017559345563102	97.29951049264504	0.0011832605954951831	0.6153353680127787	3
0.04314709141057045	1.8191434355739646	96.94769602944372	0.000984829922158898	1.1890286136495787	3
0.02215954554761918	0.7751495562868993	98.91556241506598	0.0010375480875699091	0.28609093501192356	3
0.04414166506471165	1.3474504706261927	97.65029962079872	0.0015023124975244411	0.9566059310128691	3
0.06994113291389564	2.434049617786244	96.74169709930419	0.0023741284150984743	0.7519380215805733	3
0.07630589182601795	1.3784703033190044	95.58645640840457	0.0008435155994807017	2.9579238808509127	3
0.040406574499519426	1.5093633923604088	95.41177901443683	0.003194901769095252	3.0352561169341565	3
0.031015843939071905	0.5974030037169527	98.94181979106716	0.0009601277821234234	0.4288012334947047	3
0.13418903434120683	3.775209986263766	93.11033843021414	0.007648383796462161	2.972614165384431	3
0.09507516154182005	4.223080826262829	91.95123360233113	0.007404456624510822	3.723205953239708	3
0.07434420099495435	3.2444876905488105	92.49125499990997	0.0014011158561716317	4.188511992690097	3
0.14274321597192524	3.088817468923384	86.96517823826042	0.004663878334203149	9.798597198510079	3
99.99984771145664	5.869969111027386e-06	0.0001409198392790786	1.990937405502575e-08	5.478825571287028e-06	1
99.99985757579172	3.678248638859883e-06	9.504444444342963e-05	2.215941748528245e-09	4.369929927235317e-05	1
0.13142971602140935	1.686807961357702	87.66849658945402	0.003358611917128905	10.50990712124973	3
0.21098924977879682	2.8760698093856067	85.06873055160055	0.005287599625055302	11.838922789609994	3
0.038452732845428494	1.3588204067931422	95.60379520635192	0.03185001293472921	2.9670816410747864	3
0.0498504307598438	1.6111468969146576	93.96466033787144	0.002206699127039967	4.372135635327009	3
0.048576626879980205	1.1642687309716424	95.38034042534373	0.0016273584936470236	3.4051868583110134	3
0.02971432692033505	0.9397673638066208	94.1964372843162	0.0013352504607724847	4.832745774496085	3
99.99926497431517	8.567413848247671e-06	0.0007111994028747231	1.1227304191385014e-08	1.5247640798699745e-05	1
99.99937200526745	4.8569073573848955e-06	0.0006093107754372747	6.2892618339204245e-09	1.3820760499399733e-05	1
99.99897635041589	4.827031221252146e-06	0.0009914487276288756	1.1379851775230757e-08	2.7362445424692017e-05	1
99.99863684233388	6.354283271021374e-06	0.001339930020114894	8.486686389144104e-09	1.6864876042357535e-05	1
99.9986110909066	7.978396011617752e-06	0.0013633228193000576	1.1266324203875586e-07	1.7495214849064196e-05	1
0.016528292521660125	0.6241583259335768	98.51071457160015	0.008445951971760065	0.8401528579728578	3
0.012590915666087391	0.47115989359561444	98.45460397892914	0.0004769883637397693	1.0611682234454034	3
0.03208638422708167	0.766207529294983	98.22029169931427	0.00039062536722049514	0.9810237617964226	3
0.012469209395707118	0.49723259158418254	98.22156390018436	0.0004891074552153737	1.2682451913805417	3
0.013272393077994054	0.4741178914276261	98.4614067391102	0.0002913297042074211	1.0509116466799837	3
0.009731685800749523	0.5710150411775347	98.03900181814036	0.00037691577302765124	1.3798745391083262	3
0.0038384970225691446	0.3201441319895828	99.0453764182465	0.00011311813814669808	0.6305278346031905	3
0.02222962722459728	0.4881381829695502	98.9078461392477	0.0002906599519953075	0.5814953906061661	3
0.008949321716948865	0.48825186804570886	98.86204039149284	0.004110348022775079	0.636648070721739	3
0.009258837499991797	0.37172344826908943	98.65534871146708	0.0037222761548674006	0.9599467266089704	3
0.02486098606534767	0.8684634700056504	98.43819266433617	0.0001545464349099176	0.6683283331579183	3
0.00821571770028367	0.45553015318963624	98.82787811887059	0.0002855947251900685	0.7080904155143046	3
0.005868908010470358	0.48791728842087645	97.89543300722504	0.0003402048860738736	1.610440591457531	3
0.026881453900873542	1.2426380952067166	96.61811901448989	0.0004920845653915753	2.1118693518371305	3
0.023328927984378967	0.5076734343786979	98.81255994280669	0.0007174051724399022	0.6557202896577929	3
0.012495165935666363	1.2280750770696058	98.44183699333723	0.00021646670048607774	0.31737629695697755	3
0.0340545340627742	0.9142351277206041	98.59917412761394	0.0002307753979575709	0.4523054352047254	3
0.04336162373778471	1.3869870690031194	97.82522252879774	0.0003544874412041184	0.7440742910201459	3
0.027701141224681956	1.3437526026051831	98.03193967612735	0.0005348599491461591	0.5960717200936426	3
0.027665267028053817	1.21858976510482	97.65390254027699	0.0010238766429153045	1.0988185509471984	3
0.032323963259468555	1.48748690575246	96.81782923163405	0.0009468181762836039	1.6614130811777317	3
0.01979065690518979	0.9037383897382977	95.63731330420671	0.0009714706646387369	3.4381861784851706	3
0.06700795561815504	1.0056778640558846	97.12613054065584	0.001854233095891458	1.7993294065742256	3
0.05196950730758596	2.243755069083324	94.79035380437078	0.0023627806344758634	2.911558838603841	3
0.07185405284214211	0.8865403333124084	96.19642813708697	0.007381429275411397	2.837796047483073	3
0.12974483599523404	1.7783500013481939	92.36112144064734	0.0015823599002958073	5.72920136210895	3
0.3837743640065645	5.476336777266345	71.04887095122496	0.008318059575240603	23.08269984792689	3
2.2716830121794396	13.453819116111196	80.20962410395894	0.030161507483872738	4.034712260266559	3
6.5241989923771895	38.909963094503134	45.91761556803599	0.03440530298754878	8.61381704209614	3
2.2680341524695815	63.31769478430619	32.31669141742673	0.028599411458836748	2.06898023433866	2
2.9116039405645866	48.34911745022906	44.62047402514836	0.05835608032635128	4.060448503731659	2
1.0708547069010879	31.660665393095517	65.84077505761321	0.026096746780260263	1.4016080956099244	3
1.260601616815532	47.69779664761908	49.0966754603948	0.030820400365903163	1.9141058748046755	3
1.8944432523642598	43.800899620448575	52.17015974431529	0.037983635913235385	2.0965137469586415	3
0.6151237820524919	14.65241787756063	83.75575358771454	0.026188444269477276	0.9505163084028709	3
0.15492802000380423	5.997384126953881	91.95861442803114	0.009107847453919639	1.8799655775572774	3
0.13230857329675014	9.97343895778811	87.37367273646969	0.015746938515957303	2.504832793929502	3
0.3205736086270712	30.81229880397556	65.66778445512665	0.18269420189719723	3.016648930373512	3
1.1543572214318374	24.269517708267223	54.642508528520025	0.06847598527330133	19.86514055650762	3
1.9593808104605586	36.24946859980835	12.368510170580924	0.05159423008669417	49.37104618906348	0
2.5972733917244346	79.71609779644999	15.257474765575013	0.09488484307833381	2.3342692031722274	2
2.468195984671434	78.72485538501527	16.344419609087822	0.14606863715710383	2.316460384068356	2
0.7279396988289055	47.10077505559308	50.77807357189626	0.17570267588694632	1.2175089977948177	3
1.6899254401591628	56.526788435660094	30.53356648857725	1.8696209987514139	9.380098636852072	2
0.33877347832267873	48.289285436476966	48.471185231811646	1.2087558670672927	1.6919999863214086	3
0.3941307394516676	59.00474215895167	36.67781236792816	2.216462802070974	1.7068519315975121	2
4.423400664721775	75.92729897183204	1.3647128577721535	14.346059658954523	3.938527846719502	2
0.9370832252629415	89.31585772450664	5.007351692556866	3.032315293860671	1.707392063812873	2
2.585247083543741	89.10688829310955	0.21259827608014326	6.940352961848244	1.1549133854183227	2
7.3348061196488175	73.3990512619977	0.1566616887032934	14.508719725914048	4.600761203736163	2
9.510312180197154	68.43024099660816	0.07912936424091224	14.692401186053287	7.287916272900487	2
12.433101014154001	58.133692642768594	0.13068930708399695	24.77601438527731	4.526502650716094	2
13.626802885077016	26.6068502484319	0.02869798770692061	49.4635287507463	10.274120128037875	4
4.94090593544415	36.94371105895328	0.20089592995689468	48.38999715018076	9.524489925464916	4
2.8921763958052593	12.383210909589959	0.023506742008327385	80.92403545303556	3.7770704995608915	4
4.21414059837203	6.0249595150345625	0.030456680718506515	86.31001066772914	3.420432538145758	4
4.70743368572743	14.497834446412314	0.03392816701707742	78.16860605406598	2.5921976467772	4
4.142290551607367	3.7324299028421937	0.016725546916621568	87.79802841145047	4.310525587183356	4
2.796652652830992	4.389110779910679	0.03109864243111938	90.22666443428442	2.556473490542791	4
4.102678198143685	10.932326407139268	0.04658991411417901	80.92955321534157	3.9888522652612926	4
10.34017712183554	8.22444528383103	0.013206414186946099	72.68905660655652	8.733114573589955	4
10.066328464730805	18.406674338818334	0.050553626665148746	64.49252177366098	6.98392179612473	4
11.28988757704775	17.265548370531413	0.028882292317592095	67.27997331237	4.1357084477332435	4
10.678377557054468	30.95098709968414	0.0900604170121885	20.833291906676678	37.447283019572524	0
16.782339573077444	30.381415075331407	0.10899375848672611	37.07154482326296	15.655706769841467	4
18.26870146417096	35.703240195936544	0.1554857691988882	37.14131323314782	8.731259337545792	4
36.79445438470657	17.35728459115375	0.08685489883529536	41.0390222556921	4.722383869612281	4
18.917804819375213	20.6947077632491	0.06320972561569334	55.302266071703	5.022011620056999	4
4.31251307628665	26.383916724160027	0.1334233545016263	63.49190517999658	5.678241665055127	4
7.0125105256765865	7.61682483283568	0.0065721940037149155	82.40519983698738	2.9588926104966387	4
3.607092005337409	12.162517441531643	0.10119782355077404	75.36185727726753	8.767335452312654	4
4.9309015728052366	6.1456061229344074	0.004746151187197698	84.37271793253686	4.546028220536302	4
2.1115638350907635	1.5829934871027023	0.0023726416399225334	94.20192775150406	2.101142284662568	4
1.9191237345332557	1.9970054765953336	0.00807761148414131	92.8302467103823	3.2455464670049965	4
3.9980034845999475	2.945041445806354	0.016009104743047297	87.93323116676613	5.107714798084508	4
0.563654699338898	1.2696997632646594	0.006269654031634491	96.14201788857	2.0183579947948083	4
0.38090796443645525	0.24217380672376426	0.005890384145557813	98.37811344242269	0.9929144022715232	4
1.0587400764321206	0.7195033815805942	0.003497665064996837	97.35418474198093	0.8640741349413508	4
2.2969341223091297	0.7967970356792512	0.002181946873318867	96.11341843482322	0.7906684603150912	4
3.72555789164109	3.4024843364079107	0.006449975994559891	91.56360160275014	1.301906193206308	4
4.57691973947967	8.667038587224676	0.012293857761358554	84.89255911658667	1.8511886989476394	4
8.051257777643938	24.790510268058014	0.16105274395562752	63.87794987768116	3.1192293326612734	4
2.734581320984599	51.58936157374634	0.25199015053961205	43.6060823639596	1.8179845907698495	2
4.551648556719519	50.75770881043996	0.30244916670545696	39.59028268562222	4.797910780512848	2
17.586294433228357	12.591817374463602	0.08929981260860097	22.616610503436366	47.11597787626308	0
30.5563954953359	23.554373020914422	0.09219135243393414	43.32589236413179	2.4711477671839415	4
25.6202005498371	62.03662738781337	0.04182759721491821	11.699728457290805	0.6016160078437996	2
2.220589543795465	95.03381442975689	0.8184845483897499	1.491824899118128	0.4352865789397696	2
8.722533427901201	83.62599437234138	0.1410937598967171	6.00081059267614	1.5095678471845642	2
4.640035415647367	85.92079910165205	1.003160696917998	5.597615399856912	2.8383893859256735	2
5.957128067757811	68.62582881339338	8.043915149687363	11.307105971894739	6.066021997266699	2
1.6248829837146241	90.00139559430465	2.5379147661643353	3.491973186820014	2.343833468996377	2
0.9313926443473463	86.6861902556569	7.362568343848666	2.4787063498081587	2.5411424063389405	2
0.8424816899935019	73.31756024588152	20.17250927685233	2.360356206459271	3.307092580813378	2
3.913122323395677	83.65298827482161	1.3891977877151072	6.468805295067464	4.575886319000149	2
2.3695326673787473	86.81037341442783	1.9881529773426994	4.819978602080084	4.011962338770622	2
1.994636554127348	69.47717496278479	12.187209170433164	1.1591916095822365	15.181787703072459	2
6.192956807989668	59.852399747889876	7.232053559905233	1.0893130637448352	25.633276820470392	2
6.97639061738984	77.70504670343344	4.203041232445641	0.28230034515243113	10.833221101578644	2
1.4045480504953216	71.62674746068322	24.4103818867259	0.4148591159887518	2.143463486106809	2
0.7772883628993779	74.49877791125824	20.300587635984403	0.26067984679959955	4.16266624305839	2
3.902209035934211	72.04233274106485	12.024855072097962	0.0813106574508387	11.949292493452157	2
1.670518215045351	46.818770590570566	41.26085604936271	0.07145979864153468	10.178395346379826	2
1.1562179792612342	52.654284050093516	34.27967804599298	0.10577200081364753	11.80404792383862	2
1.0929099007372651	54.596988245248646	41.95087577542863	0.2358332535823718	2.1233928250030685	2
2.4006460304643342	42.030785883490616	44.3081962747242	0.17762442974085788	11.082747381580006	3
1.3356133325346735	73.97263558726009	21.679921709145454	0.13836842334667157	2.87346094771313	2
0.8077606319090164	43.176019776434956	48.447966687583474	0.08318480470909154	7.485068099363466	3
1.584412118574455	36.06097996529787	56.528107044196574	0.017682452052273274	5.808818419878836	3
0.34441437732077373	21.270097053586177	70.55466213824812	0.021607941447627968	7.8092184893973	3
0.523755283760384	22.05552679602287	74.15524993810062	0.01845195905798642	3.2470160230581433	3
0.2952333635755857	22.44573205778665	74.83790457178934	0.026545564899324456	2.394584441949104	3
0.2532923344171127	21.444946135475927	77.26747457585276	0.0739196331383907	0.9603673211158199	3
0.20467251566256853	17.968066112871465	80.09167821315663	0.03576300839559197	1.6998201499137475	3
0.057224673949637095	12.843887621360484	86.12682309783554	0.021843061075377264	0.9502215457789676	3
0.06296122898487223	21.320082398064038	77.51856508261771	0.06822610593257389	1.0301651844007986	3
0.606945428192143	15.006877494949276	81.82503729673147	0.028715529965473358	2.5324242501616316	3
0.4153156107654899	7.035709124695326	92.007749219912	0.032076656970684236	0.5091493876565002	3
0.34747918587148147	5.894912105417402	92.08425035223246	0.030105980749681724	1.6432523757289679	3
0.15329104573439573	4.967904883606181	94.4423872321834	0.014996772830938627	0.4214200656450795	3
0.09293161736505541	15.771987122737674	83.06647349157585	0.04707658095205201	1.0215311873693753	3
0.2909108425453158	7.439973164512128	90.08287537319937	0.04304489699494562	2.1431957227482235	3
0.12628669742478582	6.974681005941045	91.3418515910937	0.04933499789843307	1.5078457076420253	3
0.35753473223253823	9.50887068005738	81.99477584474816	0.058473039436082924	8.08034570352583	3
0.4294261761524933	5.380160370565664	88.69312576273944	0.040991195974767074	5.456296494567638	3
0.19313822676187126	7.973320004476812	88.35825256827218	0.049291262157418914	3.425997938331708	3
0.7909001254924348	10.554740486838735	86.36927647087404	0.0775771591766013	2.2075057576181933	3
0.4885820242922827	6.92718216304766	90.78487444430989	0.08668941113794296	1.7126719572121987	3
0.20987593344418462	3.221386632901995	94.87805290439547	0.03500743291280504	1.655677096345542	3
0.16342925046280168	3.383433187508458	94.74959589769539	0.013778239913722816	1.6897634244196416	3
0.3017050614379467	5.327135301753605	93.06076465167723	0.013317309547997707	1.2970776755832296	3
0.32419321373041665	3.1520940220762075	94.52490666735636	0.0062337169721598355	1.9925723798648411	3
0.20662947112480026	7.109952656297912	88.9109955212411	0.014517301860637991	3.7579050494755433	3
5.706646635912098	5.235766881065066	86.3043607123402	0.017942890873697444	2.735282879808972	3
1.1732278929702018	8.89035205369794	70.43494296249716	0.03646931275847177	19.46500777807623	3
0.7719666293453822	6.370227368475363	3.694298120237246	0.07530145409353692	89.08820642784846	0
10.366874878958251	58.52286251859057	22.88985020945864	0.34924151495864164	7.8711708780338965	2
19.269186162227633	60.123287197369926	8.01898347225649	0.3252878097749086	12.26325535837105	2
18.904533506450488	57.14400097727182	19.740747380901162	0.09800960476642803	4.112708530610111	2
5.17607943274045	41.15115117042629	40.245654030582614	0.2668842546306837	13.160231111619966	2
1.4336126778328573	28.18392089388752	66.84292723579364	0.22049763995193014	3.319041552534058	3
1.4369286431742254	25.836083709694346	69.24223744346588	0.22668037762440515	3.2580698260411345	3
1.838399770295215	22.83249279870486	73.60194075123138	0.22331394190215373	1.5038527378664022	3
0.6257191074310937	22.40098608611238	74.78899386234626	0.17257808431524993	2.0117228597950265	3
0.16848447461871024	9.617532174877852	89.12238157691004	0.10015098347114154	0.9914507901222623	3
0.8824964363081987	10.50545338326248	78.46402609147722	0.3381377406147875	9.809886348337317	3
0.3457319537419426	5.555133347080663	93.15991835581443	0.1792435746206889	0.7599727687422758	3
1.472364010621405	21.514911686954555	50.0513212889861	1.6761400863367408	25.285262927101193	3
0.6883338802613606	10.715475541555298	85.63559267157045	0.3955072758751792	2.565090630737697	3
1.463698557308951	11.231721064113714	82.71312433440204	0.8935538567084819	3.697902187466813	3
1.193476392753576	15.203456651392933	30.988286205546057	2.8591625464613446	49.7556182038461	0
0.2992928083143197	9.19158060859516	89.18723123599644	0.46158153588363854	0.8603138112104417	3
0.4876909422414591	12.454679182212002	82.66573203832162	0.6994062564672494	3.692491580757671	3
1.3899999136100665	14.496820024696802	79.76054209528837	0.44619072056981646	3.9064472458349577	3
0.20980434268182066	4.706601570035525	93.83192088386951	0.18327318230082193	1.068400021112335	3
0.44615618277310237	10.039736464990785	87.38413109328286	0.5025497842990307	1.627426474654223	3
0.12493698585492297	5.1516650939208635	91.97908659398017	0.08022783499436996	2.66408349124967	3
0.14294535729538918	4.572078377758818	93.96355917208737	0.07821991751323348	1.2431971753451776	3
0.41685316048259535	7.272581589207252	85.73333147699638	0.4738570191977186	6.103376754116067	3
0.3196534081249436	6.985102109700785	89.71136413783101	0.45542356235053005	2.5284567819927113	3
0.5820875554362257	8.894358488094161	85.2232194081822	0.25810787088289433	5.042226677404524	3
0.32909666847493363	7.667420997736764	89.83573400332608	0.11314938159492957	2.054598948867277	3
0.20337651475573906	11.792004633661353	83.20580871880671	0.12054213044687223	4.678268002329322	3
0.285435469549018	6.529653113171133	92.03117894715305	0.17306810800116937	0.9806643621256498	3
0.1916698292779503	6.215246101094765	92.76735605103953	0.06824637279015906	0.7574816457976158	3
0.5445498466346079	10.222622110458252	84.78458262424962	0.1481933025084861	4.300052116149028	3
0.09048808597841103	3.9344804306661367	95.28333943871301	0.12049839582099156	0.571193648821467	3
0.5266427196280792	7.710604858393319	88.55313245162624	0.18531480275507428	3.0243051675972836	3
0.1850120765043117	3.9757353545617935	95.14431074913352	0.039381084245501435	0.655560735554877	3
0.24515060848992504	8.54946310210431	89.00857432237042	0.0985058802812114	2.0983060867541385	3
0.25799051770784726	8.785958556559514	84.14664210108184	0.08254605636311292	6.726862768287692	3
0.8458223493926236	8.738996388641686	70.80682265901791	0.18144405555816215	19.42691454738962	3
0.6717620702020124	12.936095036601833	36.302749803716196	0.4890687832310879	49.600324306248865	0
0.2097400528171087	0.8761241974235386	1.9730902756340405	0.011349211533403767	96.92969626259192	0
8.29473027254115	56.75841902142238	32.03898636932969	0.3409560748493159	2.566908261857456	2
15.894711605631704	68.15252952984811	11.726715626751131	1.3149268227613986	2.9111164150076547	2
9.582642674522987	71.85538118090193	12.21989896111055	1.1350838645075547	5.206993318956978	2
1.0663900690214736	54.82746666555545	41.338276235626935	1.2458922784123017	1.5219747513838535	2
0.37394575546090447	64.77075655340064	33.127592029515704	0.7366474396758699	0.9910582219468791	2
2.1139088998685454	81.20032388938615	14.286402397908368	0.7942057058893879	1.605159106947554	2
1.4707915241006047	69.9355066321555	24.538925631908683	1.715791045526371	2.3389851663088423	2
0.8528417920450178	52.150257701013714	44.08297189763099	0.6910397606284614	2.222888848681796	2
0.5010832773761548	39.02075621883734	59.20728954483121	0.17254739593953972	1.0983235630157557	3
0.34202667822421245	32.894576512708	65.17040745292245	0.20447392164115435	1.388515434504178	3
0.3727805797981759	20.145452135129688	77.78031506299578	0.14044936014879084	1.561002861927548	3
0.20574014204830146	9.86263559853703	88.05677363080693	0.013369194404729935	1.8614814342030155	3
0.5270717621450564	14.73766858380214	81.96054005765421	0.01711819766089881	2.7576013987376933	3
0.05326049146970156	3.762908000447228	95.55505573509899	0.004905958235988988	0.623869814748077	3
0.516583123427054	12.788069585006204	83.6606629979769	0.012026607581190297	3.022657686008654	3
0.42885998326958225	7.4209229046034375	89.7740830085651	0.017203983282531272	2.3589301202793673	3
0.23290567212632451	5.404387548093909	92.82860033854111	0.013806692993400115	1.5202997482452518	3
0.34867440352762263	5.1656230403487555	92.83260457205171	0.014066530208941972	1.6390314538629491	3
0.19899517899116267	3.4964327467692375	95.67920197078391	0.007876843265209373	0.6174932601904842	3
0.22234306388374245	4.777508514783441	93.96400540737788	0.024634585329607894	1.0115084286253284	3
0.15841420501866085	4.487348973330072	94.24036656427577	0.010477070538383973	1.103393186837107	3
0.39151614147836455	4.105105025279987	94.97797949211599	0.024424174203901597	0.5009751669217534	3
0.1448766112770878	4.954322325675548	94.47278505306649	0.016439755005622635	0.41157625497526673	3
0.23297650073267603	10.219695997111389	87.22192341166662	0.024223328166906376	2.3011807623223963	3
0.10221653054176456	3.1012654431688316	94.76188046445513	0.013011854230916739	2.0216257076033592	3
0.07145393905640904	1.8643688508544338	97.49603362261789	0.006144840019107358	0.5619987474521643	3
0.36759002238177824	2.948597713290503	95.58357727804628	0.020786754335278147	1.0794482319461667	3
0.04297899510175621	1.720238251966882	97.22983304494606	0.008277723140432383	0.9986719848448637	3
0.22864896689328	7.462566844975986	90.09702934093241	0.024037452469626075	2.1877173947287045	3
0.021648902635158063	0.8203503714345491	99.01516321908291	0.0031434099998597282	0.13969409684750747	3
0.08394894715610006	2.4738965760987974	96.7738077598115	0.055342630963699964	0.6130040859698969	3
0.11985938945284197	2.621366204472403	97.07541422363438	0.0488472042912054	0.13451297814917515	3
0.07078409783379697	1.5124152172226317	97.8676383911082	0.016418927858781195	0.5327433659765826	3
0.07518936523014293	3.8568591492075246	94.41980685758384	0.038579731735507564	1.6095648962429754	3
0.7781694408201032	16.711475122218985	67.70323766097856	0.11761248048211878	14.689505295500224	3
1.9422537354158997	10.843572098714949	25.661314369931887	0.33931203363203427	61.21354776230522	0
10.651742053376339	22.774584350116008	10.012423544694462	1.0303498177008803	55.5309002341123	0
6.848985406128495	21.759192594833046	6.575126020507291	0.5852976436901359	64.23139833484102	0
18.894076396931155	20.356571403241425	4.238522086925792	1.13790762920314	55.37292248369848	0
12.931533789855163	18.984963823975576	4.951231418930655	1.2557924754649497	61.87647849177367	0
8.967742066144819	7.828895040790301	1.9435604345862334	1.0244683285022744	80.23533412997638	0
6.209631432785552	5.861871438703363	0.9992491582227634	1.0528240607891355	85.87642390949918	0
10.729106373436377	8.836565799055055	3.7124255876222096	1.8358190670482406	74.88608317283811	0
8.78532103812207	7.398923836213498	1.9570385942998154	0.5815573194773558	81.27715921188725	0
19.838135018387216	10.591228395651736	5.436957554006243	0.9655568669486624	63.168122165006146	0
6.284717174722903	9.886353362240962	5.900173758281665	0.822945149570733	77.10581055518372	0
32.2983759265744	18.17124251041795	22.028554198654657	2.686216085103655	24.81561127924933	1
9.871835432937793	73.59358560162899	6.648174707681075	3.3123327034391408	6.574071554313019	2
15.859929052571687	61.583116158401616	1.0465074420846274	17.661464775237796	3.848982571704266	2
2.037668488228674	29.790741574146328	0.36210875376909707	65.8952561863946	1.9142249974613075	4
2.4045144119691595	8.295149761864112	0.0335534955619777	88.28176127799834	0.9850210526064069	4
9.60009000349293	14.147552445984735	0.04911235022076826	73.53395785646762	2.669287343833943	4
18.380232046548844	19.083377365634693	0.0657881904068832	58.54851947429728	3.922082923112302	4
13.268922678204845	14.521994572182253	0.06468435054924718	69.2498031123075	2.894595286756148	4
12.391442507224772	4.9839556473308955	0.031180776715919276	81.48850924431218	1.1049118244162437	4
17.026339956675283	14.903269632418379	0.017558249666814716	66.24915977923115	1.803672382008386	4
2.276078883761003	6.315699246543824	0.20771748285542532	89.66860472828331	1.5318996585564402	4
3.0385322058315047	13.0100325760771	0.032139489743975944	81.56055019345251	2.3587455348949096	4
9.831321063599901	11.792525595388067	0.01107650717793369	74.61626119604766	3.7488156377864263	4
5.292220467151596	22.1720664082802	0.08354126253282024	70.00645763800384	2.4457142240315544	4
15.096928405228581	26.108811088337635	0.03436970830197941	56.814785755242525	1.945105042889268	4
10.385940766406101	17.38967918164159	0.03510260356546074	70.89747792835954	1.291799520027294	4
1.5025216121097862	2.1387709138152333	0.01662728266550154	3.3474211129852356	92.99465907842425	0
28.672485025623523	9.49284322992443	0.0657151211234601	57.99883727754077	3.7701193457878244	4
11.23081977201097	12.149167098118637	0.06888851786746782	73.26026112379516	3.2908634882077603	4
3.067067080209626	4.056209470150879	0.09853545690714696	89.31616378682843	3.4620242059039157	4
0.22831944393141396	0.44797551454666157	0.04322089135611794	98.61811410459872	0.6623700455670876	4
0.12866774677227627	0.1822477737159335	0.01999284267632218	98.85737202276617	0.8117196140692836	4
0.4351041632385033	0.5734993215491861	0.0491299994312788	98.46524611875793	0.4770203970231003	4
0.9974091181726282	0.5655436132369869	0.007639102101588506	97.2705540652171	1.1588541012716855	4
3.006711021638944	0.5531604941644752	0.0037891814811609912	95.7013702537015	0.7349690490139205	4
4.138066598098162	3.59471368382324	0.002734918430557791	91.64298937697455	0.621495422673462	4
2.228565567258182	5.425639855731123	0.050073799993400864	88.51739095287509	3.7783298241422076	4
3.147524691113061	6.175609848784495	0.03900823515401672	88.64045241618192	1.9974048087665093	4
7.367553174928141	3.066883655061469	0.027919914148599827	86.55764667760847	2.9799965782533278	4
7.612688748959084	4.287788830859411	0.06667106474659311	82.04105736444924	5.9917939909856734	4
38.3810210868707	2.292250088273044	0.003023179506189368	55.68082984381591	3.6428758015341587	4
24.48303800450516	2.498224889376961	0.003161306154708611	71.66836499985226	1.3472108001108998	4
11.250070021077677	7.963029902590861	0.01244491653947326	78.9762693857223	1.7981857740696927	4
12.95900121480427	4.647995944934912	0.00860004262796471	79.66127398699605	2.7231288106368097	4
4.3502183850677465	4.778459284675536	0.04698732914133783	84.35723210375437	6.467102897361018	4
10.107137949704066	6.358700493057758	0.004337383573640779	80.67827874261748	2.8515454310470445	4
3.7711776158606423	3.469911523074113	0.00780450995207852	90.4308199474991	2.3202864036140776	4
10.02843047041889	7.1033730011073315	0.0055476243536086815	79.53928763763398	3.3233612664862107	4
14.632556977401274	11.219900375945615	0.002496678641233873	72.45949946804055	1.6855464999713303	4
11.849641388000954	18.477484842233448	0.00644408334197801	67.77099499391804	1.895434692505598	4
11.41341797601989	32.27022882477886	0.01841771632181158	55.346922527753975	0.9510129551254687	4
10.08851904473342	18.309534189416933	0.027024054338111555	70.04576746408414	1.5291552474274122	4
12.018075069006946	54.936693458319965	0.021906205893634637	30.874797294095764	2.14852797268369	2
12.625104364845164	32.18345015310802	0.022242857518710916	52.682194362243294	2.487008262284807	4
15.476589598944551	12.890132302564913	0.021305075595487243	20.690120295005485	50.92185272788956	0
41.989845555504196	12.77788490139493	0.02112332000142318	38.780171456499815	6.430974766599637	1
49.79592229150117	18.30167765770212	0.02573152019274408	28.466575742745675	3.4100927878582863	1
6.2096743148457	85.82081597420438	0.026155067056254123	6.801144243577852	1.1422104003158036	2
8.767342571393453	80.17562024506705	0.03707689831148631	9.9292305056146	1.0907297796134154	2
0.5421233300143349	98.48381593985792	0.01336073458007093	0.8308484252239123	0.12985157032375857	2
1.1380576650944179	96.03105987658175	0.0175386514904108	2.4808802580663043	0.3324635487671057	2
0.2162815083959031	98.95995208730355	0.08611022791560102	0.5901163479214927	0.14753982846346297	2
0.4144835236758051	98.15092641626651	0.05811653581915899	1.121514015082844	0.2549595091556865	2
0.5260524548108455	96.74763658941187	0.0205418631855008	1.8712005115783932	0.8345685810133991	2
0.8081755194578645	95.51108740409828	0.0439792090867198	2.994955652748075	0.64180221460907	2
0.08930120558410888	7.565929327041538	0.001782343759443685	92.29980289142765	0.04318423218726012	4
0.1161387783028361	7.325186471485225	0.0011234786175879604	92.52145859452668	0.03609267706765873	4
0.11684241330821811	14.305164996388331	0.010725135836518001	85.51140266342972	0.05586479103721697	4
0.21201644815929463	14.189347097898114	0.026984174887308	85.51026719442018	0.061385084635095025	4
0.17807609278564387	23.651447088550928	0.010398294232929636	76.09946041599882	0.06061810843167914	4
0.07244855332467322	7.816201664005392	0.06970211045095767	92.00365460288407	0.037993069334906156	4
0.10023940808051217	10.487363594535204	0.01335324645747727	89.35443061682778	0.04461313409902507	4
0.08080984155300645	3.6114341795084757	0.013422209857351056	96.27455582166101	0.01977794742014622	4
0.979017272221902	95.99548095924992	0.1302818820769346	2.4445106473825513	0.45070923906869254	2
0.7839977430337354	97.13791006892514	0.16028946402114988	1.5199040705755533	0.397898653444446	2
10.403300666815502	77.58998214392233	0.20368690236501233	1.472927214022018	10.330103072875154	2
5.142142075239276	4.879769045306997	0.010023187993975717	0.5808191683035807	89.38724652315618	0
60.57341363186583	28.776224406202587	0.03795127385829873	5.123095051236367	5.489315636836914	1
28.406012458284568	54.8307082322921	0.5474262997916376	4.45473502927317	11.761117980358527	2
42.03869406512735	46.065966933498444	0.15642607569408656	9.904546474645624	1.8343664510344957	2
3.5300211920547913	79.2291364077408	0.5695172139002175	15.313501353344286	1.3578238329598993	2
5.527855330732074	71.45986598874148	0.38539471262146513	17.62910849205466	4.997775475850319	2
6.536231879130863	61.793231180479616	0.6183290654314124	26.384253838154216	4.667954036803891	2
10.885578197010128	45.150609416390985	0.9933305680519372	38.35106274757811	4.61941907096884	2
7.142740873622346	55.67180780342965	1.2264606224708974	33.5719732216086	2.387017478868491	2
8.671982403441596	37.75220232636825	0.9059676266801363	48.74261596698191	3.927231676528132	4
13.91569159624711	50.12795975161431	1.2207143001207748	24.98337445766495	9.752259894352846	2
12.080099424119545	58.09024126317307	2.405893156862146	17.13756281242251	10.286203343422734	2
12.378905185756455	56.79549022792442	0.7694419221815905	18.82977235010198	11.226390314035573	2
17.08378111593545	65.87261797998907	1.9556115250621053	12.176615746817808	2.9113736321955583	2
9.655012604507315	72.78306845865129	1.5152837655779265	10.443244325938556	5.603390845324906	2
7.155139008974704	78.13325664540481	1.51038393309543	9.571139749990252	3.6300806625347883	2
9.440951323532653	75.0920823433726	4.284304697502024	7.7593576747472275	3.4233039608455162	2
13.833817064532791	61.07960485119368	5.029260503637943	13.632937325492936	6.424380255142645	2
6.714130518827519	77.75072342250259	2.660911643412192	9.394180785098511	3.4800536301591816	2
8.391533231563237	68.98326483668707	2.823170404074282	12.483795215789037	7.31823631188638	2
11.737174590845424	68.37523377860278	7.314639759235525	8.110069457482608	4.462882413833665	2
3.0321198801260723	2.9038848822672465	0.14164587861569472	0.3342339758303991	93.58811538316057	0
15.959955705446315	76.01564294672554	1.9260967299290308	0.8214338216934746	5.2768707962056425	2
27.913468116797635	66.42934217862036	0.47468514305994414	1.0889873308720301	4.0935172306500105	2
8.46150965321827	85.19643729193847	0.775465075218545	0.5376016256211561	5.0289863540035435	2
8.455766066245067	85.1074202328865	2.1517016808709446	1.255265599138421	3.029846420859042	2
5.522030483496372	88.54765130111458	3.039063915718261	0.6743142642491962	2.2169400354215862	2
18.670477554587666	73.82384922158745	2.14266860733978	0.6256269077593106	4.737377708725772	2
9.324532028694692	74.63019696884372	11.501802419023345	0.36255842359254914	4.180910159845702	2
2.915942378735006	84.14527609562374	11.24924371695318	0.19625420304318716	1.4932836056448902	2
9.897642631478742	79.70412072055655	7.460723461641268	0.1015511420503952	2.835962044273051	2
2.430056163522729	89.05593095429414	5.9067065295241985	0.15246570743914742	2.454840645219786	2
7.049250828090142	74.33023641922348	6.174000638169508	0.1433869079578001	12.303125206559058	2
3.9733555084702914	54.159200885272654	25.521562135152802	0.09573910028341821	16.250142370820846	2
16.310168845649947	59.75275434675099	9.716463379090747	0.07129464224254985	14.149318786265757	2
9.156574452340775	58.89713328865261	18.34360320627103	0.07456707149568614	13.528121981239885	2
3.6620989177102397	71.75940654524832	16.72572893836284	0.04201126642701593	7.810754332251568	2
2.438014956682659	76.58260805155022	17.367054451571303	0.07846947996726021	3.5338530602285556	2
3.4322699151638387	56.934203839764365	37.1636705719644	0.0779513288740505	2.3919043442333288	2
3.1331661150628354	65.76370167748529	24.924402796372632	0.04794854643411093	6.130780864645144	2
5.2568816320424245	47.746690878301145	32.978682600954635	0.10219472621744641	13.915550162484344	2
5.1189511186174705	39.74048749490802	46.6025997738351	0.06903613868387455	8.468925473955535	3
5.10451128886693	46.94337415974433	39.52458181281048	0.04252782424324583	8.385004914335006	2
5.508827626501238	48.50170054003159	43.41164851362715	0.07317344724021921	2.5046498725997965	2
2.2561281079466355	52.55162284972835	39.44201167361284	0.027615975237924934	5.722621393474238	2
3.2225581911909904	36.36901316495382	54.08500717670195	0.03567273763186595	6.287748729521368	3
1.1351817951661936	33.87483496363373	61.02690024764963	0.02967415283653492	3.9334088407139105	3
2.8330201262470083	47.11024831639076	44.188827914000775	0.022225593197101025	5.845678050164372	2
