N1	N2	N3	R	W	anotacion
0.23969819093658373	0.2511881608282382	0.02325453944633821	0.00897341900420946	99.47688568978464	0
0.2657408351787702	0.5398264764783661	0.017305757953170377	0.018589207062166737	99.15853772332753	0
0.17319552966707738	0.23056082386171936	0.006306817449713794	0.010366269861397725	99.57957055916009	0
0.05241089982810893	0.1535066365258733	0.02895830086471879	0.0023087796266535675	99.76281538315463	0
0.13047396318116064	0.06683117017437475	0.02159266937700858	0.0030058206493525823	99.77809637661811	0
0.27388354599783216	0.3171168958023261	0.03311445214522811	0.010519648299477675	99.36536545775515	0
0.8535329657806875	1.0796219294211973	0.027963087045747775	0.02528447751636935	98.01359754023599	0
0.29222466197690855	0.5276563781269099	0.0810476979147266	0.012937242347197083	99.08613401963426	0
0.5098114042295729	0.31460412963769774	0.07049826928228897	0.024081013380062556	99.08100518347038	0
0.49194475674224786	1.0299566871219892	0.08686399606918026	0.017472118583504566	98.37376244148307	0
0.6442087988023562	1.6238232852644707	0.12646253778075986	0.0343710284285246	97.57113434972389	0
0.10588161646826076	0.16321453909049843	0.08333163940167897	0.0028733429059171487	99.64469886213365	0
0.02448225287094003	0.07156190541797727	0.026858611123778887	0.0005646366895643982	99.87653259389774	0
0.08345783418224624	0.20646764303808565	0.10027378492956966	0.0039278572494362	99.60587288060066	0
0.020099849808278128	0.03777196618205731	0.008361076204254084	0.00015016495360785316	99.93361694285181	0
0.42554842353425637	0.3487242643723536	0.020460587238229064	0.0016539749454838072	99.20361274990968	0
2.156143137599622	1.3595345715157758	0.027077866067706114	0.010394683590561308	96.44684974122633	0
4.009015122682942	0.8750841067664852	0.011882799166975046	0.013384731230680635	95.09063324015293	0
0.6647340726438637	3.1602611979476634	0.02926891823802203	0.03481570431819301	96.11092010685225	0
0.38440449824017253	1.509948799218524	0.020005034388289517	0.022999092462019918	98.06264257569099	0
1.8843197419058662	2.6477400221762504	0.020560102566297526	0.08309833182977955	95.3642818015218	0
2.4856955963139185	7.319920907136194	0.04721744760213682	0.09042137296257222	90.05674467598517	0
1.3922790877724474	4.028646984803478	0.03546206295742554	0.05065363991044109	94.49295822455622	0
0.07773418685584287	0.20486942660574375	0.02560816095931652	0.003101278017870937	99.68868694756122	0
0.087885533887163	0.28412153701268095	0.06846645308097578	0.0022332656134209966	99.55729321040577	0
1.5205016039117718	1.2276427636270362	0.011280658897593639	0.025103186038072014	97.21547178752552	0
2.4105729714666695	4.183926678603055	0.024298730022897525	0.06287228187709007	93.31832933803028	0
4.280754598090236	4.345549802200738	0.016787734528415577	0.15982865728337456	91.19707920789725	0
0.8179014605880219	2.6466025633898145	0.02243289928661347	0.14529944592874425	96.3677636308068	0
0.9692210382581945	4.08389703008548	0.030732992832349707	0.23462528020842077	94.68152365861555	0
3.3928147049342305	2.776249747909157	0.04489765719658223	0.17899159639162557	93.6070462935684	0
2.1871992587768054	2.039641754592981	0.03379451540400763	0.17249784039975294	95.56686663082645	0
2.7657334876448716	1.871688820669756	0.011876794842762948	0.31869592016961856	95.032004976673	0
1.5259525884823677	1.9310260064372677	0.02931385445955672	0.12501561776173256	96.38869193285909	0
0.8375288269138563	2.374481296223221	0.008782503718301849	0.09306837716253914	96.68613899598209	0
0.33112965403555417	1.1618140127936512	0.010709133771473166	0.043195965899699644	98.45315123349964	0
1.1410050887970598	3.0969625581463918	0.00955383401999832	0.16611459000013246	95.58636392903642	0
0.8832341231680687	0.5333416915403609	0.007881644217747383	0.09335831870194278	98.48218422237188	0
0.4624645965960567	1.722174331677777	0.025346642237167656	0.023355472819422723	97.76665895666956	0
2.172603370636958	2.9879832253242844	0.010143368036394984	0.27586408632713133	94.55340594967524	0
0.7350760422501024	1.5442504360117781	0.006239514981159998	0.09559869819745843	97.6188353085595	0
1.2630829285241463	2.171733570795643	0.015086944108920456	0.04882350198030556	96.50127305459098	0
2.785461855648017	3.2088756245136447	0.02233038369631333	0.5837969212700147	93.39953521487202	0
4.575396905330343	2.128707675383718	0.02175846629693556	0.8846523713446981	92.38948458164431	0
1.4675675559849355	1.4469153352317794	0.01631557473718902	0.2297479209078108	96.83945361313829	0
0.7175968696806845	0.2609886152406804	0.006127000145439128	0.1967349420130729	98.81855257292011	0
1.3345677676603869	0.14143294279933646	0.00331063694340435	0.18304756100576478	98.33764109159111	0
3.6557795642942676	1.1623658429752741	0.011454520139812421	0.5474247488758516	94.62297532371478	0
4.34361052269603	1.3404997081628744	0.01941259629053373	1.6604522046248653	92.63602496822571	0
9.598134208252265	1.2898206498411822	0.019905370087245997	1.1229219057964324	87.96921786602287	0
2.245080218675012	1.7846385065084662	0.016600645729581233	0.39788409012613685	95.5557965389608	0
4.784101421084014	1.1205525471579274	0.008648305562815725	1.1000950566033372	92.9866026695919	0
0.31482903463188655	0.6714133587439371	0.03791504698171905	0.07604794436223498	98.89979461528023	0
2.106877868050183	1.3080291556251658	0.03672173589171301	0.18848702781086174	96.35988421262208	0
10.382904206743401	10.186128221585983	0.047114882506211674	1.525563859478762	77.85828882968563	0
5.971141246758606	6.515037692572831	0.03525926079661837	1.081485870814859	86.39707592905708	0
2.3911397953096385	1.5250538298996146	0.0030995448332498347	0.6377576093688206	95.44294922058867	0
17.90459902246356	5.266435331298165	0.008479099481453195	1.3780035461836622	75.44248300057316	0
21.756296582234956	7.305085542633003	0.005507637978930559	5.475131361236795	65.45797887591633	0
20.5649990606898	6.6907042438318225	0.005488678064334863	3.46438410702215	69.27442391039189	0
30.332477546435832	8.195552754495965	0.012771671737923866	18.798037239876038	42.66116078745424	0
18.87524779424854	5.513036196898366	0.004390421147539793	6.359670443451396	69.24765514425415	0
12.940376723555886	18.201469741790348	0.01222157550583319	7.917927582778591	60.92800437636935	0
18.879625050220035	10.242608606261717	0.008870180943419622	2.597876978539515	68.27101918403531	0
18.78054504682358	6.027759418598625	0.0024970589664245015	3.79485886253153	71.39433961307982	0
20.89405630817156	4.337266419322252	0.00185986033429614	1.123379175719738	73.64343823645216	0
27.803026902377148	7.759892839147474	0.003978297583068542	1.8116102199014532	62.621491740990855	0
14.623351099205198	5.420006591124588	0.007650299568924777	0.31929508236925813	79.62969692773203	0
20.199853863714793	15.670003949559682	0.013847539744721016	0.6831857068839859	63.433108940096815	0
30.863197717810497	11.098312629823019	0.007099350788033432	0.6788852852997995	57.352505016278656	0
40.8563593944013	12.38505877779767	0.00684531892791037	0.3729584635096875	46.37877804536342	0
10.181799211858864	15.611985053339236	0.009344271424181075	0.5210716098996273	73.6757998534781	0
16.552105693793337	20.9939165773562	0.007559119950231669	0.4868574978172983	61.95956111108293	0
34.039611823808904	8.974326534929165	0.0038737722671847953	0.8124856684415621	56.16970220055318	0
13.015910503875466	9.270192666247453	0.004854822387972012	0.4807966308555867	77.22824537663354	0
16.445524756033947	16.123638436238423	0.007383195746729646	1.2963572128822527	66.12709639909865	0
14.53620567249175	3.520093823702391	0.0011001010889059347	1.4195256607374285	80.52307474197951	0
30.636093275195066	8.938257619587496	0.003916950769141415	1.9482383229344764	58.47349383151382	0
2.5743257631288854	4.507075079473264	0.005495654324836794	0.7378140833583697	92.17528941971464	0
19.042673467947242	5.7846400368324495	0.003982981839576032	1.0957782057613716	74.07292530761936	0
15.954159180412017	7.683284256797668	0.004480703827031943	0.7087858009873044	75.64929005797597	0
15.942349647693252	3.7054954420335893	0.0018427963557451949	1.2287502585177819	79.12156185539963	0
11.550261237491373	12.52917264172102	0.007979345061791262	2.4063060406382393	73.50628073508757	0
14.073914930114931	7.906822079792663	0.005210352948647312	3.9352992427462006	74.07875339439755	0
3.5011751824240376	7.300571878935791	0.008154640636699463	4.383423708083346	84.80667458992012	0
8.940264270056336	9.722707288291968	0.01139748408845356	8.768062738658976	72.55756821890425	0
9.33563414433946	2.7286493222595567	0.0005348269794274049	9.696417443666885	78.23876426275466	0
16.505114793550472	5.156004160850219	0.0009259171448430241	9.240885576304812	69.09706955214965	0
14.105715733939503	4.838119050122204	0.0018877623094779989	0.9647144559827983	80.08956299764601	0
6.973733205195664	8.285456221098395	0.01698701418017662	0.32441572323348056	84.39940783629227	0
7.41709272659399	5.481839900589802	0.010318836458455017	0.5309452654035546	86.55980327095419	0
6.52622599885712	4.118495881561849	0.005177846167819678	0.6549212455437572	88.69517902786946	0
1.7155992313114758	1.7861992520113783	0.01180815533385393	0.13410800063696196	96.35228536070633	0
0.031638689868414345	0.05925943714386246	0.01755500545128464	0.0031484994494083147	99.88839836808702	0
0.2247028684864919	0.19493442431540062	0.01558282945889794	0.008411208119657287	99.55636866961956	0
0.4686265093654806	0.4539176722054342	0.007985357582038936	0.010774592058436158	99.0586958687886	0
0.2643999172784286	0.3047935875065577	0.012016677323681101	0.0069524563115848734	99.41183736157974	0
0.8174145797162427	0.622218271585128	0.00946123433385676	0.014203911807998468	98.53670200255678	0
0.8167014182269101	1.0027252229242178	0.021092476779045723	0.01004445212334265	98.14943642994648	0
1.561116903952414	1.9183460364834193	0.016805827551431306	0.013603712977592547	96.49012751903514	0
4.948917070645757	12.33141112628991	0.04462746982674565	0.12923476858903174	82.54580956464856	0
8.501634439363157	8.578440475978146	0.05107269086639091	0.17147803371652232	82.6973743600758	0
2.978790804507513	19.147330877651	0.2795279895091918	0.12490387287312996	77.46944645545916	0
2.992019362749146	8.137259026395496	0.0965043150396279	0.0962472124932939	88.67797008332244	0
3.1359893129831575	11.493469115834046	0.3871356292080621	0.10049117060523967	84.8829147713695	0
1.009043199924365	4.593444889606206	0.10358098778923064	0.10056772725432912	94.19336319542586	0
0.9803694369567888	3.3417417533534297	0.09999444599416968	0.3128448742750373	95.26504948942056	0
1.8992959301630858	2.980473554202997	0.07834656727037301	0.2462043660113131	94.79567958235222	0
4.720443217305591	3.5883773449588525	0.060682993544059934	0.26949126058622497	91.36100518360527	0
2.25035539526322	4.670150481103506	0.19600395107562513	0.24459959955881624	92.63889057299882	0
3.0729192572722037	4.162963322720035	0.3075152468855822	0.7404522973211924	91.716149875801	0
2.837507041609776	4.016953476452388	0.29194155764997554	0.46008291998058237	92.39351500430728	0
1.8640826929913459	2.455982148737198	0.19356996805890692	0.143474059420711	95.34289113079184	0
2.514368078334996	3.1734280242432154	0.15561911024122077	0.1379668119363417	94.01861797524424	0
2.984088722352959	2.379758155516507	0.15304044260261826	0.10386936595578652	94.37924331357212	0
1.0467555931568882	2.1278472691068715	0.11058916988131626	0.07488076714952872	96.63992720070539	0
3.1158464920527518	2.7912563037742246	0.14352439181800322	0.14551467854136046	93.80385813381366	0
1.026865975337127	0.7240150773117748	0.12976134862108607	0.039032489444842715	98.08032510928517	0
6.849542366331013	3.909045768923695	0.3009993330431184	0.06361796144390613	88.87679457025827	0
2.4206411537829626	1.7132016517384923	0.2508685378526789	0.03986497437807513	95.5754236822478	0
1.5457213744877751	1.4878822965440373	0.11711302472156898	0.12609070899464442	96.72319259525197	0
2.6838697195603225	2.5543625398286105	0.17919052098673438	0.15171313402256406	94.43086408560177	0
3.7738890200876294	4.484723320851031	0.17546867367274666	0.16676565284014674	91.39915333254845	0
3.7142234307553936	4.13577675925825	0.21868272222383625	0.3123288564444158	91.6189882313181	0
2.439926712605308	5.14272926700547	0.1227084109011961	0.1412582891539892	92.15337732033403	0
2.4828781306542083	3.61755950471851	0.078418591297627	0.17441146085639953	93.64673231247325	0
1.569575330690833	2.9287242794446335	0.04342905329863435	0.1231806560822619	95.33509068048365	0
1.640246486867078	7.9090309806865475	0.10182398679179758	0.16832558624254584	90.18057295941203	0
1.2808915740840194	1.6270992523895549	0.014184962035007631	0.06095886635597855	97.01686534513544	0
0.5307500293572806	0.77944460629091	0.04013408365019861	0.06084610539270123	98.5888251753089	0
1.1735115055689396	0.6087995862467531	0.013836488850765811	0.053936608606438945	98.14991581072711	0
0.9382418817295621	0.800809446026349	0.016640282113240663	0.03836416645038419	98.20594422368046	0
1.0502102795929484	0.8623699107105677	0.022243746201978044	0.07528434162632644	97.98989172186819	0
4.450611833866945	2.8772178684691405	0.035890079037995654	0.1473021582651833	92.48897806036072	0
3.3076629138997724	1.5097966365366675	0.027200615125730045	0.08695505652480424	95.06838477791302	0
0.06923155705983247	0.10043117659084078	0.04281405310507794	0.012220147693826297	99.77530306555042	0
0.07101640172372632	0.05869403735671097	0.12479511654564844	0.004828819826425009	99.74066562454747	0
0.2057848530155853	0.5199303273144497	0.09662756960959397	0.004707049133431223	99.17295020092695	0
0.4084768425100792	1.1069618589212933	0.06727202111850233	0.006245733158943349	98.41104354429118	0
1.4045224342856548	3.9655972116159353	0.42259712881568806	0.024855994987363426	94.18242723029535	0
0.5716670857339796	3.5847369305127086	0.32529741542802765	0.022615139142527975	95.49568342918275	0
0.04808091156425511	0.30260234603420005	0.14630632942112556	0.006884179281593691	99.49612623369882	0
0.22483946266218385	1.0871402168965942	0.09464498520127312	0.020650181101596533	98.57272515413835	0
0.3067816757504662	0.6917744405622082	0.03665623841377611	0.015333565161638927	98.94945408011192	0
0.4786828283795292	0.9662399014760413	0.02777090086092126	0.026123697343315464	98.50118267194019	0
0.37712763268645333	0.6249610999602819	0.05723942528104903	0.08714155924610277	98.85353028282611	0
0.5396596049621637	0.8761557622127101	0.04031672894264469	0.08922802972311057	98.45463987415937	0
1.5645696546078904	3.6783356506219556	0.11888110693135108	0.2688322245943866	94.36938136324441	0
0.08894833928099606	0.3528339266143609	0.03496674922009526	0.021611896423232368	99.50163908846133	0
2.308933751583908	4.06522142915288	0.08580309208178426	0.24472147311857723	93.29532025406286	0
0.5143512784131663	0.8656588938024703	0.06325588196797902	0.12228074765318878	98.4344531981632	0
1.2473930249716152	1.9792058954196858	0.10048098167908712	0.33766283421771615	96.3352572637119	0
1.7763365574331507	0.9291062956905929	0.05428880304745895	0.4276146656016112	96.81265367822718	0
1.5456575901396006	1.7421874983024708	0.07386324575346861	0.262333494176259	96.37595817162821	0
1.229096799163797	1.0614023774292878	0.042597118660552546	0.2973612908869215	97.36954241385943	0
0.48654090232555264	0.6132304840168155	0.0450724533431024	0.11899353234516181	98.73616262796936	0
3.8943030168889865	1.2149903568723917	0.025179990313126527	0.2110995118535135	94.65442712407199	0
0.6701066466742527	0.6393912240394714	0.03810607034465891	0.11490032929876955	98.53749572964286	0
0.5485585857542142	0.585558969826256	0.07391303754277391	0.012551464468774282	98.77941794240799	0
0.43763203487439145	0.41647379863977	0.05283662373026723	0.009969781308016186	99.08308776144756	0
3.4400054899105235	1.0031644040889887	0.02247029978546168	0.032886503172459836	95.50147330304256	0
0.5926054712326875	0.2934970240676635	0.03486781689278407	0.011488780238140081	99.06754090756871	0
1.4719728515820394	1.8160350435535728	0.29519547059479206	0.0218987205009288	96.39489791376866	0
0.8090809816557533	1.9890822692986296	0.08884397378449807	0.034879080230936395	97.07811369503018	0
0.5441356357975088	2.334027398717901	0.46145220595592223	0.019670544726241395	96.64071421480241	0
1.3302940854102054	2.482628294679973	0.11247297214013872	0.04176436858288053	96.03284027918681	0
1.3593990542408154	5.29612008612133	0.1115143553679617	0.05054586945134405	93.18242063481854	0
0.7000421097912035	4.875645338936926	0.08776223862789151	0.04082059713486993	94.29572971550911	0
0.7581555042521108	3.3054320596687377	0.06976988934089123	0.03382158460522119	95.83282096213304	0
0.2803870036631792	1.3784608365773532	0.08667978618900307	0.012493099503490299	98.24197927406698	0
0.5903637659265114	2.1168486658630226	0.061126954560440185	0.026895852138720994	97.2047647615113	0
0.47811035017492554	2.093361568974797	0.24990111330445422	0.04141919730378704	97.13720777024203	0
0.4522267366868652	0.7105760254832554	0.0957638951737707	0.029894080460766227	98.71153926219533	0
0.09283957324020653	0.4203973390830479	0.10567180440011836	0.00938274908742688	99.37170853418918	0
0.19441163436035577	0.6415106325692492	0.03977783454942038	0.02504620952118949	99.0992536889998	0
0.1682426100415113	0.27757526004570465	0.09053080198263137	0.026727774247051438	99.43692355368312	0
0.2139520170162437	0.2827260022273682	0.09918035219404796	0.041298265488697465	99.36284336307362	0
1.0028778523974011	1.2338851147803653	0.16412067246854267	0.10468133349819077	97.4944350268555	0
0.08023681948231214	0.07955743592276107	0.030015219271537722	0.006385672311912246	99.80380485301148	0
0.1762498296580034	0.17432598776802258	0.054435208943268025	0.006560462950057599	99.58842851068064	0
0.30591694596220326	0.20537440543535765	0.07106980051729503	0.012096197452897615	99.40554265063224	0
0.18437264036398926	0.9731859737295993	0.10825127339553747	0.005224304540283011	98.7289658079706	0
0.9830767668881768	2.288779403594519	0.14454567883444613	0.008674861842436817	96.57492328884044	0
0.964149087285142	1.176254839407147	0.09076555502215358	0.008047639361142158	97.7607828789244	0
0.2683891857989137	0.634381900785664	0.03304982628845515	0.007035221408877662	99.05714386571809	0
0.5591199219058047	2.8872539123415786	0.16684046906453479	0.01658885024263303	96.37019684644544	0
3.028555776945731	5.448458711374825	0.11096782387495907	0.12365534790190041	91.28836233990258	0
0.6058543084907262	0.2287659609244613	0.005972769555182335	0.012293813942047916	99.14711314708757	0
0.971913102553642	1.7457226084728157	0.03619413084385344	0.07885062334724964	97.16731953478245	0
1.1563097885735574	0.30847995886199986	0.002338352239321453	0.0687033196503677	98.46416858067477	0
2.0409613421120008	0.9024287753802257	0.0027563753216010775	0.059846203697003976	96.99400730348917	0
1.0627596171175777	0.1812052639839811	0.0008045519448111708	0.046325923242470375	98.70890464371116	0
1.3176839205236073	0.16205199704593065	0.00028143318857574436	0.04209233670642634	98.47789031253546	0
27.459813497586172	1.502541321203078	0.002648603990468397	0.6722483577832661	70.36274821943701	0
9.925171239051089	1.621125483611165	0.0034545784514618473	0.313217214576923	88.13703148430936	0
1.1612178405609344	0.4365494123369053	0.008948509188147475	0.12979418000760645	98.26349005790641	0
3.19500295439642	1.9558868757623484	0.03688063031584814	0.1456179925772802	94.6666115469481	0
7.0561157237197305	6.309272462008604	0.12919714324983317	0.3176840201746683	86.18773065084716	0
2.237396171623671	5.44132580234907	0.3063258230458742	0.11558451824382701	91.89936768473756	0
4.1054749641808845	4.258451247712296	0.22245327640742257	0.22079353934884952	91.19282697235055	0
0.2558373143113333	0.7517246517010271	0.16330728264825006	0.025796735136939246	98.80333401620246	0
0.17282583539011187	0.2606672228567986	0.009385016821086417	0.008379401387770897	99.54874252354425	0
0.97357551722973	0.5251335896484178	0.00886344419823311	0.01953441130888466	98.47289303761472	0
0.7626246318292772	0.1257619652672296	0.002039796342726882	0.035187524695872566	99.07438608186489	0
0.6182513746170228	0.14945229407953034	0.00021816164887993183	0.14573636726926334	99.0863418023853	0
1.8994220664042063	0.32870893367913345	0.00041106599962113766	0.3931659150465007	97.37829201887055	0
9.20505042505399	0.48236473444453165	0.00037908580973289514	1.2662587547565047	89.04594699993524	0
0.7498794783133446	0.0809480375473368	5.5164012942071665e-05	0.1423632594586624	99.02675406066771	0
2.458062279918409	0.377103264836822	0.0005378259080018661	0.19179129287219068	96.9725053364646	0
2.6230535775573873	0.19805656349548292	2.3560665367958472e-05	0.3404333337846739	96.83843296449709	0
1.8317476719984418	0.13252726068120477	1.5798941094089915e-05	0.21647583161426182	97.819233436765	0
0.9202769097583503	0.04801413297552558	2.9857291839436934e-05	0.1068010865923316	98.92487801338194	0
4.015812525746865	0.6382461658876275	0.0005453188957387882	0.4157231348212152	94.92967285464856	0
0.7869497491315051	0.3438523874172761	0.00844272555499584	0.09369798184786482	98.76705715604835	0
0.28778226936166657	0.0988798289224882	0.0014210281487658605	0.03555702668874535	99.57635984687833	0
0.46413233849892366	0.06955463645336864	0.00017678403442670856	0.04539865384568538	99.42073758716761	0
0.9964051708699364	0.050808366282150186	0.00017843309442750868	0.030649743970888262	98.9219582857826	0
0.7109319288919478	0.07087777878165423	0.00020043813977022165	0.0408930582321925	99.17709679595444	0
0.9502900534073362	0.07163871968490636	0.00016402401446124354	0.14291793296657368	98.83498926992674	0
12.01697283100754	1.1537176999643715	0.001317034236785613	0.9143594701914004	85.9136329645999	0
1.6039622294289648	0.13785627015049756	0.00032512579854696776	0.45178478477091183	97.80607158985109	0
3.207743015473199	0.11582742008155351	0.00021563929505276117	1.3286155680876846	95.34759835706251	0
1.5082833161981521	0.10332394420360619	0.00046901149675060633	0.8153149791765686	97.57260874892492	0
17.032155636055133	1.107901674335361	0.0006010029802812782	1.04961848215858	80.80972320447066	0
46.00444295492239	0.9498341592903674	0.0014026776345898765	0.9321947328087431	52.112125475343916	0
5.621256059908801	0.10657825691613917	0.0002554366977520383	0.048803339315854344	94.22310690716145	0
20.111582667681837	0.5084625163554691	0.0005548999430729071	0.22443378965900518	79.15496612636062	0
65.98519561272693	1.3976282287062178	0.0014511399080646345	0.042852398352934425	32.572872620305866	1
88.6075765422493	3.13153910300067	0.002655953926697732	0.017325805611680775	8.240902595211654	1
80.330593317473	13.673753306926848	0.011147087233591264	0.15922319392663195	5.825283094439924	1
75.45104271117899	16.77200752440611	0.01018296988510335	0.10304663708628362	7.663720157443524	1
71.03063967784824	21.951366588592826	0.013195636503298686	0.3277105196543692	6.677087577401257	1
64.12452172460978	31.776483359151392	0.02268308441982065	0.43115289800878026	3.6451589338102144	1
34.50437518102618	60.9143894438715	0.020873632163476222	1.0465858328658197	3.513775910073026	2
26.60009248231502	68.233807422243	0.03821736561245517	1.7569664311165276	3.3709162987130004	2
55.936433505823544	34.81645045041535	0.05187691305170082	1.9163692450842342	7.278869885625163	1
16.356923070431765	76.13510697219189	0.10139068058844143	2.066381034411307	5.340198242376599	2
62.12148829579929	32.51032106958423	0.0488450277284654	1.6517439358655899	3.667601671022421	1
18.672461520204912	78.6078548171425	0.05585324336270183	0.7050383047650064	1.9587921145248786	2
11.873747477109582	86.12970664916658	0.05982690345088536	0.1492615720501912	1.787457398222779	2
9.557501837284486	88.80271289647558	0.07154049350125541	0.11372228552680476	1.4545224872118596	2
3.64409946091504	95.67676344514066	0.11069440603649877	0.06521727129651812	0.50322541661126	2
2.8586834547905084	92.31915514374364	0.4355252503162542	0.06503861157694268	4.321597539572652	2
2.7596140117940022	96.30023633261915	0.15624553569845503	0.03890185891532224	0.7450022609730779	2
0.798135940625927	96.20280557760124	2.1609895189105774	0.061259496329725605	0.7768094665325315	2
7.442923612507222	90.08822297393347	0.3478908236001234	0.11536859685729954	2.0055939931018716	2
0.6480296488218336	98.38081614065534	0.36852327183678174	0.03831935703917732	0.564311581646886	2
0.6044296726852517	97.71634937877899	1.175579532027081	0.039325747341925815	0.4643156691667527	2
0.37162488878705074	94.68236361550314	4.482671370819566	0.029560849097899813	0.43377927579232717	2
0.32822771267096734	96.51684795479586	2.7392684803005274	0.022722967581943476	0.39293288465070436	2
0.23987526951814842	45.70747376562758	53.63890125819017	0.016853720270288256	0.39689598639381823	3
0.14626551964027332	67.01847707189333	32.338636243851134	0.0096021039468182	0.48701906066843786	2
0.21482608760462776	51.38093401737886	47.677489749816324	0.009258846046956244	0.7174912991532364	2
0.26471882221614884	61.07239797625963	38.11946557383459	0.00825402038979059	0.5351636072998538	2
0.332417461712055	35.73706452183239	63.239214210591086	0.008392184076609287	0.6829116217878693	3
0.632326812063987	39.54306792828047	58.792096703435284	0.013112470332107799	1.0193960858881512	3
0.1442401684151938	56.34617324257476	42.56049828779854	0.008383705127160992	0.9407045960843368	2
0.09909899337310492	24.809334267479734	74.73778512522999	0.005243212789764375	0.34853840112740325	3
0.0725470931678482	25.309334089409845	73.98834131907499	0.005328917614519983	0.6244485807328054	3
0.05739925925372186	12.837067796811304	86.68154955236237	0.003932914240426316	0.4200504773321685	3
0.07350413260256516	20.68559166186237	78.74625038626968	0.004699382821750441	0.4899544364436417	3
0.04614249427477849	9.499855953301777	90.13505755774456	0.002396129067933282	0.3165478656109584	3
0.03803380632376721	11.56090682715257	88.17561870094175	0.001913017239607562	0.22352764834229827	3
0.05843674802713911	18.23229906199537	81.46537930482965	0.0023578041182065568	0.24152708102963605	3
0.030721571969675766	14.06423223736967	85.64818457465458	0.001436633815566577	0.2554249821905085	3
0.17421019253235878	25.879619240763407	72.67408989458148	0.0078024802897818	1.2642781918329649	3
0.05175991285998491	19.21827539919669	80.27518322226821	0.0021999285085921748	0.45258153716651783	3
0.030041144013213755	9.97871312447563	89.7427529430396	0.0008936045969079903	0.2475991838746427	3
0.05117538614699904	18.253742578767987	81.50958251353339	0.001689865599063571	0.1838096559525587	3
0.014617012171658932	8.731910625121273	91.15437214678799	0.0007406303616735486	0.09835958555741442	3
0.06753534450459424	24.661583499658143	74.98643589559116	0.0021154738351990814	0.2823297864109167	3
0.01750836646236268	9.055005454280602	90.80113428093424	0.0009824033287604485	0.12536949499404093	3
0.018931587224160235	9.53388876787453	90.2553310697886	0.0006409331689666991	0.19120764194375653	3
0.0190817550386326	8.668600221683313	91.09171089053407	0.0011314865051812964	0.21947564623880936	3
0.025568945208951938	7.780105484764796	91.97460724764888	0.0011550148674190606	0.21856330750997985	3
0.03224815089907027	7.328652643413182	92.40721673095122	0.0015492204190270579	0.23033325431751384	3
0.03242832930813551	11.126922972861628	88.60256439964789	0.0022238353002707947	0.23586046288208884	3
0.02536605540723394	8.37321245063221	91.26549331127951	0.002062550235881795	0.33386563244517065	3
0.013084326850478311	4.1349912167575855	95.71777723993401	0.0008761145736360446	0.13327110188430255	3
0.020265821329097055	6.427231214615907	93.39102321909743	0.0010801926722607135	0.16039955228531222	3
0.029772097637057408	4.998856653021826	94.68774713003016	0.0009891166992934473	0.28263500261167085	3
0.06179216020977215	8.198393658300427	90.8427228333407	0.0026834295440832886	0.8944079186050159	3
0.0415339624021584	9.10957034306999	90.67580072880158	0.002328229448286733	0.17076673627796907	3
0.05634544452400048	8.365794591986775	91.32120278862386	0.002056894828038815	0.25460028003730995	3
0.07024627238217025	6.638234983693481	93.02621311098574	0.0017595958009370282	0.26354603713767677	3
0.043441816990035444	7.428472376348277	92.36408435915851	0.0019949023257753683	0.1620065451773922	3
0.1590258736244719	17.74773150526044	81.09845464634182	0.006858422301412712	0.9879295524718456	3
0.04842139737824639	21.75996363069213	77.8352953999653	0.004217016718740624	0.35210255524560213	3
0.07404173857488638	9.48375321923461	89.91484139947602	0.0030496094132016842	0.5243140333012796	3
0.06075489584765065	6.56856746529384	93.1289285002263	0.0023261019297105283	0.23942303670248738	3
0.08583449628128872	8.532937703444865	90.94341859221504	0.005856163324656865	0.43195304473414897	3
0.05803699036418854	6.888923733860723	92.88225560100753	0.0029694025697181215	0.1678142721978516	3
0.015690421987455173	3.8537774057294443	96.02399257197979	0.002002452630432171	0.10453714767288931	3
0.04760593214657891	5.070815308645719	94.65220644287378	0.004296329579845698	0.22507598675407686	3
0.038728240064937684	5.6584815748888735	94.13248641208992	0.007034125761002446	0.16326964719527898	3
0.04043326597231719	4.833528001072531	94.93795299235576	0.006053896586498385	0.1820318440128987	3
0.034032789797866586	5.486346523889371	94.21258461901968	0.006894329825031612	0.2601417374680529	3
0.04118236115681179	6.234085307332944	93.59641315950188	0.006451450440048325	0.12186772156831788	3
0.03083156440471361	8.560127807944472	91.26569936756593	0.004904434860152004	0.13843682522472822	3
0.023380402133774465	5.412736869350155	94.43511266365084	0.0036406127859902777	0.12512945207922382	3
0.019165474408383922	4.865499605047377	94.98957984292332	0.0027090302310067566	0.12304604738991448	3
0.035614406937081525	4.113783325917337	95.69158111743059	0.003189534408837149	0.15583161530616313	3
0.04140040766903934	5.845476067131847	93.79728977334781	0.0055882438881079115	0.31024550796318756	3
0.07118198618151522	7.10763668080438	92.58600293031746	0.004833544150802043	0.23034485854583664	3
0.023510772885338264	4.773125134351868	95.03996526481673	0.0018417968319994703	0.16155703111407507	3
0.040544821852164604	6.731305159055828	93.05950302981823	0.004599767553768503	0.16404722171998062	3
0.025822015391012615	3.5033304824634537	96.32012001280283	0.002604711566386708	0.14812277777630423	3
0.02482072567519151	5.4268315753501915	94.46127035189448	0.0040261726663577	0.08305117441379524	3
0.02126257510200643	5.537078446847594	94.23652903746523	0.004595691615644137	0.2005342489695161	3
0.05449445709969931	6.7981296641951054	93.0197510267696	0.004681362480052303	0.12294348945554404	3
0.07997204553503591	8.95225134340714	90.79255297366944	0.004683819867685369	0.1705398175207023	3
0.025379965477405717	4.372167756550015	95.51728115150212	0.001912174948588716	0.08325895152185664	3
0.02939930434552425	6.880033470082292	92.93691095601649	0.0027837546088764027	0.15087251494681622	3
0.03589613377953693	6.115251439296223	93.75256074244402	0.0037746918357938076	0.0925169926444355	3
0.05155134620745937	7.141256865084397	92.54758003274934	0.010205784036552088	0.24940597192223937	3
0.06322370856786194	7.955565127602577	91.787671289044	0.008275346849632706	0.1852645279359247	3
0.09187898727753911	10.810825904299554	88.66343612162082	0.020033746649327645	0.4138252401527591	3
0.020489820462812496	5.272074640697132	94.48863262685092	0.004640277144712917	0.21416263484440126	3
0.05206071040577288	4.085237376547178	95.65006391750707	0.006055481957628782	0.20658251358234622	3
0.04919041102816432	4.059605859730201	95.72509316428314	0.006052352574240841	0.16005821238423637	3
0.03754322316914349	5.384771604034787	94.3703617101172	0.005409463627307433	0.20191399905158106	3
0.045149724194694645	6.043056791441287	93.73135149357418	0.005951949363492391	0.17449004142635233	3
0.015100679740558608	4.035898514108656	95.82206157440703	0.003035539393904949	0.12390369234985057	3
0.04501861704192079	6.71246572342745	93.06476380628982	0.009771144630059457	0.16798070861076095	3
0.029498528370389018	5.2228981089490745	94.64179388131826	0.006850618895825429	0.09895886246643225	3
0.10771706279464432	12.047223016372321	87.2177953987634	0.015429143108408764	0.6118353789612152	3
0.10681277481712592	9.811986549668239	89.79019538378051	0.020847803107987107	0.2701574886261389	3
0.05524217832800698	5.149599672680819	94.57787464654804	0.019676520348248586	0.19760698209487404	3
0.05437151136945925	5.923571823027056	93.85470624690406	0.01771343148478947	0.14963698721463306	3
0.04510100239308235	6.237909738090287	93.54171412565721	0.015939167434396717	0.1593359664250078	3
0.05451271982536103	8.334786501296552	91.27725006057943	0.02301376391315135	0.3104369543854946	3
0.031554092277838244	4.121694006857323	95.749341691794	0.012397890237899823	0.08501231883294515	3
0.023982731464839053	3.169877899779748	96.63297326632231	0.01131470953954805	0.1618513928935588	3
0.0944501256049086	8.612655491814216	91.0425982101463	0.03590282634103358	0.2143933460935514	3
0.04280581696452427	4.444127197386749	95.2982029997937	0.015713912302874194	0.19915007355213588	3
0.08890243902562726	9.69849774713329	89.90469960227533	0.024673807461864247	0.2832264041038976	3
0.06446606695415341	13.229260082314761	86.35710870604615	0.020804744351703184	0.3283604003332373	3
0.0346318704774665	5.670284230585405	94.16127955877772	0.01694423825466677	0.11686010190473727	3
0.042108747121911476	6.282427031992374	93.41993494373557	0.011351589520361282	0.24417768762977649	3
0.03298127060178322	3.0817175503948366	96.69692370786177	0.006091777378998832	0.18228569376260323	3
0.047458127797388464	5.2495860946063235	94.56791967804207	0.01207416900484435	0.12296193054938317	3
0.05903308613550328	8.52817383771546	91.25154684685425	0.012904405558532702	0.14834182373623853	3
0.03457791761606967	7.734069281212115	92.04465552525716	0.013318459896530358	0.17337881601813981	3
0.018991370219547443	4.251731430904465	95.58281962082033	0.006942598634278343	0.13951497942137234	3
0.0485069856017955	7.592582996260309	92.0844945032393	0.012714823519477555	0.2617006913791156	3
0.02111369027175287	3.9008450763492424	95.92082356995942	0.004884659889768762	0.15233300352980034	3
0.1024154024365056	12.83803964252932	86.24138317971486	0.03374353592781805	0.7844182393915048	3
0.025123062057592058	4.932361395233385	94.87899389454893	0.007670571961672037	0.15585107619844873	3
0.035253974139978404	8.88408531662831	90.81971736395137	0.014348722298406	0.2465946229819404	3
0.03357716205353995	7.583315794354848	92.10622704377965	0.01991107674412045	0.2569689230678263	3
0.03656542777946884	3.914918310567598	95.81631933262194	0.014846243971090037	0.2173506850598784	3
0.04160359228226855	3.7562068518599085	95.93086724770578	0.012374851581057129	0.25894745657099283	3
0.05432397590489185	2.3793640978438333	97.43658776532023	0.0104709981110152	0.11925316282001391	3
0.06666975712820991	4.557020430982082	95.17139057038824	0.01985403037753305	0.18506521112393493	3
0.07493156069802438	7.6984922539282294	91.9104122125559	0.03397188097719549	0.282192091840668	3
0.26041994728608453	5.478652588764678	93.46408775663019	0.012194409454638285	0.7846452978643979	3
0.1816619983871209	4.974376901863644	94.54335316143131	0.01168722372699233	0.28892071459095026	3
0.13332462670081782	6.290676140432971	93.22448014307277	0.009196740312229572	0.3423223494812112	3
0.5064684277158477	11.219328774424882	87.40621984102742	0.013994373317419305	0.8539885835144274	3
0.18181974503663653	17.974484462532548	80.16346456385321	0.015544549501321524	1.6646866790762864	3
0.055449280846039645	6.7840174198672765	92.85058095075213	0.005933259900946468	0.30401908863359867	3
0.16449452823541771	15.919152253198494	83.29382858145557	0.009334621758117792	0.6131900153523867	3
0.06505132820113675	8.124497349416254	91.63473696386023	0.006764928797156053	0.16894942972523053	3
0.030119386073036027	8.951605556912085	90.73319928178817	0.009533374061474502	0.2755424011652252	3
0.037969836555907424	10.305364811981788	89.22916370122292	0.009716088921842135	0.4177855613175574	3
0.021361314464951233	8.78680305207203	90.9404115357227	0.008552829810724813	0.24287126792959246	3
0.046821694579452226	11.651475273174736	87.97721334441853	0.009674234929672988	0.3148154528976146	3
0.025730132192356633	3.5416312654313815	96.27377138913258	0.020092905787313785	0.13877430745636435	3
0.06271450887763125	6.817979053462994	92.63598704762332	0.025973372614980332	0.4573460174210794	3
0.03607526579330276	3.582575588961493	96.23031328446349	0.013062341735304572	0.13797351904640173	3
0.03978528614420337	6.270033584986531	93.34051839167489	0.015971433544003953	0.3336913036503754	3
0.021647312440186486	3.1858292623903486	96.69243587511205	0.006708738158179309	0.0933788118992312	3
0.038759840605826414	2.920754392562991	96.848865331309	0.00802614555997529	0.18359428996220722	3
0.13928952781246617	5.870255129674213	93.7286733557212	0.008513751760180552	0.2532682350319496	3
0.06830029657408808	5.0212113896044555	94.74643165939545	0.004722833991258768	0.15933382043475003	3
0.05691605892340846	7.55143879246138	92.087750979364	0.005095775904686246	0.2987983933465234	3
0.04132937038960751	4.732169161565159	95.03164037466925	0.004623646485302218	0.19023744689067643	3
0.12933145920802133	8.479600631758204	90.62693655371893	0.018202916072339377	0.7459284392425016	3
0.06392471478192518	5.847291851245532	93.8564663130484	0.013825001858472	0.2184921190656834	3
2.0398784268119603	41.80743333725838	53.15931892457383	0.16852640103851396	2.8248429103173134	3
2.4054987521737696	49.14260367090236	43.897530674505894	0.16440567151430474	4.3899612309036735	2
0.6476901962743477	29.509023980882056	68.71148639020998	0.05310507222727441	1.078694360406335	3
0.5180657708413036	19.056430167194538	78.92040761449347	0.0457623512984485	1.459334096172224	3
0.057927103443243935	10.672956748507152	88.88737080007809	0.02102204322431781	0.3607233047471935	3
0.06781938306658171	7.24793281833232	92.33062444903352	0.020359967282736775	0.33326338228483243	3
0.597818769708141	13.671506147193057	83.33700178750499	0.08969168207975757	2.3039816135140665	3
0.16431343226908354	7.627488482017259	91.52104529780912	0.033679825859693424	0.6534729620448387	3
0.149426424219831	10.450902383287124	88.97998247612699	0.04020910540643248	0.37947961095960786	3
0.20856438327701018	27.19117194264735	71.81554103171392	0.06653778336877011	0.7181848589929508	3
0.09254151702039855	24.070239983484505	75.16490489848258	0.054957796390512216	0.6173558046220028	3
0.12509765335459794	24.850195742596803	74.33126699041136	0.04809231285329224	0.6453473007839399	3
0.045166652186273505	8.60828086429204	91.15322081376618	0.023097591959086505	0.17023407779642524	3
0.029642469189673712	6.763716188361382	92.93406979436179	0.027300133368111885	0.2452714147190462	3
0.06614756526224064	7.570243193186667	91.842526840976	0.029750904063411934	0.4913314965116682	3
0.17100384186374729	17.192056872473188	81.89927978891794	0.09942144118225457	0.6382380555628712	3
0.15427042054866347	9.539664643613948	89.56576694839981	0.0766784814560915	0.6636195059815053	3
0.29836601400949686	10.548766876119165	86.75086114265153	0.11178881443855201	2.290217152781278	3
1.3436370356077532	46.501647218580864	46.69547674954816	0.638041579365622	4.821197416897607	3
0.13301069478600264	0.4687152724414902	0.0740433230025855	0.016786337093070303	99.30744437267685	0
14.694208906356835	13.905910525371567	0.5442636934170293	0.9594865785420101	69.89613029631256	0
5.408728497138409	7.358937714039373	0.0919578786041624	0.35426033750067487	86.78611557271736	0
2.83971689949401	0.5897835559997809	0.004460348730058818	0.06597659477345812	96.5000626010027	0
7.696088939859251	1.068948862238371	0.006680901220655202	0.19402700114936744	91.03425429553236	0
62.31999028854472	7.2964959096832915	0.015521498934328507	0.31392497247992357	30.054067330357743	1
46.47460506660172	13.227766373002444	0.06970719730871659	0.5537854074543972	39.674135955632714	1
32.692682929553186	34.688687018717204	0.42308517323055084	0.8466428233591169	31.34890205513993	2
16.99068985252268	76.75470531128204	0.02869288884823537	1.391305013985229	4.834606933361802	2
