1.3342912063043841	4.2073573484554965	0.10798200542962683	0.0015023988286129416	94.34886704098189	0
0.6423500723544201	0.6706407380316167	0.006923761662989949	0.002459517820518864	98.67762591013044	0
6.508536079775887	1.6961700140862537	0.014447643496933208	0.02467111601182232	91.75617514662909	0
2.371358394276868	6.95626174117895	1.1581483713111325	0.0030198485745068174	89.51121164465854	0
19.374323129083976	23.30308017333902	1.6409280969908018	0.007748383553328214	55.67392021703288	0
4.084202050940887	14.425257428581734	6.463610892142488	0.020112784750409413	75.00681684358449	0
6.950349161396774	58.50302147366963	2.1201140503984264	0.009808707143805925	32.41670660739137	2
9.598999686540896	68.49727610950843	3.5810813906408576	0.034916663468091164	18.287726149841724	2
9.872116618677731	10.261324354350101	0.3943159116237953	0.037066912658617945	79.43517620268975	0
1.7860359010534386	4.759956373195144	0.25681871124749783	0.032563491566748815	93.16462552293716	0
1.1029479216046711	5.790274995696441	0.8450415473367449	0.010755637709354593	92.25097989765278	0
1.1692555658515897	8.645150981261533	1.5444455086659676	0.005380360449589524	88.63576758377133	0
2.4053971824500318	20.51937043465327	2.6712694617286257	0.01395942284170114	74.39000349832638	0
2.5734682486725844	10.130762123605821	0.27249678486448314	0.02702813538562468	86.99624470747148	0
6.123005274827005	10.090674228332713	0.3397128652416637	0.09172613783714001	83.35488149376148	0
7.31979561112257	4.379228950121015	0.08127649181467311	0.06078259699301907	88.15891634994871	0
25.54974554796307	3.2407652334196237	0.004892284650116901	0.26039227845843144	70.94420465550874	0
4.413591583683642	9.549189000246779	0.26194811490752407	0.07002989938685202	85.7052414017752	0
11.667865641019953	14.499930444341135	0.0582241548383234	0.13069047023881347	73.64328928956178	0
18.905351957364733	19.15093881817502	0.12256308800467515	0.1591381224701706	61.66200801398539	0
17.57768608683729	24.789118447491767	0.522991081232515	0.16519404374020674	56.94501034069822	0
17.69980954432718	30.035112408155197	0.19504128084799377	0.46842104920948424	51.601615717460135	0
8.107143440799245	35.20790368519484	5.2255669398277975	0.18943709179006357	51.26994884238805	0
5.5624900095644545	30.897799313357567	0.2261527226171967	0.13760637133749173	63.1759515831233	0
2.0817450651382594	5.763262776000806	0.542931833421955	0.03577747803665648	91.57628284740231	0
2.1444297743178904	8.748552073973528	4.441681872682156	0.03493862833425409	84.63039765069217	0
0.9290830162105388	4.911400369994165	0.2100432851996392	0.012095713086866298	93.9373776155088	0
8.963137989605865	5.661221515371692	0.0149799777811695	0.05364816748015124	85.30701234976111	0
2.448715504882716	3.109724201628993	0.07893023980305446	0.030166382325229855	94.33246367136002	0
3.3662082649564975	8.399304384033824	1.0479629726750253	0.13779830929062867	87.04872606904401	0
3.858561142634069	7.545069495919298	0.13419475890058963	0.11125799876449327	88.35091660378154	0
7.16970692116253	20.00600599202484	0.8107387976611166	0.2591750476358946	71.75437324151562	0
28.28456683716799	18.330304077910835	4.297154942500995	0.39765950400583217	48.690314638414364	0
13.293429034241964	10.152432930783116	10.353987892922008	0.07192184841304847	66.12822829363985	0
2.7434948033830033	14.615962287814199	29.430779910114264	0.11334049075473526	53.0964225079338	0
27.102422912835394	38.66495396679457	8.538051280217134	1.8426613191260388	23.851910521026856	2
12.913470730289772	38.57992673646855	35.642702652853444	0.08523277761081186	12.778667102777414	2
8.53357673443439	73.76702581246785	10.222408489695166	0.10484738893398893	7.37214157446862	2
3.7758924476795457	57.150261473626266	33.339171044729135	0.05431581170665173	5.680359222258405	2
4.936174154796828	82.97012228375552	10.626222872219595	0.18937471790844254	1.2781059713196306	2
6.149584749486476	83.21724365145387	7.810216788126592	0.07380688197217213	2.7491479289608822	2
5.921119537237892	85.84857412469965	7.147710952157868	0.0975444098845801	0.9850509760200011	2
1.7667867769334495	82.8469524880762	10.944881788988242	0.056408675966266926	4.384970270035841	2
1.7363838898529809	86.47211878808086	7.309995172375901	0.031341618527618666	4.450160531162629	2
0.6039481383890696	76.76986503506276	18.952229876087053	0.039247478653761485	3.6347094718073505	2
2.2420354040283472	82.78722607859129	11.42872727477442	0.06004500851209861	3.481966234093826	2
0.6207264597384641	82.27026586893295	15.95928692644922	0.06633992327771225	1.0833808216016454	2
0.6688406366147073	81.44371851358497	16.364959609422648	0.034671527879060915	1.4878097124985912	2
0.9940399927626563	77.92830351428533	20.54539407644727	0.04571258965206506	0.48654982685267817	2
1.8744431284613425	53.240538310115845	43.283939380005165	0.014085376115787734	1.586993805301852	2
4.213769801712983	76.74802675689003	16.13343277044787	0.014264490595011328	2.8905061803541012	2
2.860211559029792	71.44633391662464	24.990400551368953	0.008477999453971227	0.6945759735226448	2
10.487440404020486	76.90890719863849	4.311513197453571	0.03208115199587335	8.260058047891592	2
5.5848974631481125	80.43836818227716	3.930930437969378	0.03890015427713554	10.006903762328204	2
1.1120013684961565	91.15921814018012	2.401974050138062	0.02961349222280789	5.2971929489628655	2
1.366300562122743	79.52835754065453	3.143626074061662	0.022476007333300633	15.939239815827758	2
0.6905252975651391	56.75663281512534	10.723850989050582	0.016992473156944726	31.81199842510198	2
0.5378356513151002	46.64804989643014	46.158503751127675	0.008336668290570356	6.647274032836527	2
0.7864866626947724	41.44061720179037	34.01215525210167	0.010723256872270966	23.750017626540913	2
0.23903411802322305	10.445183205763458	87.16867060487081	0.006636672559738908	2.140475398782777	3
0.5110269444380162	10.931489307910075	86.18093185162164	0.010702041287801133	2.365849854742485	3
0.12901105551890088	10.019077804802116	87.84475017471054	0.006974779387216262	2.0001861855812444	3
0.9479476703982064	13.18817991058738	81.66675414798519	0.02186046200828972	4.175257809020931	3
0.4760804079965945	14.79230638244689	80.80148833160143	0.011121330022597709	3.919003547932471	3
0.10698906656580572	3.468050528458751	93.03216451146791	0.0028784363384118253	3.3899174571691475	3
0.06432864230334175	1.762423113776775	95.24074963874286	0.0022978102484175244	2.930200794928603	3
0.1212658410998723	1.3342571328138728	96.60083827276229	0.002669141311172637	1.9409696120127897	3
0.16631710096163668	8.32257080570556	89.68898781709643	0.0030833519398341105	1.8190409242965273	3
0.6639505986158581	6.840533848997435	86.7847481128447	0.05823890423565782	5.652528535306335	3
2.071045104677847	8.155042283514186	68.78734926122144	0.24533777753556985	20.741225573050965	3
4.8551700184679625	30.782023896703002	20.403890248543817	0.1446451921678585	43.81427064411736	0
24.340560811660488	30.060665625307664	3.1746225855735286	0.05113826227214715	42.373012715186164	0
18.334840800141585	59.86830093251804	10.909009000863144	0.0670040234689648	10.820845243008277	2
26.80447536090379	36.41880394849308	2.091688045105564	0.028276804143570866	34.656755841353984	2
27.43000679842959	42.6891022940605	26.294703838090655	0.06116530498852574	3.5250217644307185	2
8.266790488860543	77.45119656174349	11.415726021952896	0.03823603768905152	2.8280508897540297	2
33.481116784192324	52.71706732031569	4.495109373769058	1.5560578696816687	7.75064865204125	2
26.13479274319881	29.104601957979465	0.9618907846382785	8.753067865661649	35.0456466485218	0
12.517340467426147	55.12808078379419	14.27216579751576	0.11526448780518614	17.96714846345872	2
11.376546127601344	66.27962066361229	18.969105640837277	0.06299010979064652	3.311737458158439	2
2.4805407625939906	63.255435108671875	30.728052644535886	0.06392405224970198	3.4720474319485586	2
1.3414938068484228	66.20307019552337	30.842879487326908	0.06369326731561169	1.5488632429856983	2
0.6121711388682327	73.36244684506495	24.790195375873793	0.1539498105618133	1.0812368296311974	2
0.5529200070069002	80.2683024229404	18.44547897536449	0.08161692520571402	0.6516816694825014	2
0.37769132912972336	66.54797135289839	32.61161790929682	0.06225076229803867	0.40046864637703844	2
0.1790326013601286	51.53055593530533	47.86296217324838	0.020967569755816443	0.40648172033034446	2
0.2066040875155925	59.00592684188555	40.078313929822045	0.02844373274690474	0.680711408029924	2
0.6857373759763968	64.77772939060097	33.388317747701045	0.01805822428602216	1.1301572614355715	2
0.4458363363635858	63.95635469541956	34.2307177572192	0.020728843886300977	1.3463623671113627	2
0.5490748941359621	61.89946769282396	34.79167698422	0.011793068052907453	2.7479873607671634	2
0.2610367635069712	43.27680071479014	53.264466186793754	0.005131992079086725	3.192564342830047	3
0.3321606034149354	28.507793134815124	63.72844122560616	0.005894628035053871	7.42571040812873	3
0.24819741616661878	46.450444245243425	48.22175915595424	0.003272449228324831	5.076326733407387	3
0.38941989709187025	43.59718433757231	53.061848423399304	0.005401605754226757	2.946145736182286	3
0.16282894297330164	19.856822491746442	78.05578172868624	0.0016077713585901372	1.9229590652354047	3
0.06286877882828681	1.7460004554746116	97.2918399494508	0.0014969959887941092	0.8977938202575207	3
0.5612088975884467	13.404445567313065	83.50072675736094	0.0015894713154690722	2.5320293064220887	3
0.5290092516963331	22.059540355513093	66.57861400945819	0.009914202512352232	10.822922180820035	3
0.14147979282312897	8.65970801943986	89.71172981257999	0.0021920890813662795	1.4848902860756474	3
0.05416075589887853	4.837359567224064	94.39604806515236	0.0032600531160662458	0.7091715586086486	3
0.05399733976490308	11.39445090380352	87.74818043211148	0.0026986435907789307	0.800672680729306	3
0.09132316913264565	5.61375163909007	93.03002895724734	0.0011467984566024996	1.2637494360733297	3
0.02671689671775771	0.777324040560267	98.8804184947271	0.0010347443364134427	0.31450582365847063	3
0.0473064302684435	3.2442648309061557	95.91418269204787	0.0008912357237323462	0.7933548110537881	3
0.037082360161054796	0.8673809366270003	98.8265905509839	0.0013395471754161015	0.26760660505264194	3
0.0443018910373754	0.7709230796687196	98.45840374862843	0.0012983086644262499	0.7250729720010549	3
0.021916294289677365	0.3959821772591869	98.95347497020877	0.0011618011549829647	0.6274647570873827	3
0.06016564987997742	0.9114349837938172	97.57364914266911	0.001600614404127314	1.453149609252989	3
0.1303942085215315	2.900317869979441	92.97970442358233	0.002367083158212612	3.987216414758496	3
0.049698180455828495	0.6667824961646794	97.22730462799272	0.0015234902360154545	2.0546912051507733	3
0.035746041085953736	1.9022081116763436	96.36362044918802	0.0008989948733801819	1.6975264031763166	3
0.024148172215034656	0.39453224329623227	97.81160931660428	0.0007437725986640674	1.7689664952858004	3
0.01311507595678022	0.3278064363724015	97.49808742038348	0.00039056264136950146	2.1606005046459633	3
0.018492631823753422	0.5876383634338891	98.34538127382807	0.0005467769230130423	1.0479409539912585	3
0.01559390595182067	0.26171333057007756	98.9600726058667	0.0007630500659017879	0.7618571075455012	3
0.0633347168056992	0.848045034722016	93.49837764438163	0.001805770665493214	5.588436833425131	3
0.0645663507052468	0.7749478808414365	94.26806681031651	0.0019659233061992726	4.890453034830613	3
0.48242675663582096	14.13960020047117	76.70070190622543	0.0029204742121364973	8.674350662455451	3
0.04156360611796187	0.6176088288973147	98.03158283541464	0.0005668012638601729	1.3086779283062473	3
0.10258335066844558	2.3055395269406374	96.71494246322563	0.0015673451230171554	0.8753673140422704	3
0.1045721468178593	4.686235881943465	94.06603995794798	0.0027390565268527703	1.140412956763841	3
0.019268163104880425	0.8824226219864142	98.5674377234648	0.001141846143060588	0.5297296453008218	3
0.031617369874795166	0.8426463485580417	98.77510285879497	0.0016921401376621798	0.3489412826345325	3
0.027804928498904733	1.09884035524613	98.46291442474036	0.0032751621298878716	0.4071651293847237	3
0.020294641350491277	0.743321669683512	98.90955991863835	0.002772635188675407	0.32405113513895767	3
0.022184637508242584	1.3613901517147593	98.20681053516374	0.0037071000422280852	0.4059075755710342	3
0.013807260039234803	0.45122977379629375	99.22008390614356	0.004134297379110348	0.3107447626418019	3
0.016375918922996262	0.524526495246449	98.94625477650976	0.014256717143687737	0.4985860921771155	3
0.025794772624621487	0.9297248152313751	98.25850886479965	0.030443776595177878	0.7555277707491749	3
0.03123069129762898	0.828539936689014	98.14196774051415	0.03056296075409722	0.9676986707451182	3
0.05675946207598174	1.0010316626478954	98.03795110639835	0.016078029593717055	0.8881797392840652	3
0.22112181451266746	8.41515247171923	89.19500259527071	0.051501687990705335	2.1172214305066883	3
0.22020290552155317	16.166341630730294	81.87293776433555	0.08577785555544366	1.6547398438571665	3
0.20223615685740562	12.907275252562158	85.22386326120677	0.07154240884661003	1.595082920527048	3
0.4318241762807741	30.204682239144255	66.58240968370353	0.1985992299824825	2.5824846708889777	3
1.203623178973671	43.871321924978936	50.569253768372114	0.1426657318562864	4.213135395819011	3
0.9980245370880155	59.629744701486196	35.45990648752397	0.5611602304533709	3.351164043448435	2
0.6992476549903461	67.91772139376853	28.634623267075167	0.6129481671341415	2.1354595170318333	2
1.2808199247637377	78.12809892159575	18.104270097311662	1.1555799995450102	1.331231056783821	2
0.897315741683522	74.61624911837143	21.894449401739823	1.542429965478206	1.0495557727270006	2
0.7194601732299274	66.95063663373533	29.16353784274765	1.863355496579576	1.3030098537075256	2
2.044063388252694	74.42407909858181	19.31550656950762	3.0193609883913184	1.1969899552665717	2
0.808950574216458	70.34337750124848	25.94497355728493	1.9821787632396177	0.920519604010517	2
1.2597931244924778	74.87509135003144	19.87139517623439	2.9905349355331103	1.0031854137085774	2
1.1856770915992492	65.18353255074653	30.124286523378736	2.2819945090181983	1.2245093252572756	2
0.8657452944758192	51.1819981878652	45.56997813921615	1.1163312976351516	1.2659470808076936	2
2.845392394186335	70.65237352085227	23.318670051313973	1.255965229970646	1.9275988036767808	2
1.025459735125886	67.8262092644335	29.409513855876334	0.5252275504718693	1.2135895940924155	2
15.533990925555758	50.362860482319014	21.3957971080798	0.4292506596662157	12.278100824379209	2
23.22783269853582	39.25162227991053	10.291740783213243	0.23637000495881974	26.992434233381584	2
22.009821402536403	38.80903592527755	15.21409753195407	0.38082305729689886	23.58622208293508	2
17.44603484317523	55.18475115119551	8.361414595904305	0.283619719226633	18.724179690498318	2
9.631245475433769	46.561662175077046	4.132937034365025	0.30747718983780953	39.36667812528635	2
5.764057974836347	58.95245732202421	4.335947457519049	0.2676883906569097	30.679848854963478	2
2.7885889109436968	49.102729889387554	20.81442109994298	0.2694493500824957	27.02481074964327	2
3.9606527842317925	54.72223577079374	4.8602163950655735	0.20225018814762438	36.25464486176127	2
2.578817969376658	68.50395826553782	3.221298488314313	0.09391452835494747	25.602010748416244	2
2.267363935635129	74.70943736733375	3.462808810242176	0.16684760564297893	19.393542281145965	2
1.1630784033783723	51.091286200805165	33.045611990905236	0.07852017448780906	14.621503230423412	2
6.024962491606314	46.3701089274319	33.84179256103673	0.05870323028721083	13.70443278963784	2
4.457888074398642	42.35357559725771	32.00669366429009	0.03343893004237413	21.148403734011172	2
4.051745690486383	25.049815919943423	58.989221664892945	0.03171262697450107	11.87750409770276	3
5.456471621666574	17.670992584940386	64.89371152197478	0.025561732653852098	11.953262538764408	3
4.226421112610055	19.513016010610425	63.54199941758031	0.10479480761654936	12.613768651582669	3
3.009288922915024	4.104703307963981	89.67376716791038	0.11453685165407732	3.0977037495565534	3
28.949778385502544	4.733558504165258	1.8835864429932347	0.01951124331581759	64.41356542402315	0
38.20231447733205	16.82906081152284	12.314699029059598	0.02453356436501994	32.62939211772049	1
20.60488916746977	12.677139693766101	3.918077950413627	0.019110380334194408	62.7807828080163	0
37.46496212866869	36.36918283854539	6.217585005552642	0.004124495444936547	19.944145531788344	1
47.826231294247364	34.042486459575	10.766952400413524	0.00394159986706331	7.360388245897057	1
52.2846986013042	29.69361508283851	6.170216029937467	0.004786175786897772	11.846684110132925	1
45.015988734388465	45.21269080589591	6.445368003112432	0.03640895361593986	3.289543502987274	2
58.026982030381404	21.720964062358902	3.4706214695230684	0.016508830838069467	16.764923606898552	1
16.07044190512692	16.838647907175723	8.59950210493322	0.027141943544707225	58.46426613921943	0
49.231859029456515	9.783808499282303	12.856560316503435	0.007830798335504091	28.119941356422245	1
6.68918021805212	9.922735742916617	38.250027744866095	0.028813470030387093	45.10924282413479	0
21.8526278616982	26.528892628293477	30.385478187700247	0.029692109253654703	21.203309213054425	3
47.87433470184384	30.46634001362445	16.729943819461408	0.013336330480278009	4.916045134590038	1
62.597685505173054	26.343485467861182	9.176493228151275	0.018559683222016992	1.863776115592476	1
73.76261568176736	16.353920477363	8.81027717505311	0.020148119011767725	1.0530385468047474	1
12.016145191762783	45.63578974151013	41.059352827309326	0.30211934370295884	0.9865928957148048	2
19.037246212752045	66.2363734528073	9.255606772140352	0.8644646687179371	4.606308893582358	2
15.609641883170482	63.90619648166985	17.044560687398047	0.4089992330986558	3.0306017146629625	2
15.097559585862182	74.29564254645152	6.88294269446037	2.9084277460692953	0.8154274271566403	2
9.924489472376155	83.00492283527775	4.9886461529460595	1.7554308367508993	0.32651070264915094	2
13.857464720649842	70.29763309852423	12.658684287783665	3.0067102479243983	0.17950764511786937	2
3.8489241706739312	82.41401230978292	12.916138132108662	0.6666403263514826	0.15428506108301357	2
4.643268921677656	89.28239259347995	2.8274264250394365	2.8962386616599454	0.35067339814302245	2
5.188795475172509	84.44893547425005	9.06957147189569	0.9567648380757665	0.3359327406059833	2
2.0028213658827134	91.0666198629111	6.148656789732487	0.40492358056062816	0.3769784009130583	2
1.1188928552838935	82.54632107517641	15.723734588888194	0.21245712924377377	0.39859435140771693	2
2.0123958374879165	95.20325312232346	2.093564272472479	0.15971487075945473	0.5310718969566988	2
0.9893013438143823	93.85540497432565	4.8306193547608105	0.12576291743385304	0.1989114096652964	2
0.7444549099678744	93.87783960403608	5.011570154480371	0.1767572832860772	0.18937804822957907	2
8.407268871923138	60.199217638490325	14.810775973831383	0.16657019173966242	16.416167324015497	2
14.472774613593145	81.12744142432454	3.1902769256868106	0.22417901211429647	0.9853280242812058	2
5.377542839250219	80.97286175095503	12.585347847534953	0.1405369885631249	0.9237105736966653	2
18.803322413722785	75.37121588161678	4.040844783705125	0.144185287946651	1.6404316330086872	2
2.8176592086583616	93.08296027788138	3.5483067732779663	0.242794815885594	0.3082789242966813	2
9.666108648488862	88.51348732784797	1.2520866394162147	0.18331368495826653	0.3850036992886926	2
3.149108921159227	91.11046756744403	5.335665282652427	0.13112713927301045	0.2736310894713079	2
1.0513716144602396	77.60162375754149	21.184975384926254	0.05626387482410378	0.10576536824790349	2
1.5326749977053558	96.47712795537853	1.624283470222938	0.09841910736197026	0.26749446933120286	2
4.258893308637822	71.02037055310399	24.16587357174467	0.11647316578053844	0.4383894007329726	2
2.4154818041788064	65.9897496718149	31.3196404735457	0.1351590043999081	0.13996904606066635	2
1.1257514458365112	63.30928689398699	35.08522386015772	0.10824337858153729	0.371494421437239	2
0.9771303890114081	45.50031933308281	53.33208825499568	0.04920711494812451	0.14125490796198015	3
0.3560114285342689	39.12645427490897	60.353844527860545	0.07722093777097667	0.08646883092524826	3
2.8327651580628785	64.4163395338635	32.03900436422419	0.1186496711736316	0.5932412726757947	2
8.43968130204594	31.367619473578635	38.93306766970268	0.17990218636461017	21.079729368308122	3
40.16515842120273	41.976756172589994	10.455731123770146	0.5847887940183669	6.817565488418762	2
45.809142353974565	37.86867585934274	8.937149365514847	0.11744514462884476	7.267587276538988	1
57.57473118803055	28.727438336106786	9.067253841089926	0.32580069582960813	4.304775938943129	1
11.38769938072966	67.8253535792648	19.322257321752037	0.6474339019169834	0.8172558163365108	2
47.36851973685066	41.92901367920439	6.9160797003792975	0.9931916363630775	2.7931952472025774	1
4.161079968988038	45.28367743962378	49.73889082941042	0.39903636462227543	0.417315397355495	3
14.593588417930805	53.89641191155733	26.617492585754444	2.5148007775121695	2.377706307245245	2
12.435601393006298	51.228250552187674	10.911737996029832	0.3458220712447354	25.07858798753147	2
8.311614802367822	14.37616814625973	8.577772105180657	0.11309361978804769	68.62135132640375	0
52.56854276730262	21.20261526897485	3.0068798995423114	0.08076545022345438	23.141196613956776	1
57.76355272702822	36.61735594841326	0.5419065520884206	0.09502404521808352	4.982160727252012	1
64.10833614870336	21.74699654338912	0.4316296318804269	0.08680729064847262	13.626230385378623	1
41.16437780102502	48.10576164605577	2.879183666470468	1.8370537051700608	6.013623181278692	2
60.15175098417983	26.441194479689038	4.192174418869586	1.9615607250600127	7.253319392201517	1
21.506716642301342	22.727197347589872	6.096031203625836	0.5713163364582903	49.09873847002465	0
32.69298565283904	12.32427776261952	1.386224647083593	0.18965235129300007	53.40685958616484	0
37.949789058386024	11.173371710960192	0.9124962395149859	1.0024407887520714	48.96190220238673	0
32.16914920584944	12.088570380277757	0.20207946111161862	0.27153489555976457	55.26866605720142	0
78.73958597709361	12.220709266231792	0.14679984900691628	0.6236601446678496	8.26924476299982	1
70.19721299259184	21.409704071601237	0.37969839634113856	1.5092426846658444	6.504141854799938	1
63.74665408051629	26.957600542107446	0.45412340916011174	5.208113748856752	3.633508219359427	1
35.327156567717736	53.68482569802296	1.0026371826795162	6.771568103507971	3.213812448071803	2
6.489690893127207	53.75723555866446	1.2734975885885098	37.66457122658927	0.8150047330305549	2
12.621283081208915	8.687232500744777	0.0361455484598402	78.09965932601806	0.5556795435684105	4
6.323076835993094	30.24212662466458	0.11242299690061228	63.06980275478511	0.25257078765660534	4
11.721582790290906	72.9405367594844	1.5674481051591953	13.078831171030206	0.6916011740352995	2
33.88404153825523	10.901276424974546	0.03073157206756104	51.32808385048484	3.85586661421782	4
24.16213208999175	63.35500964639758	0.4558702308828283	11.086321039041616	0.9406669936862214	2
57.602364724945645	28.532193612445607	0.09603325603655291	11.960510408400006	1.808897998172195	1
27.648266861014243	65.63275111844794	2.129367893996439	2.681493838853564	1.9081202876878205	2
24.221343642826763	68.37032328436705	4.006004294797652	2.3813849413205945	1.02094383668794	2
25.38349341321533	55.193871441686994	7.904635876722231	0.245575310220827	11.272423958154626	2
37.883889632150655	23.037768877837433	32.76196463885094	0.09389741981544071	6.22247943134553	1
31.726389708081047	34.162614007719434	17.20605526438299	0.5161717986392952	16.38876922117725	2
25.729296317396468	29.73591577682697	41.64429094154945	0.06131231698843694	2.8291846472386797	3
22.686245691437286	26.219772360383516	38.53351366254526	0.03713127900169301	12.523337006632248	3
20.001530011262616	37.992429676909516	38.82720352768506	0.03595441621604579	3.142882367926774	3
37.50038192983261	33.76614921237527	22.34416544302793	0.014327014471947279	6.374976400292242	1
17.623979753365322	48.57204235940215	29.327973944767177	0.008960591198899784	4.467043351266456	2
28.641155828226893	57.12365999586739	8.114278473053767	0.021031701991883055	6.099874000860062	2
8.916845813387216	26.80081208792362	12.892319895855927	0.020947156647478142	51.369075046185756	0
14.696066029737159	38.12745005322376	6.7961492513259145	0.01385328889640708	40.36648137681675	0
36.05575706590981	54.49178315406586	2.071694371404349	0.0373152966535936	7.343450111966391	2
31.154534028366655	46.198927032065505	2.744005728544997	0.020159373867987024	19.882373837154848	2
36.61204866912887	32.37524182553456	3.549417352522805	0.017846217574195473	27.445445935239572	1
24.665507963629707	33.58149275863004	0.5396378075628049	0.016637069373120646	41.19672440080433	0
43.454233923106564	42.62841793662251	0.806293868674304	0.016838649409143987	13.09421562218746	1
51.64428601113017	35.852556640094015	1.8456917010759621	0.024725292670508787	10.632740355029359	1
46.457803198474785	47.76822096300691	0.2642023704175021	0.10296803270815283	5.40680543539266	2
31.25603005722177	63.941925378705854	2.15841549650897	0.12036047906120832	2.5232685885021837	2
12.024304606358402	78.51460453043912	7.901448458158629	0.10215591971238584	1.4574864853314597	2
8.82739424084885	73.13465573600406	15.428676293481555	0.575758242976901	2.0335154866886365	2
5.340331168970419	90.57520236747847	1.449139813246623	0.568529106725974	2.0667975435785024	2
17.16432614338838	70.23530597649741	3.5554749878428304	0.587193000707794	8.457699891563559	2
18.008757350690992	26.72880968997744	1.499851661605941	0.2458500475518858	53.516731250173734	0
5.165567771292686	10.348205687878187	2.671942360096745	0.09102004319265701	81.72326413753973	0
51.56517266013238	27.011175180059077	0.08678498897884715	0.18573001282473256	21.151137158004968	1
19.56686415457067	7.78630014606886	2.5946187683754567	0.10711455473807144	69.94510237624692	0
15.599094027205687	22.537792478856016	2.9649460068693334	0.10871876713544194	58.789448719933525	0
33.21501919908245	50.09746279156263	2.710687103881841	0.20937403264004645	13.767456872833032	2
42.696720093534005	39.19393591930018	1.6943853091031191	0.5201968651138502	15.89476181294884	1
44.19418505714216	32.822565805403755	3.6273421486193023	0.3629716981643822	18.992935290670395	1
40.20087890707924	27.680395068886394	0.8120760823810605	0.21398434782831963	31.092665593824986	1
51.68747153743462	38.30020361827695	0.2651164608729149	0.6741572734963992	9.073051109919126	1
53.64596699598908	43.25115787189841	0.29601246215024996	0.5674679021290802	2.2393947678331867	1
5.656175642599861	86.74803429151055	6.561327572282151	0.48545129400397397	0.5490111996034597	2
7.460369276451491	89.56704129031098	0.41625698068675765	1.4353842450175989	1.1209482075331485	2
3.9908062385595335	92.27936588539313	1.864545167250973	1.113768492972213	0.7515142158241237	2
1.9633006914919067	84.11697174384292	11.467765865568866	1.9221455437411712	0.529816155355149	2
14.41364021233299	76.18854364124492	1.7871108231904531	3.062341106204449	4.548364217027202	2
5.208257211040132	83.88052058251205	6.290844836740028	3.6884510076562176	0.9319263620515611	2
5.259948773774353	89.27408795849406	3.011265572252883	0.8516245418265662	1.6030731536521408	2
9.256291028994477	84.43466404219942	1.9949427212149418	2.6910585253023642	1.6230436822887977	2
31.48046207237785	58.38076876434325	2.624606427782652	2.5262611780338897	4.98790155746237	2
53.683764379925506	29.466619755811173	0.7454704196942561	14.683337043188724	1.4208084013803364	1
74.7141778753415	21.232924363862914	0.7309315278550969	2.6206262406059824	0.7013399923345028	1
45.67905736158918	45.89736195252212	1.4303546696258822	5.90770658786202	1.0855194284008025	2
42.732142825376215	52.97188215785783	0.9525256036746924	2.0254832755199415	1.3179661375713339	2
36.53195195376352	56.54099657471123	3.4012101449003054	2.4041193705869377	1.121721956038013	2
38.649537474263084	52.11158991546851	1.1630135162589228	6.757249827760268	1.318609266249214	2
35.774318257247735	56.9303836386554	4.48582449823806	2.005696113947915	0.8037774919109064	2
32.413226276690786	58.712703835540324	4.348878006402416	1.8299183766331186	2.695273504733356	2
42.37025225478736	52.36479813207996	3.3186065173278987	1.1998454097468327	0.7464976860579471	2
31.79982448665313	62.569850872882235	1.736882334183563	2.1572408271542676	1.7362014791268063	2
23.53252965997617	69.43945372259259	5.450249861753206	1.0883739212305	0.4893928344475164	2
11.452702025730414	80.72497154787432	6.107807339334401	1.5062444710824392	0.2082746159784004	2
15.898733683816829	75.6684908396838	6.525148438269351	1.4925469833174578	0.41508005491256916	2
3.2532164152552356	85.95467481523896	10.328630845340658	0.2998057173359029	0.16367220682924766	2
13.125276169676923	74.26678466137953	9.692139306327457	1.0319214982416967	1.8838783643743817	2
2.8248760418789973	81.50957766334376	15.128333184528037	0.22788058353481977	0.30933252671437234	2
1.993596996351268	88.83186306293256	8.70674080414447	0.22386295083296487	0.24393618573873171	2
16.919213196621534	40.79307995908755	16.445546858275563	0.1268510573734704	25.71530892864187	2
21.88656415862758	39.10852762698929	0.4069252361495289	0.11503695221142106	38.48294602602218	2
51.55979270212702	31.34840278304749	0.531726730291765	0.12854902073928812	16.431528763794432	1
53.13863451218916	41.850402575097235	0.7806475916394028	0.08726620799107723	4.143049113083127	1
66.76543470325379	29.60170793593562	1.5931212181371779	0.18763276719915478	1.8521033754742642	1
52.914657899288144	39.24001263580471	1.9121139506204181	0.29350378692596985	5.639711727360761	1
30.562491309444756	61.11749004603727	3.68903347311462	0.6708462520077568	3.96013891939562	2
51.91123547466396	44.28134396006413	1.8136577091479436	0.8902949204652053	1.103467935658751	1
34.196550757288534	60.254898634874934	1.4270160835070853	1.8334112387026809	2.288123285626772	2
23.230268256406234	70.7304706648755	2.7278793836990154	2.3436032354117278	0.9677784596075134	2
13.952004884377795	76.2091528609612	3.725902349547379	5.510748342550653	0.6021915625629635	2
7.700349588594705	85.6016382037731	0.8716475598493763	5.410667809969598	0.41569683781323663	2
26.070023321685852	71.05417446074323	1.6020990330041456	0.4171165026199994	0.856586681946786	2
21.781076082548275	73.74432285351158	1.8704431837322713	1.416806947226038	1.1873509329818306	2
14.292646773800541	82.76616313674461	1.1130035570488208	0.6686083827163719	1.1595781496896738	2
13.646264727697464	84.03981023781083	1.635565136894377	0.33060224417358214	0.3477576534237628	2
4.138405257576802	91.62116389080774	3.009880223492281	1.0773958193166584	0.15315480880651783	2
3.7659883684702002	92.54837905844185	3.374730542741185	0.21180490045118244	0.09909712989557234	2
3.084747266446904	86.42074573539237	9.817002744520195	0.5072690504755979	0.17023520316492505	2
4.839339312959156	92.50146347108853	1.9784527650429378	0.4864306792219668	0.1943137716874117	2
5.985805781891713	88.28152746245827	4.139856177978086	1.4566965888494963	0.136113988822431	2
1.6865617299203117	88.83272583261731	7.927464519823883	1.4306713691674835	0.12257654847102332	2
2.1982869932262608	80.86579433852276	14.84532423783737	1.9277243418748808	0.1628700885387274	2
1.1479039679156744	87.58680339141716	9.55498704840076	1.5587331673027034	0.15157242496369602	2
2.4604415064907585	81.38956136575227	13.928366549324636	2.049906130849983	0.17172444758234537	2
0.9400026697239964	51.808842220366444	44.513925721436195	2.6599097177630893	0.07731967071026843	2
0.18570824975851735	39.02012338055762	60.5228697206187	0.23018633004065675	0.041112319024499404	3
2.213530094835739	31.87864237876777	65.15228668246152	0.6266756608225769	0.12886518311239847	3
0.1773300132026724	18.744179765319235	80.95132418130913	0.0950708110798284	0.03209522908912159	3
0.21037043085778834	27.646744712436544	71.83126324000678	0.24220177435715495	0.06941984234172688	3
0.07919967575449736	22.661681640118335	77.14202329870695	0.07183157941120147	0.045263806009032174	3
0.03682311966785192	6.55623301022636	93.26017666542799	0.12192422532709475	0.024842979350720454	3
0.041388740549831445	9.161915465022984	90.71647299784921	0.043537825145929986	0.03668497143204478	3
0.063795804971084	14.113315328720638	85.72309688603711	0.04491750976801509	0.05487447050316023	3
0.27069889098091304	24.4199549501219	75.23455367455489	0.02860933687543625	0.04618314746685797	3
0.04927645125044699	6.453744924085236	93.41349711515527	0.04149115573253907	0.04199035377651666	3
0.04862468546647421	8.006349606647179	91.85860304759953	0.04869889278645905	0.03772376750035818	3
0.055836624485465815	10.527451910862215	89.36108676817567	0.022813338698344388	0.03281135777830279	3
0.014898762004149503	2.8483010348609685	97.08686354198316	0.02126441337883819	0.028672247772875834	3
0.007670031651334358	2.101189580878462	97.86009825107521	0.01618426471781648	0.014857871677171812	3
0.0076609722296168935	2.824702514913227	97.13726639471078	0.008904361625041919	0.021465756521356297	3
0.005891553843044212	1.1231869970522468	98.8243957354078	0.021777481057225788	0.024748232639695035	3
0.0062221852818123286	1.0462984070180403	98.90786188534615	0.019351017441817185	0.02026650491217537	3
0.009418933210229885	0.9329750258310888	99.02056461753361	0.020370954031008835	0.016670469394061464	3
0.009334066315229437	1.034642297235247	98.93424849583923	0.011406217765658803	0.010368922844622094	3
0.0042623738823334804	0.6323378848779344	99.32355338919838	0.02626124954669626	0.01358510249464623	3
0.007945961897836981	2.0682435038660976	97.8822160195177	0.02460136062365931	0.016993154094710423	3
0.005642572447283417	0.9650043535270282	98.96065422413544	0.04949002324086272	0.019208826649386692	3
0.014804009857929764	2.023089343909304	97.88686025709853	0.04625653161789315	0.028989857516343295	3
0.021537474363611524	1.7388239161166539	98.17797942531745	0.03921900725693667	0.022440176945373935	3
0.022056733906226325	1.0828777855488787	98.78498116705364	0.05000169392962372	0.060082619561645546	3
0.026630312067433014	2.126654844962469	97.77592891701762	0.04638238427809765	0.024403541674384722	3
0.018957797158415366	2.739076165017877	97.17971442868229	0.04045281769651538	0.021798791444902668	3
0.03801379520334759	2.208671811089548	97.62915378814124	0.08040504230388054	0.0437555632619971	3
0.02627567688305686	1.7710585807350097	98.10518378159404	0.06135668663993664	0.036125274147941026	3
0.03283283374357672	2.6647776223483994	96.97627542801293	0.20780902992789127	0.11830508596721363	3
0.1119730437702601	5.585695316324422	93.75610936653128	0.18743300521557404	0.3587892681584574	3
0.34203973772278623	8.473046978287217	90.20820047052291	0.6579427236224646	0.3187700898446236	3
2.182589921875445	50.3664503237114	38.67108476572487	8.35347332155492	0.4264016671333626	2
14.776913258959492	44.04589629688241	32.39841275167295	7.946494532398606	0.8322831600865327	2
9.367864703058535	78.4650181963587	5.9221131724811835	4.901516742795329	1.343487185306243	2
14.890955613952862	60.959093285348665	2.0442557194473228	21.559422264757924	0.5462731164932171	2
9.375667101994981	78.67895880089641	0.7130868524450276	10.40728147267283	0.825005771990771	2
4.819900726972392	68.24209675806087	0.3620774101188673	26.133340247909192	0.44258485693868904	2
4.31135851456319	56.18842483015197	0.41127322898278257	38.53675605819243	0.5521873681096208	2
3.6421215495306787	28.827687898927408	0.15794397052470924	66.85150988166552	0.5207366993516794	4
4.386369904718217	30.564281302382657	0.18912564256294687	64.39536605474905	0.4648570955871246	4
3.4443730981402387	25.14696060420867	0.22675979438436736	70.70311244021677	0.47879406304993843	4
1.0501615701692713	5.906042052106729	0.05869448149996063	92.88703715545161	0.09806474077242039	4
1.3374386956189168	8.412211015313881	0.07453718162935684	89.94528407482338	0.23052903261448193	4
1.0544862711121274	2.29009338211614	0.00977973620907786	96.44245528041641	0.2031853301462501	4
3.2582337830699486	12.374809951500938	0.029013846552197443	83.82598875186702	0.5119536670098841	4
3.856721389334148	20.94952188980251	0.08250968502534976	74.36820725427549	0.7430397815624942	4
8.579103222395194	18.344559031796457	0.02392092056798158	71.39481403376197	1.6576027914784064	4
4.670481948385911	15.628490068120996	0.10816139855886187	78.89925635356535	0.693610231368894	4
3.456976568053337	15.537135227803791	0.06236918533323115	80.35787250423083	0.5856465145788271	4
3.7166217828014494	19.988100803659965	0.1503789958464734	75.73964846132168	0.4052499563704343	4
2.91536351786677	24.19431018996412	0.041790434746800484	72.50893258063049	0.33960327679182134	4
5.329883453938895	23.198608096731483	0.061628093546964205	70.06278930661824	1.3470910491644021	4
1.3709607203707228	9.609044673802313	0.02501218741620787	88.7340902096369	0.26089220877385966	4
1.9807210264813417	11.476400381195567	0.06752710655758185	86.33906741106668	0.1362840746988524	4
1.396314688773991	4.789658442503947	0.028866086409310935	93.6109181567895	0.17424262552325262	4
4.9852427782178514	18.10950665726289	0.018993452573878373	76.21270219039613	0.6735549215492481	4
1.9792891448117103	5.8272311494443585	0.022278924086252615	92.01301568871271	0.15818509294497693	4
1.9410266378823413	4.590946107286146	0.05505354094488421	93.27968148474321	0.13329222914342703	4
2.1932944907799587	8.602751493480694	0.03527609408636138	88.97493328560287	0.19374463605010625	4
3.6162366523904534	26.472140582649047	0.0621632044338196	69.71315378164232	0.1363057788843671	4
1.5697016080992898	10.593201846747592	0.06033229321451208	87.71492742684684	0.0618368250917773	4
3.1696314614548875	8.228591284263015	0.010122213201254535	88.26963798045688	0.3220170606239789	4
7.829690043503761	15.238826999805275	0.030247357401096346	75.29850093414481	1.6027346651450614	4
9.60922603096818	36.49563548695006	0.37528569397051426	52.897473588550106	0.6223791995611443	4
13.836521859720516	30.825599563173224	0.19736885996705822	54.12430749145544	1.016202225683757	4
14.164113190174724	16.92395152131563	0.16636511914985383	64.52315601208505	4.222414157274721	4
15.658540372098065	18.921861355611668	0.232715122186204	1.9683125021579873	63.218570647946095	0
39.50221401570184	13.088125333313236	0.27948628721027174	1.4027337129757946	45.72744065079885	0
78.83940116744297	18.330942397803156	0.4440020145617749	0.48354485656313306	1.9021095636289516	1
79.6012608939557	13.886778437363024	3.0129477714785864	1.7919906198374032	1.7070222773653065	1
42.46683257145417	47.34129824759064	3.6181515285300057	3.9434443575458245	2.630273294879346	2
13.864918272629604	72.86800584807648	7.847205569462699	3.3632746242713667	2.05659568555987	2
13.589279142329334	61.3415106229324	6.854498489321094	14.68944315555282	3.5252685898643623	2
6.492024049220493	69.32760132222158	7.753977553825275	14.497010565055	1.9293865096776563	2
20.437506955340588	63.89054912607433	9.120439965283799	5.628957593091012	0.9225463602102597	2
8.342438519912696	79.62865258090204	4.661529858000391	6.412016275666188	0.9553627655186686	2
9.121878975189961	86.8756394901668	2.0377704804922097	1.1352125010280485	0.8294985531229818	2
10.919900339368652	79.64749025353686	6.378901991746782	2.119949965499235	0.9337574498484739	2
3.1649250251500476	90.58761796477862	3.914565817177186	1.4896477142006985	0.8432434786934435	2
14.029503538754827	81.04650207321266	2.54990390832899	1.4053234504331578	0.9687670292703559	2
39.683935561880205	54.71012669673101	2.6801860571189975	1.468653270390849	1.4570984138789191	2
12.886418729474236	78.39778271569861	7.190368769187984	1.2234277946932677	0.3020019909458748	2
4.92678700040852	87.19748618100719	7.20929659872059	0.4907179234241181	0.17571229643957068	2
9.842147776733636	79.05972900596244	9.68879709229425	0.8837602328168822	0.5255658921927929	2
3.3879791948247666	87.66196667907596	7.317271958126893	1.2082010812083794	0.4245810867639955	2
3.6374036411009185	81.00627123313997	14.578535433854848	0.5188737185133601	0.2589159733909025	2
5.338145370205457	85.89569940042925	8.27317368123434	0.1998695375438709	0.2931120105870744	2
