0.0005780076857858621	0.001084916959612616	0.0002902619511949035	0.00010474168507534637	99.99794207171834	0
0.009167443210654836	0.008893391219362664	0.00023724562718492517	0.0005898508269876698	99.98111206911581	0
0.007448830056715852	0.016674362117263152	0.0005316618980938831	0.0001989765263462939	99.97514616940158	0
0.012709315034239107	0.005454463027058529	0.00030207272195094566	0.0005586998817191755	99.98097544933502	0
0.043364888567472566	0.011148784529593229	6.364090000520762e-05	0.0005698998317453398	99.94485278617118	0
0.0041144319582352195	0.007716164644837799	0.00013270461248739813	0.0014452668465104366	99.98659143193794	0
0.018850159666290108	0.03908123097435732	0.00027375418143685195	0.0012334920091280406	99.94056136316878	0
0.013483681919075854	0.017046541112086394	0.0006774533597921512	0.0005945598580783669	99.96819776375098	0
0.07318957288264577	0.013882310246847733	0.0006824694398979403	0.00050774986341038	99.9117378975672	0
1.7614863531084644	0.04860185190937379	0.0002321535204964075	0.00123044472405921	98.18844919673762	0
1.0149400454236104	0.032460217717741796	0.0002111044382940874	0.0020405435353692304	98.95034808888498	0
1.67855222331975	0.031903070064425436	9.43286976664685e-05	0.0005689874722039458	98.28888139044595	0
1.363015417783508	0.04964507524065655	9.948065780119183e-05	0.0024507941299280254	98.58478923218811	0
1.0972794802425028	0.12441912396527928	0.00018451570083079415	0.001955773374305937	98.77616110671707	0
8.19305178830344	0.3658016787662084	0.0003103121349253913	0.0012258629200173293	91.4396103578754	0
68.4886585998986	0.6922584771352422	0.0008880790735331481	0.006306282129435547	30.81188856176319	1
61.412295203647524	0.5901847558359894	0.005037384563743009	0.016465571028199018	37.97601708492454	1
72.71812182797217	0.29805496257904457	0.004623290211536329	0.0035463939852513433	26.975653525252003	1
82.2366930423358	1.0659652107990198	0.005629333005282004	0.01158764978293497	16.680124764076975	1
67.27145750155098	4.279798588288531	0.01171785816783729	0.027524530771986036	28.40950152122066	1
85.69336713488943	3.442603096127467	0.011135391292195684	0.013504304639692426	10.839390073051227	1
70.13497102328924	20.908449926600284	0.01708022327074195	0.07563956326159708	8.863859263578133	1
89.68025622832585	4.3006294887996805	0.01494090612513968	0.17146600019680666	5.832707376552515	1
87.86325107707917	7.569705730120973	0.017774225170831333	0.11055792432481683	4.438711043304204	1
28.946474103818744	67.19008427411798	0.08222280259144686	0.6115232458181571	3.1696955736536636	2
39.32330405130364	24.004228320288956	0.18731995196933682	4.758586659815078	31.726561016622984	1
31.95873618818064	41.51863420308711	0.1178011068711343	3.747585789929543	22.657242711931577	2
20.168102933087003	69.24451289662305	0.20457894758311637	0.5124909083489039	9.870314314357923	2
2.8718928938369603	92.78086021927051	0.84696622631001	0.1532139017763774	3.347066758806124	2
1.4261975014400972	95.22041359283213	0.6696765688230804	0.019018922481157902	2.6646934144235312	2
1.0262324113981187	97.0828048003904	0.7131493181809031	0.0059811214652884526	1.1718323485652706	2
1.0445775749154655	97.7988722600901	0.5612506307927714	0.001998703525339738	0.593300830676321	2
0.26440528767256216	96.1185645465033	2.8355399865584583	0.0018541584020244056	0.7796360208636711	2
0.41733420876090105	98.1164277378903	0.9760533377422785	0.0009328199864713452	0.48925189562004534	2
0.3751763394794219	96.98813572942761	1.9634255100758495	0.0021458494685377897	0.6711165715485814	2
0.3881593020929006	98.74530492414748	0.3361367385882291	0.0016116078310403968	0.5287874273403647	2
0.7239230166647103	96.60836798674431	1.2679098744447068	0.0031685854760125395	1.3966305366702425	2
0.13322132002455178	81.09511442885571	17.782982624015304	0.0017164349375441525	0.986965192166881	2
0.45155457841151436	96.78875298825619	0.8900177361049755	0.002746606763074896	1.8669280904642287	2
0.46985190816126704	88.70307099209536	8.956855912939272	0.016375510259235313	1.8538456765448807	2
2.2797315086821723	79.96202760622941	7.864630147368191	0.02935322036340851	9.864257517356817	2
21.068615207061395	10.512001581568974	0.050354986151631094	0.5411340945089026	67.8278941307091	0
42.915853082092916	20.883594875041357	0.1883309271415451	0.65616983854637	35.356051277177826	1
30.626635540119622	41.85201121349481	0.23689043410262378	3.757632967257693	23.526829845025247	2
26.353566457273054	13.843045229825732	0.12492825673763991	10.507575143739318	49.17088491242424	0
2.3620781627217053	80.70230742857028	0.20594001986386548	5.270570371786862	11.45910401705727	2
0.2761454898814369	0.22101820940819208	0.004837901924497782	0.01902823184278202	99.4789701669431	0
11.794870604083494	0.5030603815183227	0.0010353040691552671	0.312761148309009	87.38827256202003	0
75.3800866414907	1.971788179954686	0.009069961002660411	0.62291481783376	22.01614039971818	1
64.49825380486554	2.51898854835643	0.0022372611487586273	0.4267203984430561	32.55379998718622	1
53.4743922530633	25.63325903190874	0.054428489465720986	0.41000490278038015	20.42791532278187	1
10.723799409286649	67.78931567060519	0.14587129599944812	1.9898667518700321	19.3511468722387	2
13.954216791615742	57.61840023313623	0.07372148098904505	0.8786010629255276	27.475060431333464	2
0.1033449098960626	0.4067663951013249	0.012529505791185412	0.007871347884091792	99.46948784132734	0
0.013621324629741811	0.048822000002430456	0.0024122150226934557	0.003914652687166135	99.93122980765797	0
0.000973356159289306	0.005289854480427059	0.001033513894730046	0.0004239358545890643	99.99227933961097	0
0.19751913477103494	0.025563603063392098	0.0010546123047369118	0.01152157395484735	99.76434107590599	0
0.010560907846418216	0.013288953697842155	0.0007547484678614527	0.00208597186190727	99.97330941812598	0
0.01961520750132928	0.017477970530503376	0.0012647316961330584	0.0011782306383243592	99.96046385963369	0
0.7919176335397821	0.0581533809410465	0.0002208639701869582	0.0014669123009581429	99.14824120924803	0
3.346090521370938	0.052249651487948044	0.00011601076117613506	0.0014102966574196653	96.60013351972252	0
54.063802340414504	0.9418677787938858	0.000490135048951797	0.014081780655751103	44.9797579650869	1
73.75854019878801	0.5159489640811303	0.00041637020434959866	0.004550646526754586	25.720543820399744	1
82.33568925362395	0.9922707898542293	0.002126458041608305	0.009116319758468711	16.66079717872177	1
90.95457443512151	2.570824905981097	0.00532334817280099	0.02906552688052435	6.440211783844058	1
87.42050203206622	9.792131266266562	0.015832040885602493	0.14814659173493142	2.623388069046683	1
45.12287416547732	51.20792370586381	0.2924606231682102	0.47140542014354886	2.905336085347096	2
6.164690354316577	91.88736102838708	0.37915734578630766	0.4734676524397458	1.095323619070279	2
2.7175891622898565	95.70689938156357	0.23386173387214146	0.04470505802315587	1.2969446642512852	2
0.4021546386858467	99.02273086736467	0.09334723997003785	0.004957676986077182	0.4768095769933649	2
0.45534378165271094	98.6072477262962	0.5123738313876725	0.01171559700026015	0.4133190636631722	2
0.6565586097920015	96.98110424827452	1.1343620626559638	0.006847538982732254	1.2211275402947952	2
0.5561711232771138	97.41750906487736	1.28184786416614	0.007600485394102789	0.7368714622852722	2
0.4974839936228605	82.26624561342723	16.764793394993607	0.0019734890552369068	0.4695035089010328	2
0.3243128890326219	83.57973139660947	15.635412501127666	0.0023631866603945556	0.4581800265698269	2
0.18989738482648838	64.56851590083396	33.70840517512101	0.004659782906419222	1.5285217563121314	2
0.09956465892392587	71.61522669711873	26.389178392009427	0.002261331610341645	1.893768920337563	2
0.3131937522019947	50.808503726846254	46.55231044504466	0.0019865602662925	2.3240055156408066	2
0.11143418485704741	3.5269947881358807	95.8328121299146	0.0007687634405394842	0.5279901336519398	3
0.09314865026581294	6.4326608746651175	92.74038542638428	0.0005655563413453247	0.7332394923434447	3
0.1840272820328636	9.542789109807154	89.1043963211135	0.0011009434109879993	1.1676863436355038	3
0.0948324061088842	5.074280907207904	94.12932953741445	0.0005713817677419868	0.7009857675010216	3
0.03603763607943421	1.77211292059891	97.73538500194175	0.00015477298821017947	0.4563096683917149	3
0.027776901932197662	6.1306205886611895	93.40018293597878	0.000181947602141728	0.44123762582570014	3
0.014343386332231698	1.2218602537356464	98.28163229404096	0.00019807106854151428	0.4819659948226221	3
0.019421470005388894	2.197584450425404	97.3414897110562	0.00028347951509338114	0.4412208889979108	3
0.023383489254767874	1.3126399882233382	98.21636371912813	0.00011744681932854841	0.44749535657444206	3
0.017052305200821384	1.40085334954567	98.13540098638374	0.00024124037322192175	0.44645211849653677	3
0.012008952356520853	0.8926556614583182	98.57962353348962	9.095908743765893e-05	0.5156208936081108	3
0.07971993032600944	0.6805616371049135	98.18117366329972	0.00028685581756761157	1.0582579134518104	3
0.0930992569282048	0.7660997422657001	98.03628613630534	0.000704884793917898	1.103809979706832	3
0.14400502070617635	1.6758545477002802	97.13612424446568	0.0014653229195331758	1.0425508642083172	3
0.20020981976458968	1.7407166711739723	97.62106162595052	0.002699084218097996	0.435312798892812	3
0.09983748239656616	2.438657292082731	95.66177881404536	0.006273040214024295	1.7934533712613154	3
0.34109265526324456	1.2268709958264243	0.16204773852991058	0.019890139134203934	98.2500984712462	0
1.8074419053822888	0.6317437380863516	0.011422591281526924	0.01591092288104512	97.53348084236877	0
73.84036298208261	7.730223015332702	0.03501955355294491	0.044619119101778355	18.349775329929965	1
52.05633333761389	11.327956984198297	0.07414230224183864	2.472212033116131	34.06935534282985	1
37.02475245927731	27.460874731900226	0.025955848714768717	1.5183744305060907	33.9700425296016	1
30.564494117738917	4.398645350355393	0.008892427349020078	0.732316005047321	64.29565209950935	0
37.244665298469734	4.62849227385733	0.006167916679473139	0.993061170316672	57.12761334067679	0
21.176289314021265	2.5284484715258393	0.008002545747745202	0.5825838686675635	75.70467580003759	0
1.1813601524050386	0.7565369646898394	0.005955475958265429	0.0751778002069914	97.98096960673986	0
80.5204637612756	2.7315991835504216	0.010044484463123917	0.715563177232866	16.022329393478003	1
89.33167158508328	3.880420785262203	0.013087102236012145	0.46409683946784624	6.310723687950635	1
43.957324579830434	29.98611909956923	0.12572668645436486	1.1218168900914314	24.809012744054552	1
69.39738985261346	27.02543670203454	0.0868745257195295	0.48181286583274224	3.0084860537997202	1
16.00776647116627	82.97739392381024	0.34163259326959816	0.06731289500278341	0.6058941167510985	2
24.038417027125032	72.52787461712	0.4556675331828645	0.1603580340725073	2.817682788499596	2
1.7339499407048617	96.20806059569647	0.991304179726491	0.02820965784705497	1.038475626025144	2
3.622544589312729	95.17236667034163	0.5173748489957699	0.019991247844692306	0.6677226435051749	2
1.045430143908897	97.52838759295881	0.7276920527534856	0.006328517303113101	0.6921616930756834	2
3.7396875364559627	93.09721406773983	1.287548001691549	0.03432244568954956	1.8412279484231173	2
2.0400902940391075	96.95184309859147	0.13658017175366588	0.005999164985390183	0.8654872706303705	2
1.3857082883071856	96.16857594945924	1.5110109605034454	0.0024467748485803736	0.9322580268815278	2
0.8069606976306997	94.98019363584585	3.0157308942934042	0.006054917868827339	1.1910598543612343	2
33.37918832795078	43.19730710317467	0.11028784892128164	0.15730428315800168	23.155912436795266	2
5.755704437716492	89.9768792352997	0.47892432055187345	0.09045211897760126	3.6980398874543354	2
3.6865156503384338	94.25671335983942	0.2389532657554289	0.04054874010217938	1.7772689839645417	2
32.44832420363583	57.430435048438625	0.04841802288535694	1.401198349982225	8.671624375057965	2
2.8797616413485083	88.84605339670158	1.3036632908640604	0.17192092934753747	6.798600741738323	2
3.9207864245468147	93.49924442805705	0.12513098522161364	0.17768742468174248	2.2771507374927924	2
1.2627389272834613	97.25238525189451	0.1264516151631954	0.04889035315792076	1.3095338525009028	2
1.9144293883213468	96.15310357878907	0.5052317368116094	0.03930614992495142	1.3879291461530232	2
0.7517432920508897	94.07116757541827	4.096910806486818	0.021230002885267527	1.0589483231587407	2
0.8525657891989443	87.92057994841201	10.404878148804249	0.027111781403078534	0.7948643321817397	2
47.33854427669697	30.191374839989127	0.19259048411987303	0.20610992902755126	22.07138047016649	1
30.900001655948174	65.78523195464206	0.6407303660607955	0.07850182827767874	2.595534195071284	2
10.333447187296992	89.00935863037225	0.22988500159070485	0.029820407934379244	0.39748877280568085	2
8.295841080180969	88.74654853194637	2.4863499218211196	0.014296321216123979	0.4569641448353986	2
2.146681928102382	94.31967972718509	2.8854317658683333	0.012287493738462395	0.635919085105738	2
0.15988516187384863	10.771661980561277	88.91055683129527	0.0024328437698651075	0.15546318249973756	3
0.7775057538038352	61.575213986502234	37.23624838449317	0.005619767038456531	0.4054121081623199	2
0.3574662427481896	58.04165706665601	41.42980036182298	0.004962878476349435	0.16611345029648247	2
0.0857136968792833	11.091016256543202	88.63056048163905	0.0022608610489097012	0.1904487038895606	3
0.15864021040271617	7.123485412111112	92.56448719649876	0.0017662608575532933	0.1516209201298652	3
0.12399447335957776	8.756520163604975	90.95008204449296	0.003305479603739274	0.166097838938739	3
0.12412193872429161	10.556388610928733	88.8346547703207	0.005334740357784836	0.47949993966846766	3
0.07255553694576285	5.286904961358076	94.48062539602707	0.0017503499681440422	0.1581637557009467	3
0.09808888919327753	8.748095967708682	90.81077367674793	0.002021345545494981	0.34102012080462574	3
0.06650600863001553	3.9048389834184225	95.83027127741445	0.0005389059206999046	0.1978448246164255	3
0.006111564633648631	0.663712772669451	99.25044776734488	0.00017733162647350735	0.07955056372553847	3
0.008401088159357235	0.8229786722346477	99.09734242830194	0.00024846419599853327	0.07102934710805257	3
0.014422401672613898	1.1655211343844052	98.72153307805776	0.0001753914381511793	0.09834799444708175	3
0.028096945797588903	0.7129325846265767	99.03878982676765	0.00018830210158927348	0.21999234070662152	3
0.027348674012720724	0.8372435391719854	98.89958984683524	0.00023392554158511173	0.2355840144384739	3
0.028579001638208444	1.8780146233830386	97.94369579479908	0.00022049359783165177	0.14949008658183985	3
0.020085752628931957	0.8005717636428048	99.01213779382155	0.0004367963102298223	0.1667678935964689	3
0.019693682733233304	1.4397589780429154	98.36899303056613	0.00027637862883564873	0.17127793002885736	3
0.05440133429727789	1.6267362226643032	97.8924267794995	0.0011487117055156448	0.42528695183340737	3
0.06653367791236128	0.9759930280821085	98.46949633104191	0.000921453151621448	0.48705550981199847	3
0.07860873181182745	2.169880992696852	97.19269122355182	0.00235937765304697	0.5564596742864543	3
2.129115453995336	14.356230996735198	80.48284827731898	0.025117456466357622	3.0066878154841414	3
5.65931707576702	9.525410732043198	61.26874099361922	0.2054513555452646	23.34107984302532	3
11.891559467171037	53.572258456657565	23.379407251627494	0.10867171653101353	11.048103108012901	2
17.391575436035215	49.45664331462088	16.397659259039603	0.1553511958039851	16.59877079450032	2
5.016467381931681	87.23702363420601	2.347667690676333	0.14767599396706282	5.251165299218949	2
11.028508578293202	80.39922644905057	4.894172666631446	0.289358869515353	3.3887334365094093	2
3.82029814475136	92.74647270263323	2.6735205976805014	0.02971073257819634	0.7299978223567233	2
0.7817417379814904	86.16889291868816	12.241373804844123	0.04857514631615046	0.7594163921700919	2
0.45400230673551023	68.14345476366988	30.660576187949108	0.09420838263726262	0.6477583590082621	2
0.3346751626912179	36.213562851517025	63.294393120815364	0.013886412869405567	0.14348245210698576	3
0.25419471468140714	25.64500801318448	73.98668234512286	0.009955093944050497	0.10415983306720408	3
0.1665751467801961	12.817891688026192	86.91359680134619	0.011298089297478674	0.09063827454992585	3
0.09146091138229615	8.241537444710524	91.62221361283001	0.006696668931500901	0.03809136214568833	3
0.03500875081147359	3.0482238782817626	96.80520297136727	0.003922451513328559	0.10764194802616478	3
0.031117623047809434	2.991999683986785	96.9036704983687	0.0028592312548613038	0.0703529633418538	3
0.010438852814282952	1.851734161017991	98.07437803534715	0.0007241138984558792	0.06272483692211647	3
0.03354320032831565	1.0678808995769011	98.77643048142698	0.0011666088431969547	0.1209788098246091	3
0.03211654864882907	1.0373538319393028	98.86934735435386	0.00047867141369310393	0.06070359364432297	3
0.03169600563908178	1.1921632619744704	98.64913370126021	0.0011865587865897472	0.12582047233963542	3
0.022894104025816216	1.4158686348663196	98.437249100764	0.0011271270721981905	0.12286103327165535	3
0.028737095126734828	1.0155865185148067	98.79787172075517	0.0007858437464354909	0.1570188218568515	3
0.02435942965235674	0.5647717393026637	99.25743113765964	0.000978662869640476	0.1524590305157177	3
0.043110656722967225	0.7135302864457029	99.08941591724341	0.0010786525004379617	0.1528644870874804	3
0.03373174484639565	0.861457606413961	98.81425582428844	0.0011808835719659722	0.2893739408792457	3
0.040742567020164266	1.1641177239135552	98.29340082028014	0.004246050668219788	0.4974928381179315	3
0.06516258324306863	0.7894761664006689	98.723241274465	0.003640342097957322	0.4184796337933209	3
0.2992573465336241	3.8940424822606707	94.98978704834903	0.005862032527400602	0.8110510903292888	3
14.477031719383707	6.371499186281452	7.822248224893423	0.25762244026464287	71.07159842917679	0
7.678042068665006	31.039590526591205	12.53900301724134	0.1698776969696633	48.573486690532775	0
3.564531342582623	23.377603828362478	4.622374467104087	0.29987269569478875	68.13561766625602	0
3.4615806398389584	26.028510241048853	35.55022446287819	0.08256209458890548	34.87712256164509	3
5.552078214864264	32.736749184391314	26.99580537747354	0.5017362126232295	34.21363101064766	0
4.443607960344165	80.6586901129525	2.672779292246958	0.7926355037585499	11.432287130697834	2
8.469949583154605	26.993938743053224	2.857747475476211	0.35195090094205367	61.326413297373904	0
25.390205078737843	45.890378467482705	1.6819228970509927	1.5356107362078701	25.501882820520578	2
4.6203382408621545	86.13595027328118	5.2789063734501225	0.11714834768089005	3.847656764725673	2
15.761601908924769	75.90283733288376	2.3965047928541714	0.11616246906312779	5.822893496274171	2
5.385618442550917	92.40784258281091	1.5382664043036958	0.03177420588415011	0.6364983644503321	2
7.568093593428252	86.76863768076463	4.405660767152415	0.042378026354895425	1.2152299322998057	2
2.0741262053164267	94.03198116739225	3.5075587740236185	0.013661822857044224	0.3726720304106838	2
1.922790447596206	91.98843107557583	5.827818201309077	0.015569308539202818	0.2453909669796844	2
0.4547012694318361	82.61896581871136	16.685761046272933	0.01430660341815178	0.22626526216570042	2
1.8109562178686454	91.19233236315357	6.665015305371531	0.020069460272982644	0.3116266533332416	2
0.6494831671944729	57.49346815631727	41.47752763203463	0.01766683962088491	0.3618542048327407	2
0.29249953883778523	73.03582461418479	26.491685805105696	0.008065828910701067	0.1719242129610217	2
0.07934819491716855	31.83068285027208	67.9845228925531	0.006290864492973455	0.09915519776467607	3
0.077828311661815	9.95183746631636	89.81503071516363	0.0066298735027702504	0.1486736333554335	3
0.047316537984085735	4.476441641546593	95.39862523658373	0.00194771359444209	0.07566887029114094	3
0.14247180004766088	11.58186692613313	88.1275908121754	0.009470212747573791	0.1386002488962297	3
0.05770055807278299	3.636751644890418	96.12010737760215	0.005365408629273285	0.1800750108053596	3
0.06989803563229621	3.5876944893952496	96.1853218023173	0.012698090736312293	0.14438758191882706	3
0.08401560452001648	3.561674961906528	95.63155769224032	0.11424016881812828	0.6085115725149859	3
0.2570367195973637	9.243749251835625	88.88386310791388	0.1868473159863973	1.4285036046667154	3
1.7223154833112253	4.596006028441262	0.5670722759823815	0.22903131718108985	92.88557489508403	0
2.5579132429953786	2.8781812459177556	0.3473594096335337	0.3845815301269306	93.8319645713264	0
2.861339935955069	0.8542901901799688	0.014367953334513335	0.29281221820062214	95.97718970232982	0
0.08588930579314807	0.06411827500806386	0.013361540079430374	0.019127036346976184	99.81750384277238	0
0.11058681500736366	0.011583046496212852	0.00032393622605512507	0.002718625363976751	99.8747875769064	0
7.9060046340075285	0.27628967542334154	0.005953863586500669	0.12148670885416256	91.69026511812845	0
79.46814611852963	5.801232222193212	0.019696101343268695	0.5382737645530752	14.172651793380833	1
20.098691583208165	32.39165903379931	0.6017524730270725	1.792714351263065	45.1151825587024	0
13.877565567278552	64.94503120405327	0.7070791674013089	2.806816901074185	17.663507160192687	2
22.107231457243547	38.97863616625121	0.18356443222615237	10.695365210874936	28.03520273340415	2
6.430383783399039	86.9550549416979	0.523564695412011	1.462826338857923	4.628170240633144	2
12.501945907337875	74.54747653719528	0.8300587664956051	1.0110091659323337	11.109509623038909	2
7.435385537513023	83.1260088950796	0.6590842824370678	0.6469826587734506	8.132538626196856	2
2.7304059392652715	82.48776349383473	0.8473272846888948	0.5035298678906506	13.430973414320441	2
16.502346283765394	62.84931640087144	0.8667454445675284	1.5166158195580977	18.264976051237532	2
1.3268138360377844	92.11249574154735	3.7858082852836525	0.15059683091789056	2.6242853062133116	2
8.766543254201453	85.39799027968111	0.48407535820724906	0.3497630677403142	5.001628040169856	2
26.77835096023444	62.206123114012215	0.11270100641282245	0.3580387394247279	10.544786179915807	2
17.33185417940048	71.74963117858859	0.19942368887995243	1.1462628827415073	9.57282807038946	2
3.197677904160675	94.60660235144958	0.6166398311720177	0.16094296568647412	1.418136947531255	2
1.7133487480516254	97.5181364074858	0.14873468852075067	0.08006115604000824	0.5397189999018207	2
1.349250016075972	97.79077555803126	0.19091622428047428	0.16156634623270208	0.5074918553795812	2
0.8214394588094438	98.33376655982899	0.5764525381458052	0.053212847622388315	0.2151285955933824	2
2.198501241526316	94.74679073732379	1.1970732282813885	0.317465017278598	1.540169775589892	2
1.4610697897440499	97.97438248792437	0.3412603139348288	0.04569207211828955	0.17759533627845506	2
4.957450664168947	93.01987532888674	0.5222560791867891	0.17928005529839303	1.3211378724591045	2
7.525666851855044	91.35486097675981	0.082716704523216	0.2930742323339346	0.7436812345280036	2
1.067519132402333	97.4124489262329	0.4461293419054213	0.06030962679552887	1.0135929726638226	2
1.2809864364286585	91.70653971666297	6.220052086815391	0.05542949298415554	0.7369922671088343	2
3.1642020156999497	91.69767914944097	0.5005943186648768	1.0236406531454112	3.613883863048807	2
11.159939660813798	85.51980403345807	0.030689411847203807	0.3080625229403107	2.9815043709406197	2
3.4952940308355864	96.19259404770303	0.05718246619764515	0.03948393584607872	0.21544551941766404	2
5.555373084138666	91.03584967788967	0.8993230577318672	0.3275549293018106	2.1818992509379966	2
5.32572816094206	92.22194840233989	0.7925587173856894	0.6565501952773437	1.0032145240550043	2
6.128345688505417	91.82739952742011	0.3940071351907674	0.57598182355934	1.0742658253243613	2
3.139477248578541	95.4756648946119	0.3094396782027066	0.35438466288350595	0.7210335157233824	2
2.4493731570913275	95.84335744214047	1.2017292819277614	0.10843679114837122	0.3971033276920903	2
2.7447162725792715	92.19751374052187	4.029170966614055	0.2839941378152283	0.7446048824695911	2
0.18612726439146227	48.07746755147627	51.428359888430705	0.09128372908710186	0.21676156661445722	3
1.3555392896534575	64.08790798055539	33.67482740635617	0.32307756609872956	0.558647757336253	2
0.3869909224596952	60.998093115147356	37.91431996146015	0.22957036533082345	0.4710256356019588	2
0.5547887010140716	40.354354460085915	58.64657138092095	0.2654998566397514	0.17878560133931937	3
0.5704869306175965	27.984042364011163	71.19784755149001	0.08409616287817415	0.1635269910030637	3
0.0331551732458802	5.491524341901187	94.37126487540179	0.01565269242018147	0.08840291703096223	3
0.36743746207786654	17.451898231374503	81.55729885938749	0.13145181728386757	0.49191362987626847	3
0.1068706822552263	7.608045434085916	92.1017446713738	0.05026854720755521	0.13307066507749632	3
0.03324710737578173	5.117140226527632	94.80206167106627	0.008373404345977251	0.0391775906843521	3
0.14876244265106842	6.192134715882915	93.52561331276105	0.010895133431431869	0.12259439527351954	3
0.028933999438171078	2.983680348723638	96.89854854596062	0.010797635033495756	0.07803947084405954	3
0.062059725412354626	4.182191430674072	95.67862630120293	0.007696946245815246	0.06942559646483298	3
0.05083032698461812	2.9338702097068707	96.90185609116891	0.018379102500863696	0.0950642696387359	3
0.06712564830891701	3.1611007880185893	96.60886400806216	0.034042423893021985	0.12886713171731318	3
0.08429059027564671	1.9271540116764827	97.70633878689988	0.017176858866482014	0.2650397522815031	3
5.984619409764874	8.41725736870845	2.368988011047027	0.0543818486489729	83.17475336183068	0
51.15016879863112	8.830509053574442	0.19127213573581037	0.24835087679120332	39.57969913526742	1
42.645349802350616	36.36797717462131	9.103733088261519	0.591037101650034	11.291902833116525	1
2.9886171931209584	85.49531494148623	7.242169626566936	0.04639483522222616	4.227503403603645	2
5.0903541183501835	85.28543100068026	8.70343061832622	0.08676812633395817	0.8340161363093956	2
0.5773079531636406	35.15273834835402	63.556977498834655	0.07951453185453566	0.6334616677931333	3
3.322072871455781	70.66281563822791	23.067446971672936	0.38376563273126996	2.5638988859120966	2
0.68793692313552	81.92307497225829	16.831444948441927	0.1253613819232658	0.43218177424100157	2
4.507812343232966	90.60974464918819	4.270035205642373	0.10572391734076285	0.5066838845957315	2
1.3283024344623824	78.93258010589751	19.440425208823605	0.06413014406192505	0.23456210675457098	2
1.252324425518966	92.66278819779717	5.884373458111971	0.023909027849156425	0.17660489072274724	2
1.242558756446953	93.54336449782639	4.802602281855441	0.06696891767796206	0.3445055461932808	2
0.25012764503891854	84.91484395188635	14.5629060652012	0.01815814619280255	0.25396419168074796	2
0.08437893591997953	34.792601310041846	65.0023204776758	0.010848462065960417	0.10985081429642836	3
0.3660447445863254	70.70893491336021	28.581362322805603	0.012457641684544067	0.331200377563328	2
0.21176715975301613	60.42912145035974	39.218792323519665	0.004614606788759956	0.13570445957882663	2
0.6681509542142364	58.5678445157368	40.5424499869154	0.013103354145201635	0.2084511889883498	2
0.06264698590373585	27.151611949377084	72.59029176109406	0.003737680593030748	0.19171162303209172	3
0.02537835875290043	3.0612951422747408	96.8221743236962	0.0014525398611727888	0.08969963541498115	3
0.1309558597119614	27.431090024854875	72.24526494541922	0.004001737441583039	0.18868743257235054	3
0.01734979981188475	4.015248905115241	95.9199921415125	0.0008142492928728572	0.04659490426751952	3
0.013836888219177185	1.846559174347072	98.02763670131039	0.0021220883459269952	0.10984514777745277	3
0.010797194702551206	1.728252139411355	98.1744465558052	0.0019492451288998904	0.08455486495199334	3
0.0035675673499808115	0.8507895524379293	99.1008805135796	0.0011219247436187226	0.04364044188885466	3
0.006642102532056977	0.7399512716631707	99.20789695587165	0.0007644223112027026	0.04474524762193872	3
0.0032806532909019446	0.5641125823676998	99.38421345600692	0.0006745560448377692	0.047718752289619776	3
0.0045832099593478655	0.7348476591867957	99.23507986874519	0.0008510500117637693	0.024638212096923524	3
0.003965905057519483	0.516224935515401	99.44637878728918	0.00042843149372492304	0.033001940644163154	3
0.0068640159658059485	0.5539886017961533	99.38269229831359	0.0007594307032011429	0.05569565322126538	3
0.0017525099555622148	0.2821309569887757	99.69471442696442	0.00033942892907958954	0.021062677162150007	3
0.003943841691921971	0.534526086506859	99.41242135072821	0.0003730604582469996	0.048735660614752686	3
0.010462166076125948	0.5200670217859236	99.37471449474273	0.00034874725915509484	0.09440757013603467	3
0.002044121747385919	0.3217924688009742	99.65420206840697	0.0003935106500971985	0.02156783039457328	3
0.003973007684397185	0.24483875144535616	99.71809695540253	0.0002814119532258945	0.03280987351450266	3
0.004188643166134769	0.3621068092175075	99.6058403850305	0.00032778874508815277	0.027536373840752613	3
0.003384238711732216	0.4163112167039926	99.54834760155408	0.00023818142565497903	0.031718761604546564	3
0.006438477053462876	0.25344247874975345	99.69792555718271	0.0006425920535011868	0.04155089496055093	3
0.0069909317556520545	0.33745641851120184	99.6048307881408	0.0003434392674343499	0.050378422324930325	3
0.008375466353891203	0.3963346051351064	99.55394698984925	0.00038184783701453135	0.04096109082473529	3
0.013558436730072072	0.46181796175944884	99.47367830797725	0.0008734185605055353	0.050071874972719685	3
0.01569627520272564	0.5848054288167399	99.32688034497265	0.0005283719928488059	0.07208957901503739	3
0.009732108602319182	0.307633719358907	99.5816056234358	0.0014965654481423774	0.0995319831548258	3
0.008398806035933888	0.32616114022580256	99.55142547270017	0.0024446292526070627	0.11156995178548032	3
1.0039418606433508	9.529502486485946	12.638792758192027	0.08431852390831801	76.74344437077035	0
0.6212115096687424	2.8091510145286422	95.19025029427091	0.09807857411104534	1.2813086074206614	3
0.589772920920275	18.62098372671534	74.27175761500774	0.17496862759623985	6.3425171097604025	3
2.660949927050724	2.6973253011437555	0.08125203128220501	0.032570750393454764	94.52790199012986	0
16.417249521979535	13.085822959972177	0.18845242629223843	0.18065061849249436	70.12782447326357	0
28.47925134378395	48.566859018925044	2.939115839098562	0.8484925004222859	19.16628129777015	2
16.77111036874567	69.77960828226833	0.5085987785332508	0.12305583706948006	12.8176267333833	2
25.62335092659731	60.64933741505666	3.116908674975684	1.631854192318556	8.978548791051786	2
7.73609918831034	88.29763893440504	1.3967838096074996	0.2940167597895223	2.27546130788759	2
3.0855594021180694	77.37723909089598	13.741795295180514	0.2451606834364016	5.55024552836902	2
16.37979352425902	74.24948444818766	2.2211527325514058	3.6800130261859305	3.4695562688159773	2
0.7320332619409475	78.81688152447043	19.415430116206288	0.10438809361738292	0.9312670037649514	2
5.494664569113091	91.62297580354168	0.9538309633793546	0.6028927703176153	1.325635893648251	2
10.65066097195633	86.92678641592802	0.18769820796910708	0.2795413906044747	1.9553130135420724	2
8.039563479254957	84.09183836862742	4.990038498250219	0.48059135502050804	2.3979682988469104	2
7.493534146614963	75.10900584659635	5.589158192859404	6.223515374634023	5.584786439295245	2
1.1156422976006766	97.02706275829344	0.49858904508443996	0.07821136653508738	1.2804945324863453	2
5.091460116983761	28.748191630415672	0.12422654883022445	0.06540836029701773	65.97071334347332	0
2.4172480421446365	2.2532647303449314	0.012568354865598598	0.12966882415360584	95.18725004849122	0
32.16161261081788	37.87001596057468	0.2900414732953943	0.5476772893452857	29.13065266596676	2
9.329318510480595	72.72496792083966	0.9080656423885497	0.4651571927333355	16.57249073355788	2
10.887619917681091	78.31086141332003	3.5282032121860816	1.0088398778033854	6.264475579009403	2
6.9454428324022865	83.22851835256687	1.7055998084700281	1.24514226566383	6.875296740896987	2
4.210663604900659	84.92190445860344	4.270315883215726	1.5679749727819683	5.029141080498213	2
8.661613330098294	88.66742613936664	0.49109599015503336	0.5805637092336267	1.5993008311464096	2
1.0012524768138584	93.1797482067428	5.02938713527058	0.25847531950715597	0.5311368616656164	2
4.39267648710783	91.86530760294383	0.6012694181202578	2.685126170098604	0.4556203217294951	2
2.831656428014791	94.62233759598064	1.5456332116478506	0.5703518491173888	0.43002091523930963	2
1.9143286575514944	96.23220694067116	1.3283956753348554	0.3119134926923056	0.21315523375018564	2
0.9673044261137372	96.10674951953257	1.820298157680181	0.8457271355602477	0.2599207611132752	2
0.5601948046423714	94.48108189981048	4.5132921083264925	0.3592216218436743	0.08620956537697762	2
0.20512124247634048	85.07220803270397	9.424924533600809	5.111407748269052	0.18633844294982443	2
0.23626734108393457	57.17951270486502	15.49145014706971	26.922038848792624	0.17073095818872425	2
0.6370015566876442	29.835649200308197	3.9270459594202043	65.2309358028895	0.3693674806944601	4
1.5586021432178363	12.330191018849302	0.12324834759777242	85.75277080233917	0.23518768799593048	4
0.7943856683350845	22.36262288274594	0.13428289454869005	76.58794097243778	0.12076758193250274	4
0.7391732172009061	3.5127704707768417	0.00429282036230332	95.62073638972073	0.12302710193920605	4
0.5942691594139935	1.4100261871910384	0.003900868723881916	97.7628307545912	0.22897303007988956	4
0.8524797544876821	1.8868621544650497	0.0031303823571067063	97.07795954629127	0.1795681623988915	4
0.6168099851908624	0.97675371691173	0.002558256544645326	98.17117026005144	0.23270778130131337	4
0.3002007912470684	0.3509775007090019	0.0023231688917278452	99.24652278171294	0.09997575743925051	4
0.5630650723796934	0.5773764837958928	0.003231704639017816	98.75933584891537	0.0969908902700309	4
0.34823261102644215	0.3985811146029637	0.0016986023001134708	99.12405593627247	0.12743173579801154	4
0.3558830865311693	0.6477456587356458	0.0018918630034695629	98.89959823548435	0.09488115624536585	4
0.7066569148111779	0.4689184540626933	0.0011587270839083965	98.60253203393664	0.22073387010557688	4
0.1734170146037144	0.10000040288371995	0.000783443600828981	99.6735437091935	0.052255429718236546	4
0.28812064496610873	0.399130676715877	0.001503910583881103	99.17303373509296	0.13821103264118031	4
1.1638992330091598	1.0385655602025392	0.0007089828073909957	97.60491076426815	0.1919154597127617	4
0.1819883206809078	0.2478995926484845	0.0016959550107276502	99.39139021974535	0.17702591191455286	4
1.0441028181131444	1.3413401324046275	0.0029577663088574055	97.46643292980556	0.14516635336781278	4
0.2828015502790274	0.19492868226829246	0.0023161893479976075	99.09612965418373	0.42382392392095336	4
0.3165153688442013	0.14598519025751922	0.0008885288767958966	99.3687008223668	0.16791008965468127	4
0.29523015222108767	0.21780635704907536	0.002648543809313271	98.95812569567133	0.5261892512491765	4
0.4751060495209501	0.4699435237141251	0.0006655952898636558	98.75201084088523	0.30227399058982285	4
0.8868395224833588	0.8199653644924119	0.0008568905770915562	98.01539284418106	0.2769453782660758	4
0.6947746900314888	0.40089553245674714	0.0020658288147147796	98.19937132597317	0.7028926227238721	4
1.5573969394190028	0.24205809011551893	0.004266049511852952	95.31308790840272	2.8831910125508955	4
5.91847891615129	2.3937882614023414	0.007899133795966353	81.62511367211782	10.054720016532569	4
3.56814748561432	0.3831749307266445	0.004100295876158975	95.1049232661759	0.93965402160698	4
3.054038813157384	6.498007721454112	0.02864408597512377	90.0348510922552	0.3844582871581706	4
2.829693271296533	1.6263281643759606	0.0023166346540253973	95.26190562922582	0.27975630044766764	4
0.6966780479234406	4.182144636707623	0.003865433117932301	94.92635378163699	0.19095810061402674	4
0.31047536733812325	0.38737880128131774	0.0016043665752344168	99.22489623336222	0.07564523144312085	4
0.6069112856152988	0.19055258857155863	0.0019489479499071572	99.09662212574307	0.10396505212016185	4
0.11785538280525482	0.13488166082187528	0.0014588837015954519	99.52380752587786	0.22199654679340455	4
0.31178676505452	0.06365702466295237	0.0003691499683369142	99.34566215703924	0.2785249032749429	4
0.13699549864990512	0.07432055653400348	0.0007446959063932787	99.69391067839972	0.09402857050998446	4
0.8549798378629242	0.1941415816472447	0.0006339966107150279	98.77685011912199	0.17339446475712306	4
0.9735217977915963	0.23181455310545418	0.0009106361090401509	98.33468996743801	0.4590630455559076	4
2.213212041471082	0.4883317411591857	0.0033864056613563177	96.95270186075314	0.3423679509552482	4
7.52021125446792	5.236816838930508	0.005522570019144071	86.65032190338744	0.5871274331949801	4
3.226094250370632	8.216363654059487	0.013543930987937292	87.6193476423661	0.9246505222158539	4
3.7893668141062022	10.857542992823468	0.028801741205820353	82.65896405457946	2.6653243972850604	4
4.461949248199584	60.087925361295525	0.08646420260078888	34.86685647184445	0.49680471605966225	2
1.973592303084167	93.16614475879787	0.18413541771206277	4.09707424941596	0.5790532709899223	2
2.612214161566207	85.22189845197403	0.14100856996857558	11.786653406195827	0.23822541029537644	2
1.2203466514267136	89.37250568252901	0.1639530439083444	8.829818849063123	0.4133757730728051	2
0.5065629282208849	95.47060424129006	0.3670553021023205	3.5608808903044644	0.09489663808225088	2
0.5021587546570054	97.6443059563411	0.11837072030664872	1.6466678491941251	0.08849671950111032	2
5.269567950760529	90.16742648505533	0.03264014060501948	4.333901886382492	0.1964635371966285	2
0.3422867277071603	97.6484679423378	0.08236191800814878	1.8606075612806392	0.06627585066623944	2
0.6441985148083514	97.01874025385224	0.10696926118173317	2.172532363539926	0.05755960661775543	2
0.5340142088739805	98.36843045575525	0.18925490754956698	0.8356504946685132	0.07264993315269394	2
0.3904407611664204	98.6196341212808	0.6918177839606787	0.2622425713904749	0.03586476220162957	2
0.3474171129905618	96.1004219979018	1.490578541289728	2.0246748685944853	0.03690747922341315	2
0.5134535615679089	95.4551678363826	1.7389963599311637	2.2419733728281024	0.05040886929024306	2
0.3014195793975527	98.59485070379822	0.6021957217749738	0.4731127090779801	0.02842128595128503	2
0.563403077554404	95.6991521963143	0.1715630451198972	3.4645625584777404	0.10131912253367732	2
0.52142023670821	97.6005350905323	0.1728444503300173	1.6684301416846763	0.036770080744799406	2
1.0175488255757188	87.17758938526494	0.21449837525520216	11.427774605814713	0.1625888080894394	2
0.37652378736101144	97.1239784504425	0.029454272956115145	2.4108848263509137	0.05915866288947585	2
0.8081781861152003	90.96613676333953	0.55945503913187	7.461395266889238	0.20483474452415185	2
0.5255544687506306	93.74622662633809	0.3336473834509086	5.28572681013501	0.1088447113253665	2
6.018232668661528	34.36692276610645	0.030067823682397472	58.75181776252477	0.8329589790248569	4
0.807190926787257	94.77255369806713	0.09470379388592018	4.230611384135474	0.0949401971242158	2
2.0996326594492642	82.01635215728467	0.07239637692071405	15.359575212661966	0.4520435936833823	2
4.443054762039002	72.52645201198794	0.08731882249859453	22.542738288311174	0.4004361151633059	2
1.6444481174458145	96.15800871006486	0.13713740530001367	1.9052696930579003	0.15513607413140462	2
0.24462486258756405	98.29844621025615	0.6247312172465247	0.7743518132473212	0.05784589666245496	2
2.843877952139359	87.1532229116445	0.3634098712070102	9.468851197586744	0.17063806742238302	2
2.541166836706725	91.08903106134842	0.2739686395380171	5.820598573352076	0.27523488905474947	2
1.5351532072015126	66.3904185485212	0.2426545533109772	30.868573413265523	0.9632002777007929	2
0.7247394704808746	89.5983518519809	0.09790797637073126	9.206079419264404	0.37292128190309487	2
6.177978634014561	51.30267500908651	0.09580639667462036	34.44680882849107	7.976731131733247	2
0.2035300790472649	0.21138555965670536	0.009283705192314994	0.09231720759697017	99.48348344850673	0
1.9403248699311597	0.7434528432867228	0.0006223253841859001	0.14234034083912028	97.17325962055881	0
2.876045468735502	0.17391115627638098	0.0013700275873797807	0.07095913168383938	96.8777142157169	0
