0.7281246671056318	0.16099414305267995	0.0010689803195190078	0.0026442229511074583	99.10716798657107	0
12.083240038847427	0.16566512739897551	0.0006960551156607002	0.046095631066095565	87.70430314757184	0
14.90449882026067	0.29251314122965716	0.0006213021850029981	0.06781167067776778	84.7345550656469	0
8.933164403085023	0.28989412468602715	0.0004713440734744427	0.04021254994889646	90.73625757820658	0
2.1432941204987257	0.26049668684066835	0.0029658622302274795	0.018937360666410955	97.57430596976397	0
0.03950842676289598	0.005373421110616155	0.0017735409654255354	0.001584059093296846	99.95176055206775	0
0.2689931771554769	0.01115153319838253	0.001225045932646588	0.0021099503068094374	99.7165202934067	0
5.31252254323347	0.07115818312135522	0.001570720588892574	0.2221381159921468	94.39261043706412	0
7.455837947237466	0.18280471292238912	0.0013915530635116283	0.1854774333288672	92.17448835344777	0
47.06302496996133	0.3903029240009651	0.004165997873715493	0.2521076335324596	52.29039847463153	0
59.68543701746852	0.7109005043839395	0.0015216712662231321	0.8660557158173556	38.736085091063956	1
44.460176494221464	0.45799400884245717	0.0018901259188602545	0.596206442413146	54.48373292860407	0
51.71286979656924	0.8520830104476131	0.0010917273622897655	0.3053815626804417	47.128573902940424	1
43.62347595859436	0.5895730898154462	0.00036071556076818976	0.3597521310352568	55.42683810499417	0
28.37059787823149	0.6622116067909916	0.0008834457685891435	1.1720067628401778	69.79430030636877	0
3.112681169429715	0.21640910049396264	0.0008910478948110055	0.6336757511318325	96.03634293104967	0
12.6800103641697	4.7348363158165165	0.005890248818523859	0.8246044924529214	81.75465857874235	0
29.64617121972467	0.6648366004396218	0.0011019190608894313	1.390629693922535	68.29726056685229	0
56.69609724174948	0.8429478334201448	0.0005943494249748025	1.5645853990170575	40.89577517638835	1
69.51646856309843	0.7905390901857237	0.001161876986679908	1.6101257727080254	28.08170469702113	1
60.41853805010668	0.9815604392811184	0.0010048261909970876	0.8122237969225156	37.786672887498675	1
63.897661245896195	0.7167553079794019	0.0006297246309777704	1.149470591623859	34.235483129869564	1
76.89642820128338	3.7364141006659977	0.0013993446728117088	2.167651097811592	17.198107255566224	1
61.55578490174977	2.946056299789685	0.0009287276388785849	6.444173304537715	29.053056766283962	1
65.49691719679225	2.5814691264345493	0.0012596684221651278	9.375659686414467	22.54469432193656	1
53.15201615753432	14.437153632885144	0.01149738219392025	21.930834619720624	10.468498207665984	1
75.43529997315305	9.628493509364267	0.003880949496135888	7.444036396319295	7.488289171667252	1
36.94151582637002	50.90805957110363	0.011611457254513858	6.891953356673384	5.246859788598449	2
21.029817289518594	74.58542334558548	0.018439663674151043	1.4973829252524584	2.8689367759693307	2
73.02196315083508	24.016138043110608	0.0270918250595362	0.4772013176907255	2.4576056633040557	1
62.89951360860755	34.196461722793615	0.019912390864367167	0.054212051715578996	2.82990022601889	1
32.33397698116838	64.52412220827001	0.10056077157408394	0.1963473827780656	2.8449926562094725	2
30.06059025807029	65.93509763723817	0.08217009248873883	0.07213633109913474	3.850005681103663	2
22.010709467281313	74.23262226815756	0.6866355270409761	0.01947147065476552	3.050561266865376	2
21.26184661736517	76.40514041734754	0.4310636526007856	0.018533607061097305	1.8834157056253842	2
21.39424809679797	75.64904636149909	1.0005853779082075	0.014798612271501406	1.9413215515232256	2
16.488019173695022	80.24974630502858	2.152014660143692	0.006075980676952968	1.1041438804557273	2
6.003487549771253	90.27603578350197	1.5775107898785694	0.004482577704668977	2.1384832991435547	2
6.9814109034447	85.7675820696344	3.820614491806019	0.009353090980578788	3.4210394441343057	2
6.248097958777612	92.02669554953697	0.5845836476160483	0.005379607492019111	1.135243236577348	2
4.450922679174152	91.9207644275675	2.678368271179647	0.0036110230171108285	0.946333599061569	2
3.378155934121492	92.88202107382517	3.200361924527486	0.001114795497423591	0.5383462720284338	2
3.055903801404129	95.69858796521812	0.7132716872775349	0.0010348050392583834	0.5312017410609616	2
2.0616436987228353	96.26909801031263	1.065932009742011	0.0015042144615969727	0.601822066760929	2
2.4735067744014856	93.15093193213067	3.042006885367374	0.004768915073970334	1.3287854930264857	2
2.0538450972660915	96.1905589686733	0.571832835353106	0.0036752964300996904	1.1800878022774137	2
0.5745050859765716	93.5956123737062	2.927085528816898	0.005359015073730447	2.8974379964265746	2
3.9999283566964863	91.25282685709847	0.820916339369777	0.01103228156444062	3.9152961652708282	2
13.859244860217956	81.11785901876469	0.5260108821801943	0.015618185746271256	4.481267053090889	2
0.2038025533744905	0.21412325838202742	0.004842005302857424	0.0018817029799051534	99.57535047996072	0
93.08893333034072	1.796262790341023	0.0014715898593343597	0.04330382093043076	5.070028468528499	1
94.76736393604337	2.4021198145705402	0.0013418514564931812	0.1669437692148586	2.6622306287147293	1
96.3255466806939	1.7572799152371543	0.0036826399229267044	0.09539801299973495	1.818092751146264	1
83.39232503379202	13.179025041919742	0.0008330197469193157	1.544270680521985	1.883546224019331	1
38.935545547832	54.45837081877667	0.01827180174684154	3.9277524493771434	2.660059382267348	2
24.992705081022926	71.02237813979272	0.01935082537516478	2.82558333572637	1.1399826180828239	2
41.250532364974525	52.835658536567074	0.015729870093490396	3.596602807381779	2.301476420983117	2
24.722926595324797	72.22097531066146	0.018917630356421366	1.367071767898746	1.6701086957585634	2
46.075661095499136	49.79398838389433	0.010932181834473394	0.4849059609328645	3.63451237783921	2
16.26005770626105	82.55903945511292	0.04512558907027883	0.10137182521202993	1.0344054243437277	2
17.48085839366844	81.3995656361784	0.08810342430202817	0.034192715095284425	0.9972798307558407	2
18.05169727770884	81.08557462778812	0.09304303865918462	0.02090442418287638	0.7487806316609773	2
38.08523993162055	59.85708528650755	0.06447801928141411	0.03914042197702398	1.9540563406134663	2
12.947151886250808	85.80474102844143	0.0738338371124683	0.01249572872085354	1.1617775194744497	2
17.70556024974868	79.96179932279107	0.17520197501589505	0.012964670942557079	2.144473781501815	2
3.77401129497104	94.92995216270359	0.32353844172595964	0.0025490181144651775	0.9699490824849704	2
23.75349267695868	73.50649300127128	0.10928047820689459	0.01134433653363989	2.6193895070295166	2
6.368356471358706	90.5861104677252	0.33874715548398665	0.0049091950155423685	2.7018767104165686	2
71.9370570501878	24.25572442799825	0.09489570987180854	0.011112424989509206	3.701210386952631	1
25.349074899322815	71.85736298061124	0.48224357603121265	0.0045815897831296476	2.306736954251592	2
77.29256702319722	16.401668565771093	0.06470167516634466	0.010053221211464939	6.23100951465387	1
17.572694300480368	64.21343521307533	1.3087344872224478	0.006538296925998503	16.898597702295845	2
23.236980023237788	59.24282189927962	0.49147203983764387	0.013891908782879273	17.014834128862073	2
54.388065722791836	36.62833107475148	0.078902315939356	0.012145891979887288	8.892554994537448	1
14.969286012595392	75.19230513075976	0.47136792277854883	0.010724121548865172	9.356316812317427	2
16.64772581093886	75.38079862980153	0.3969453446289163	0.007360813108856437	7.567169401521843	2
9.368555362712952	83.82717112541654	0.3391042516344498	0.006831844636212046	6.4583374155998365	2
2.358384670824245	90.36506636618536	1.2365018002514214	0.005095281514264909	6.034951881224694	2
7.323584923101809	83.77198199629537	0.4144961027476101	0.019600775178708556	8.470336202676531	2
13.859179578186234	75.35926288070712	0.32976706011672574	0.013692908752289339	10.438097572237623	2
5.912588743634255	75.1366219953853	1.5420500306281573	0.01750014887581717	17.391239081476463	2
5.076925855350196	81.72709001489025	1.701285839873037	0.026665082218354234	11.468033207668174	2
4.7968505974398585	64.92105786699356	2.525887320074906	0.04010269201592108	27.716101523475743	2
12.059101310284268	61.38313322911188	1.8529872401025642	0.04576603803930888	24.659012182461986	2
7.900990652812847	63.60394989686669	1.3703262830882443	0.034590551891423474	27.090142615340806	2
4.849535513642459	57.55650549882672	13.116253119372228	0.03597566943884284	24.44173019871973	2
7.314292638550452	63.84955244279571	1.7492820425422977	0.0668225621110336	27.02005031400051	2
6.169714517481841	74.3430935791435	0.25094685004830114	0.025629335655859238	19.210615717670525	2
2.0555462710074854	42.001049487246235	6.357909605653529	0.00659346661166265	49.57890116948108	0
16.772548599272234	48.747436638992966	0.511706979596772	0.010070076940975078	33.95823770519706	2
6.384641147434008	52.60974956769891	1.6187596392380739	0.008910704219121312	39.377938941409894	2
15.39889096741575	48.27030769886945	0.6743665405039292	0.015013309328735024	35.64142148388213	2
8.33386114177872	58.81416056463019	3.361858048773149	0.011275580540336371	29.47884466427761	2
10.868910487306142	60.10239067039971	0.9955633907773169	0.0077403993127941485	28.025395052204043	2
7.017780531500746	38.4634938459478	10.702507343698546	0.011771492550882943	43.804446786302044	0
2.8931363608784024	24.03218546827439	0.49788678124718116	0.008350165109581373	72.56844122449044	0
21.137149972667032	60.85779093080371	0.7687148797970165	0.00897676714065047	17.22736744959158	2
8.091659766315539	35.37436005686061	0.5152117075441734	0.01815712438366304	56.000611344896015	0
13.05689344876978	39.226394118852696	0.26774022090399213	0.03623054765686164	47.412741663816675	0
12.516876106210603	57.91278476264188	0.2195280962895081	0.026442957649256582	29.324368077208753	2
30.984280792559034	57.36495693101362	0.16181393586639042	0.03435501130019946	11.454593329260753	2
16.75065556355162	58.263273631116405	0.8963744776732795	0.039579214166743086	24.050117113491943	2
34.05374149084251	45.45342872493382	0.2405527404770714	0.0824578927166028	20.16981915103001	2
6.588696229180208	81.21930684151634	1.3207214825418676	0.017394823013703986	10.853880623747877	2
53.106276336968016	28.190279521697224	0.15117848621587668	0.2690612448056513	18.28320441031323	1
32.50304283502167	53.35206730975326	0.8884940115541714	0.16670976321871092	13.089686080452184	2
17.228278321642794	71.1437277727098	0.6086569645954643	0.04751759844210605	10.97181934260984	2
1.9424108050202757	91.17195432140714	1.0133185149975572	0.008650663804285145	5.863665694770722	2
10.21422649422387	71.24385124982592	1.7799410227425754	0.0290395181250728	16.732941715082553	2
26.93800256792411	64.43907000084465	0.4223867683787844	0.017492262014604326	8.18304840083785	2
19.73675310065878	62.25863593004528	0.4308096478665737	0.016214410333211183	17.557586911096138	2
19.36273558495442	49.06056906841876	0.45270115301475333	0.0201829527325816	31.10381124087948	2
9.66708418474206	39.75142653229325	1.039791708516192	0.007124333422801868	49.53457324102569	0
9.389789276665597	20.951832020082602	0.5423341829327629	0.010935669399253684	69.10510885091978	0
6.722525673796858	21.98812602423739	0.31180971460272666	0.008256189354313445	70.96928239800872	0
18.727471940873414	35.07227807094834	0.5475317437580616	0.02592555626084447	45.626792688159334	0
8.270966217915216	14.475784408270146	0.6218261695347912	0.043973798372962794	76.58744940590688	0
4.9190121165606175	41.060482786629244	1.2998211603165628	0.08410387159312264	52.636580064900464	0
9.19538018248264	42.84445481919432	1.0104519154741918	0.09272841995791213	46.85698466289094	0
4.8363639369912885	51.13805946877743	0.5785663781559635	0.03803641915573996	43.40897379691959	2
6.780697732309314	28.285944627751036	0.5344484001534568	0.04332552408182588	64.35558371570437	0
0.7364577856674275	0.4926865455043245	0.0012581002411313719	0.0036125172299044947	98.7659850513572	0
8.324310665833966	0.9813842114830674	0.0009660982418315439	0.03842092370798616	90.65491810073314	0
0.6837043294901614	0.05776703432972845	0.0015518089080210039	0.004539970511328161	99.25243685676077	0
0.3772636607027395	0.10361562668012335	0.0006225955676922383	0.0015097334774014173	99.51698838357204	0
73.55403846278816	0.8628825585265157	0.002309009363212782	0.0263225398851568	25.554447429436962	1
90.18973375373443	0.6311998228486282	0.0030798645230617257	0.011374947845313298	9.164611611048565	1
93.23294520893282	2.6037594493101386	0.1028387547484214	0.036847408099289825	4.023609178909347	1
39.271036732840045	55.09832328114817	0.05204789072854761	0.2459406542100472	5.332651441073192	2
33.51244554065592	64.61604418155324	0.03607625865894949	0.4852084524301382	1.350225566701758	2
23.577497278138924	64.69543312214256	0.17194362276733946	9.415967162880861	2.1391588140703095	2
10.250527567053044	81.69643097536982	0.2710771643370605	6.484085060110916	1.2978792331291633	2
18.83047249398525	75.14536087230049	0.03767148959029998	3.773200627351011	2.213294516772957	2
6.7144138589160045	89.57176060295228	0.07368067970137782	0.7739364842633868	2.866208374166945	2
5.7684686868244235	92.44866140570242	0.1075648631594322	0.20363889922309825	1.4716661450906325	2
5.630650781817734	92.5836251608924	0.07761842164332086	0.09849917631629772	1.6096064593302755	2
3.0224940612209874	96.12746396312977	0.24444131263133606	0.013404777909196853	0.5921958851087196	2
2.4029546755633637	96.98465553731528	0.18912172597836466	0.007532737664076903	0.41573532347893233	2
0.9031597536166833	97.09042062847752	1.645387195004147	0.004949872242697578	0.35608255065894734	2
3.1307039402624843	96.01193329976346	0.21659647945897123	0.010486011890883426	0.6302802686242098	2
4.528694774299035	94.14310570506834	0.5961621036939055	0.01896630537417815	0.7130711115645416	2
2.5241572430735495	94.78617134856103	1.8419668737127026	0.011264485695053467	0.8364400489576863	2
4.29824012064309	94.65897456376707	0.30885559283139197	0.007748666745324316	0.726181056013103	2
1.9227052711604125	97.04444644784166	0.6328714316478632	0.006210094776658139	0.3937667545734033	2
0.814189513782675	96.34169523603411	2.2108269967044585	0.011262366484436733	0.6220258869942957	2
0.48634050013419355	80.36806343873292	18.762926759405225	0.020379883440943783	0.3622894182867039	2
0.5115691766879924	44.796850861879015	54.34440808656302	0.008124905146601084	0.33904696972336684	3
0.5243631778750798	50.787029688211824	47.927748117704205	0.00608700141018003	0.7547720147987116	2
0.09123582335739347	9.869422445813727	89.83097160827789	0.0017936902293662037	0.20657643232161582	3
0.10132098175598872	4.120037087349633	95.5488395899465	0.0008545389204483873	0.22894780202744597	3
0.04011766904816072	3.0246729879041068	96.6976172577557	0.0004115815723323565	0.23718050371967642	3
0.15055190009623487	7.581116938674122	92.07019944923326	0.0008386950944485995	0.19729301690193726	3
0.49810141840893096	26.086585943567286	72.72263534293	0.0039627929853680325	0.6887145021084257	3
0.42528742222035804	57.557207518079245	41.28511854195225	0.002859683387687971	0.7295268343604551	2
0.12860432201254554	18.474954795214547	81.16727760242651	0.0015339368168705444	0.2276293435295439	3
0.015450609532118234	1.5216639326700299	98.39821704955045	0.00020543576525615672	0.06446297248213076	3
0.11108320133962725	24.473544736203216	74.95116354219464	0.0011854184504399153	0.46302310181207795	3
0.006418487244663333	0.8976203881054875	99.012765150292	0.0001255952561490427	0.08307037910171532	3
0.043954036412727174	6.6352009349615795	93.1713745201649	0.0003090431416598646	0.14916146531913624	3
0.0028701875423295885	0.3926143020350121	99.55787635597794	6.676736370498111e-05	0.046572387081026366	3
0.0031709196019118775	0.475129282692307	99.49911623310082	6.586943079636753e-05	0.0225176951741762	3
0.005700641161598699	0.7587695031753193	99.16403947718591	0.000118940925572591	0.07137143755158847	3
0.0619801296539909	8.469470849932142	91.21271648609579	0.0005946358452121932	0.2552378984728726	3
0.02740629511509214	8.884041794488272	90.99051267544839	0.0006763236758786643	0.09736291127237924	3
0.08539948706481469	33.514215140364335	66.14589867013918	0.001108582191105792	0.25337812024058565	3
0.04615530083967499	4.871451857831275	95.0100385239914	0.0007096902812427249	0.07164462705638437	3
0.008803153386079659	2.366194721106002	97.59088608403789	0.00013566339240602798	0.033980378077620735	3
0.004201508697893025	1.0909165452811669	98.87910277854797	5.0408956807298534e-05	0.02572875851616545	3
0.004211825543645587	0.7346046088736813	99.20230400626644	9.625894290603858e-05	0.058783300373306535	3
0.005416843491001182	0.6261949272456818	99.30823623295933	0.00010913196021577896	0.06004286434375096	3
0.007676995103413849	0.7336923059726099	99.17829535906262	0.00018971937120506905	0.08014562049013113	3
0.0048153413753209435	0.7825918220077702	99.00554665109935	0.00018919377374566808	0.20685699174381325	3
0.00547969950050013	0.36551654502646364	99.28374686440944	0.0002170762410654185	0.34503981482251644	3
0.016766266256687524	1.4874357152810656	98.14767863445296	0.00044477190603089603	0.34767461210323897	3
0.02984487151444456	1.6519108567922296	97.42937149246345	0.002492736067573213	0.8863800431623124	3
2.4431193907798288	51.30650946449439	15.968731014384355	0.020615522674641288	30.26102460766678	2
6.514145459784445	52.07144387573944	11.383819256504434	0.013632580915116758	30.016958827056563	2
8.462065251202777	72.66519950221833	6.763360287933211	0.031620559870601354	12.077754398775063	2
5.792109670087163	80.27475839538718	8.64232749543149	0.018138866790599097	5.272665572303584	2
6.333160906466613	83.85137820328508	5.651080933757113	0.04263138773590172	4.121748568755301	2
1.317215141073319	92.76385579590716	3.9891709268165445	0.026291828452204666	1.9034663077507654	2
0.8479798956511276	81.34113313815043	16.46229450433414	0.03452956145937638	1.3140629004049404	2
1.5625847438635043	92.02476952917905	5.182920522478316	0.07977768022271296	1.1499475242564057	2
4.068522072882966	91.45019195054081	3.35519779380681	0.1144070170729499	1.011681165696437	2
1.0901466475904307	70.6247816680665	27.70191090312373	0.029787775950889783	0.5533730052684684	2
1.8764812197612255	60.411371770031984	37.100102098043635	0.0253905718098035	0.5866543403533528	2
1.9187810595830115	76.34325758418986	21.01131626852786	0.045978647149876345	0.6806664405493712	2
1.489103742754241	70.10099456639345	27.868247115388467	0.026845944086521866	0.5148086313773341	2
1.6290951750345888	79.4083656080795	18.05720321761049	0.020505721277710783	0.8848302779976898	2
0.7985614781093642	23.63064307878809	75.17623052994034	0.05132583018632277	0.343239082975896	3
1.6880550863922723	82.24924130708118	14.298243062728744	0.07977876738063679	1.6846817764171653	2
5.920820667914577	78.28913682202887	11.727848799234533	0.10620644314358685	3.9559872676784202	2
3.9337737827661137	89.31358905112046	3.579418683069903	0.03609622659334197	3.137122256450179	2
10.109068188767075	81.57141097087592	5.479082148907718	0.05314237053969399	2.7872963209095976	2
3.5122500218173385	90.74848482734963	3.344566442608693	0.03628828857119144	2.358410419653141	2
14.572266665585765	81.45432680149696	0.9407296472644106	0.15020849653891608	2.8824683891139475	2
8.04473858283469	77.48950673996717	8.983495845582489	0.04221817301748484	5.440040658598157	2
7.3947133314808	90.48872283523657	0.8749746331907107	0.08086475640494911	1.1607244436869846	2
11.376206561199654	87.52895560104051	0.25952417187444954	0.06935688258654275	0.7659567832988741	2
2.8291946160363453	92.06172319621184	3.628162236739041	0.026346195225772157	1.4545737557869884	2
1.1008372462717797	81.02842408193655	16.97028981365177	0.02069398799143907	0.8797548701484593	2
4.466142700701744	85.96534447405986	7.715009675383709	0.03764426509839421	1.8158588847562913	2
2.035917248202604	90.97978408142751	6.3277510690911445	0.02676052314395294	0.6297870781347682	2
1.5066788046713417	34.09065586614162	63.722804918928574	0.012536337805889438	0.6673240724525716	3
0.5346270044854526	19.879260210688702	78.7428235711379	0.0056740751194848385	0.837615138568454	3
1.3184004706250423	73.18985978788464	23.18060864692308	0.007172411682569667	2.3039586828846916	2
0.6630454313031928	48.220400271157246	50.50260743310253	0.00316303926083053	0.6107838251762021	3
0.16004246855544083	10.416370799058368	89.1182786443682	0.0019363134022696482	0.30337177461574283	3
0.033759895827954085	3.3621560635183907	96.51132587120033	0.0004119541025924708	0.09234621535075954	3
0.021258472252411703	4.609794335365403	95.21106635864895	0.0013395084176792379	0.15654132531555692	3
0.018852228571528445	1.252176964289561	98.53510916554953	0.0005649563741376865	0.19329668521523607	3
0.26361878549659984	9.51671683183668	88.63930643502988	0.005858014753758617	1.5744999328830864	3
1.525464371503021	26.340537372291212	65.32931921684137	0.01463893860437919	6.790040100760023	3
2.8323208688513355	37.26948953533558	56.555772267709706	0.02137153896615905	3.3210457891372234	3
9.524179933256109	81.81855563506888	5.061974117263154	0.04516595146332331	3.550124362948509	2
6.551004400191076	85.28036269120882	6.274018390236083	0.020828561341636864	1.8737859570223774	2
17.17699768630401	74.6404679911893	6.18799558682082	0.053276816026547956	1.941261919659322	2
3.657613828843831	91.47428122877213	4.035203947648376	0.013862230375987758	0.819038764359671	2
0.7584994640061711	26.327652699446702	72.40479102553016	0.010600735969553262	0.49845607504739275	3
0.5153856580319277	15.288673517665888	83.9248614707236	0.010094680298510232	0.26098467328008257	3
1.5028527626741006	18.89425295354473	78.91594358768135	0.040670781900977476	0.6462799141988192	3
0.9837110168590945	6.584807669119676	91.30524916669911	0.10034167709116829	1.0258904702309517	3
7.274078360251039	51.310678615390806	22.10352728224031	0.4477892762064728	18.863926465911383	2
6.068339599103083	76.55533769722403	11.751613891436504	0.35057852796530053	5.274130284271074	2
10.89788830515234	56.14405920879276	19.44559471857155	0.43459411447344665	13.0778636530099	2
17.755015792032793	19.23310627938768	0.2536444544833709	0.8601285093065156	61.89810496478964	0
3.1468011347476406	0.489611565956063	0.005445771221828469	0.07364174981082733	96.28449977826364	0
83.34511105595757	5.497697689204953	0.020108685465830375	1.6710538091829257	9.466028760188731	1
34.27791772633856	23.91337438220895	0.303300251479694	5.21643647230008	36.28897116767273	0
49.90289055610506	20.074294159843323	0.1306695892327985	8.671389791528219	21.220755903290595	1
43.15168402633022	17.00838115869841	0.013096096690539181	23.146445872496344	16.680392845784482	1
18.383171959151653	50.40340376302359	0.14393881187224608	25.06192428352363	6.007561182428885	2
6.332408926686166	87.93279259822407	0.3579067769005318	3.6778158993530714	1.699075798836165	2
26.318624979126042	68.1051756676095	0.5441202161684987	2.3004054548126813	2.7316736822832692	2
17.770806909525767	78.52715787766711	0.5574859710999064	1.113345372323556	2.031203869383651	2
5.102856755557482	88.56146898361953	3.8162761143593396	0.9600273572691874	1.5593707891944395	2
19.652323253557547	77.8403818789869	0.4256671784684505	1.4798161353141934	0.6018115536729196	2
2.9663665952517504	94.67888538579973	0.5556992544654373	1.1377309842034518	0.6613177802796049	2
3.781366245007428	85.97190571553688	2.4198848884329967	6.952421323430082	0.8744218275926091	2
3.251653068658425	77.37091144038396	0.31880039108311187	18.753332121748965	0.3053029781255184	2
3.489234321733766	55.153533314829886	1.676063123835693	39.06077996066193	0.6203892789387438	2
7.0769007304583	4.767188014840975	0.03351599104304675	87.77496659404696	0.3474286696107421	4
11.962902963677385	2.9525053330367057	0.001295467376175895	84.56351937282987	0.5197768630798579	4
7.751179236542323	0.8311919236345875	0.002430845252620975	91.27952202537132	0.13567596919912922	4
26.79768628087997	6.331210425172004	0.003618267406279712	66.46045049725758	0.407034529284164	4
8.561162829332025	2.41530905136224	0.0013226399261181338	88.7125971919614	0.3096082874182041	4
15.83231016690336	2.8891444428574933	0.001750888444690811	80.99428208825093	0.28251241354353973	4
8.415704721624783	4.587772545048999	0.002554236277923903	86.85796639982766	0.13600209722065115	4
6.360151975723738	4.9038703162196375	0.005130669838993853	88.60461123831737	0.1262357999002748	4
3.132561057772032	1.8448941206208374	0.002989144259974337	94.80710069439725	0.21245498294991072	4
2.6600624534999326	1.3314285726209139	0.004469874912838349	95.5936230241952	0.41041607477113023	4
27.069619129384204	2.019914036935695	0.00030599465312962186	69.9826363162359	0.9275245227910813	4
53.1178512797997	0.564638732511317	6.64839903931222e-05	44.70938389039393	1.6080596133046625	1
39.38029203236995	1.5559057504827623	0.002296318340797034	58.59996140763678	0.461544491169712	4
29.245524121759235	4.427463880186436	0.003698858286420805	64.04094135675636	2.2823717830115378	4
13.37312116269973	1.220392016177307	0.0005679728141845399	85.08924450920412	0.31667433910466214	4
5.8708657955237085	0.7380818669269084	0.0020658502832071905	93.12488976612755	0.2640967211386219	4
14.718904932720205	1.496605142370664	0.0011251927302355232	83.55039250944132	0.23297222273756168	4
6.257785998675009	1.450485530367294	0.007701044888549009	91.35484199109068	0.9291854349784707	4
5.685444754535993	0.3779386852024616	5.732605865848992e-05	93.82124560980674	0.11531362439616161	4
7.362696045587827	1.1478448709034428	0.0008846298246627637	91.33488214343107	0.15369231025299393	4
8.65376584152686	0.9967200448393807	0.0007175287851707813	90.19865606783577	0.15014051701281206	4
0.8561779397583567	0.19986382482523568	0.000647029539042924	98.83124134533257	0.11206986054478575	4
4.263322684135868	0.4672381161027408	0.000610037179330221	95.07959610215826	0.18923306042378837	4
2.0716667707446454	1.6826555666318184	0.0022016770723477784	96.1109304291647	0.1325455563864958	4
5.054143324863947	1.3924245063906453	9.20421059320001e-05	93.42293963390574	0.13040049273372545	4
3.6389911027993778	2.8148456128390444	0.0012468375611449478	93.40066287131621	0.1442535754842189	4
2.759784620551267	2.754462001751779	0.003847993129906605	94.18518325413548	0.2967221304315748	4
14.96061908019358	3.8796558191569073	0.0032430261110646254	80.8036504577566	0.35283161678185093	4
17.304192973540875	6.681032052118785	0.005470784357253318	75.76797634147377	0.2413278485093095	4
14.539589238503266	14.278869633638186	0.005869961445459248	70.78988429261803	0.3857868737950672	4
20.423741135748497	40.47315766280962	0.024073502571005996	38.54183178194058	0.5371959169303202	2
9.98651791749877	17.235906377139308	0.007071068589832511	72.4799497096471	0.29055492712497855	4
12.286290901430764	25.145315522520757	0.031126397455279814	62.289183866961885	0.2480833116313115	4
5.264817659860203	6.3435768646538895	0.00868725757338134	88.2813746817352	0.10154353617731147	4
13.371088944359174	5.481643486314881	0.0011794279068808179	80.74664065170222	0.39944748971684635	4
15.397179692996213	8.144009438982074	0.0028730564847007636	76.16600278932455	0.28993502221245415	4
15.82805939923495	9.833047160332232	0.006778331659912797	73.92625747664212	0.4058576321307779	4
27.26904466968137	28.3354430155129	0.0034522029741286247	43.96800233602308	0.42405777580852333	4
21.65902772893586	16.74665619878078	0.003039168572196251	61.05501293721494	0.5362639664962413	4
18.054254711318922	47.469110756874244	0.022388061174682696	33.39958364322651	1.0546628274056573	2
11.728722270035249	70.84751916202528	0.04297498796325312	16.683282223004028	0.6975013569721767	2
6.171052056749352	87.89943433237445	0.0264316292925735	5.37526571481754	0.5278162667660656	2
3.5168822204735886	93.12062185815707	0.08997718084089261	1.9626778683453836	1.3098408721830737	2
3.7341829102441695	89.28860651477957	0.14105642260689846	6.46635245027905	0.36980170209032465	2
3.2725592027674195	93.4180197095321	0.04461867445450354	2.9241829304036813	0.34061948284227933	2
1.3499593417086797	97.08557057619065	0.48161645956304266	0.9537910285470621	0.12906259399054676	2
1.6206066941881578	97.29018947448814	0.09336701580919556	0.6341859444700538	0.36165087104445115	2
3.2500091258126784	96.06351326774083	0.0390981729554238	0.38680155870001603	0.2605778747910429	2
0.9423622226922335	98.22118674444161	0.5184433295960611	0.1823015035139285	0.13570619975617973	2
1.4709699061540338	98.24282413674995	0.06816893647024504	0.10268238205142244	0.11535463857438304	2
0.3286141257495068	99.4939230131189	0.08555663070506461	0.03349996997578058	0.05840626045072769	2
0.3575428312754067	99.33255949562307	0.25509932773233923	0.00794998915511885	0.046848356214089934	2
0.3594022015065565	99.08190690379298	0.4659433171589568	0.005180019358457727	0.08756755818306704	2
0.23012268928460097	99.12253047759712	0.5740464246375776	0.004386559286547388	0.06891384919414574	2
0.2859198729302688	98.68949573885686	0.8105064300383216	0.017766112609578836	0.19631184556498596	2
0.22119588184922492	98.92917720128371	0.7556059149410225	0.006984129206617861	0.08703687271940408	2
0.36863111690531336	98.21002511192395	1.167274250909634	0.047597212288056336	0.2064723079730288	2
0.36923440981168987	90.19417689480386	8.991612215914078	0.07620465680419405	0.3687718226661749	2
0.3393410034369751	67.1539754424087	31.83540380218898	0.12861061355263487	0.5426691384126938	2
0.8216865247018359	63.73245541143423	33.32050924563725	0.3685135651206171	1.7568352531060618	2
0.220542199321029	0.2769172000742776	0.007244119393634927	0.04074365953551804	99.45455282167555	0
48.57727887258945	4.0211829520278135	0.009349849268253699	0.33006060163635964	47.06212772447813	1
2.604201276935117	0.2576840620299413	0.0027158719775103564	0.018076247322688924	97.11732254173475	0
89.03248165971605	1.3940035413298384	0.0022898899525901164	0.09321896871454824	9.47800594028696	1
41.7323751806279	43.111810291903176	0.05057504218588211	0.7473831077313129	14.357856377551723	2
69.38585006248724	18.34143986277569	0.020248150364025944	2.1945315652659967	10.057930359107063	1
11.658498116643274	82.09548433235324	0.049071816384210265	2.1665271146079115	4.030418620011371	2
17.163175732983472	75.10846653783813	0.05111654059291352	5.851231216684036	1.8260099719014444	2
7.59429706383117	90.06553164822418	0.08780750333537507	1.371539788932781	0.880823995676482	2
5.5957107728796025	93.08429327362664	0.027257615461617205	0.9003023069260079	0.39243603110612	2
1.3683832951422317	97.82980466953934	0.4524398888367133	0.09292019812352817	0.2564519483581933	2
2.767445382069658	96.85054128006476	0.07780104473413085	0.11531108985867032	0.18890120327279816	2
1.3899774196698291	98.36000856781496	0.0534928575002563	0.044669621754691774	0.15185153326025433	2
1.0058148277096604	98.78589915085325	0.08900787743368357	0.01953850150061474	0.0997396425027975	2
0.7387481151398325	98.65975031783027	0.3693276238495372	0.022415316050063232	0.20975862713029722	2
1.4235845393675592	98.13526810690017	0.23113849647291135	0.028595520362831882	0.1814133368965084	2
0.6771601685820837	98.44631670374774	0.7096677275057431	0.022181462402975284	0.1446739377614614	2
0.8309778864725151	92.96556952437122	5.38975266556466	0.05200356336119211	0.7616963602304304	2
2.1991105907407484	95.19696928960543	2.196373475471995	0.030085890809816527	0.37746075337199686	2
2.848321165728617	96.30171697748902	0.5007508651281067	0.03167518681577651	0.3175358048384602	2
1.503663966178231	97.22182497698039	1.0997731809260471	0.01109207895709649	0.16364579695824158	2
1.2891340046506112	96.43110129368131	2.067651007342326	0.01327422117821922	0.19883947314752287	2
0.29540804495663275	93.9018474290908	5.6260543924392135	0.007181191188701702	0.16950894232466607	2
0.9647368305377216	76.73472763054271	21.644497967941927	0.020759439373151008	0.6352781316044975	2
0.20914704527724756	39.912712570354785	59.43631891092396	0.00960620304388758	0.43221527040012825	3
1.4166096592003923	92.18034695867662	5.030811059162377	0.033932298005262033	1.3383000249553525	2
0.21046821963999282	65.22289033918338	33.7288753581298	0.01863032240097513	0.8191357606458392	2
0.43517491115913676	84.7977335362915	14.24252214334584	0.020758589122054236	0.5038108200814786	2
0.12967978568453645	14.674787598748761	84.96946823393682	0.010250903568984657	0.21581347806089024	3
0.15061175594520676	54.094162867780085	45.21579127909253	0.04612329848700162	0.49331079869520444	2
0.3573133786843246	35.69153843734521	63.54746905948433	0.05342585455587945	0.3502532699302473	3
0.2148603955508015	13.860825249611153	85.63716120975494	0.022759601959116613	0.26439354312398944	3
0.04470269428357885	11.954977913447069	87.74846750970848	0.01900146408171212	0.23285041847915297	3
0.018526035092822576	5.706138816619874	94.1690536970209	0.007511606965394007	0.09876984430101927	3
0.03678270648358313	4.593822737933181	95.24094383493632	0.015214567784499897	0.1132361528624151	3
0.07752692519262747	9.297948242608756	90.46388403519806	0.02219799142796196	0.13844280557258232	3
0.011986958223014856	1.0524713603072393	98.82032696640803	0.0135989012528921	0.10161581380880892	3
0.05092145828242018	16.556842788189112	83.15603463552758	0.027639286359388122	0.20856183164151776	3
0.12806224545062675	6.967784894683087	92.71271690713534	0.010986596520952857	0.18044935620998778	3
1.7003868663002446	64.55598448614025	30.024410639472542	0.06143084545908686	3.657787162627869	2
2.466224954782568	87.23593973363512	8.355420110287714	0.2493306125579893	1.6930845887366195	2
1.922486739182671	78.21921529777131	18.68604694611218	0.148120343688308	1.0241306732455135	2
1.8896396139894551	89.65412564103855	5.905291799940606	0.2585810624860423	2.2923618825453627	2
0.3200226720687512	33.063660658795875	65.24307438609212	0.086649644156278	1.2865926388869877	3
0.3898350362372703	26.51434744630876	70.88803582275989	0.13104722421956144	2.076734470474513	3
0.724843586564637	47.95804489763152	41.12716408772418	1.560221017238132	8.629726410841524	2
1.2893020982017902	33.8835941647247	58.305827246727084	1.3415614212206317	5.179715069125799	3
0.29930031040025695	0.4755452805972077	0.03276371693505376	0.00982688860758142	99.1825638034599	0
0.046652311783891426	0.08416289061225565	0.01026079481239077	0.0015285974367608608	99.8573954053547	0
0.06314037649575292	0.09087900259479578	0.004972813335031101	0.0031986746363339338	99.83780913293808	0
0.19545344633470874	0.06220765108430207	0.0048945885511447	0.006429050783851145	99.731015263246	0
4.080179030785644	0.5105019193322283	0.002184377428841161	0.023132782367959633	95.38400189008533	0
53.436152860227004	1.5312487839018536	0.0024229651565471906	0.28717273664461157	44.74300265406998	1
89.00126853067259	1.4362608266127488	0.005631036066603749	0.16089594737757784	9.395943659270472	1
0.5703735051497434	0.1364113871545559	0.0050015476281642865	0.07840847838726678	99.20980508168029	0
48.08449709563708	0.46649876042396105	0.00036156106883399893	0.3671059033317622	51.08153667953837	0
86.52997058880938	0.6610435213094994	0.0004128718785078015	0.8156906560228612	11.992882361979765	1
92.60854579008003	1.603405342120653	0.0006378267067429505	0.5714459228883111	5.21596511820427	1
87.69622159062708	4.023105443760643	0.0028944954184105874	6.310290631359437	1.9674878388344248	1
25.093602567141744	10.737716034071516	0.003145889303984338	63.268744173069734	0.8967913364130241	4
30.502594159231773	32.32535749718492	0.008552328837944762	36.50652970779585	0.6569663069495157	4
10.581787002220116	24.848492233312896	0.006174736200727914	64.23712271030614	0.32642331796013474	4
4.780578668133571	23.93651710721382	0.017222823692297048	70.57134357215489	0.6943378288054268	4
4.762975029277411	66.86120104082708	0.1605772076497223	27.151185321400938	1.0640614008448361	2
20.195710323543874	62.08481439503376	0.04121053327283385	15.958270606215102	1.719994141934429	2
7.843053878407891	90.21117928625799	0.08633090808519182	1.357562057777485	0.5018738694714251	2
8.199696303428357	88.26394311803953	0.11308531253550391	2.9340716336079287	0.48920363238868103	2
2.2525043304743377	96.37591772170113	0.37061512670331975	0.4567029365829729	0.5442598845382326	2
8.356936835455306	90.20190193208954	0.130454412031997	0.6828388533203744	0.6278679671027716	2
5.770131984198878	93.35525360905339	0.08872235438773056	0.36504644789102597	0.4208456044689817	2
12.463857266153173	85.67200569607442	0.088306293313368	0.9776911231295262	0.7981396213295053	2
8.321282197566012	89.97079199798843	0.06385855556800543	1.0509006138813188	0.5931666349962388	2
39.53374701427968	53.03992812795121	0.05523723951316881	5.057353995879501	2.313733622376434	2
8.754181446037505	90.06005231383361	0.05060057254171747	0.8216249048322074	0.3135407627549674	2
17.973572603714892	76.8659722259035	0.11413064671012138	4.236977933369787	0.8093465903016914	2
6.9322400102767245	91.54481376614397	0.08245399840146732	1.1648080156905665	0.27568420948728445	2
14.688267395230808	78.80049652190144	0.11066698229235691	5.788036729765526	0.6125323708098603	2
7.413410027173368	91.21335288067166	0.1237713362663169	0.8337262969462802	0.41573945894237235	2
21.770697655805606	72.38242415461833	0.024533475567212037	5.1963697777610225	0.62597493624781	2
3.659093429651966	94.5491534516597	1.1431144485961393	0.19902437320382504	0.44961429688837196	2
6.44439031541345	92.08912986904753	0.519604424350753	0.28316951018837316	0.6637058809998887	2
10.755170446481914	87.21485294062384	0.315444447663962	0.39575358950884787	1.3187785757214263	2
12.864633099614997	84.74629702350775	0.5737684963554723	0.34341735897111786	1.4718840215506488	2
8.838775569851839	90.27379498927155	0.2161330751751946	0.11074631228067103	0.5605500534207158	2
7.859089938192208	90.51598564929236	0.6843252030046808	0.17761696455778536	0.7629822449529664	2
5.278799133263218	94.13428828893629	0.21504051516263115	0.034036848785259026	0.3378352138526122	2
1.856223664388466	97.30507669904057	0.4131598833214248	0.015561426517907928	0.409978326731629	2
13.158070605857489	84.6833216614154	0.6587116030550236	0.09694481058281762	1.4029513190892537	2
5.313889756362847	93.42087305423534	0.3682535776997785	0.06386710243264541	0.8331165092693986	2
1.3768761815550459	96.40314377910715	1.4550866767020059	0.027534993761224466	0.7373583688745572	2
3.4133786953462546	95.67966904448414	0.21525517320949067	0.03883915874500486	0.6528579282151088	2
6.733573665678809	89.52438922078187	1.120284100923148	0.09553459828371329	2.5262184143324635	2
5.810325841595021	89.53266263737348	0.9012143914931504	0.20086293317727777	3.5549341963610677	2
4.528869647282244	92.23922000368935	1.3952643633354853	0.15697206856949644	1.6796739171234043	2
12.071374468732358	84.05243084361952	0.550493799279004	1.4986543867201794	1.827046501648936	2
4.200965600664145	91.09127238034917	1.5452324035207035	0.3900488639432002	2.7724807515227967	2
2.9257381032451812	91.4311086375312	1.9444772907766643	0.731346783523126	2.967329184923822	2
5.738983366672599	86.75064054769415	2.0621660822576944	1.3357900160585727	4.112419987316989	2
10.088679588355829	2.539244168738433	0.013026446771432344	0.27458594487393617	87.08446385126038	0
72.05947671920464	16.536798481275973	0.060293424315314995	2.099398333892609	9.24403304131148	1
37.701374632238014	48.7059466261763	0.15910167563240357	4.849200594984746	8.58437647096855	2
54.26765036894189	22.49679671777832	0.08788055252955168	15.817397622912463	7.33027473783778	1
6.01769616178039	25.49182987008496	0.023184063953948234	67.5529106738643	0.9143792303164086	4
5.062271106929797	54.48423348472403	0.036253174737510226	38.882280916871295	1.5349613167373588	2
9.503018398915458	66.20096053075143	0.2723669705740136	21.84919923602429	2.174454863734814	2
11.70006050692591	77.8026233481803	0.08093935462759262	9.70259133887857	0.7137854513876005	2
11.228096401932318	84.38401033921339	0.10201013347571854	3.7716888567020734	0.5141942686765044	2
6.392830883293733	91.78677838201635	0.3675388432391242	1.1201304104219894	0.3327214810288066	2
1.4507533114477695	92.04551199315624	5.858636732371854	0.15219859655503562	0.4928993664690863	2
2.8172072168244884	95.63346058739623	0.9169955549936684	0.2803575390003166	0.3519791017853003	2
