0.004968400681570037	0.01322800293891547	0.0030515870566781194	4.932598585525289e-05	99.97870268333699	0
0.017246064629876993	0.04031919552153839	0.004305990938001498	0.00035447627940550107	99.93777427263117	0
0.012882344977671682	0.07940778598578921	0.003233399394719416	0.0006078267230783672	99.90386864291875	0
0.0037579184908942635	0.015975064630289106	0.005823520647082194	7.452191895321138e-05	99.97436897431277	0
0.005105297483697799	0.02487631661377439	0.005507228240198165	6.453833970880739e-05	99.96444661932262	0
0.004414782880993961	0.019615391724651293	0.005974326962366155	6.311089211299221e-05	99.96993238753988	0
0.005099944900216906	0.018475504343713787	0.009292427166545898	0.00014835549877588653	99.96698376809073	0
0.0055266194744836745	0.020979250566962697	0.008155297870554001	0.0001424328493840211	99.96519639923862	0
0.01430483189782035	0.03573679068438801	0.006061750087596251	0.001134393804303974	99.94276223352588	0
0.03464288489229294	0.06026265815742754	0.00482455489875533	0.007124815168700305	99.89314508688283	0
0.01004870609305554	0.030747057211694406	0.0013171922069473558	0.0032994605521832507	99.9545875839361	0
0.06445117885479928	0.2036528692187612	0.007825926124854565	0.009543528920565507	99.71452649688102	0
0.016434015589003082	0.03030191646149715	0.010090991281678098	0.004598969458988154	99.93857410720885	0
0.01744693084494367	0.03500182889622194	0.0071625518045573	0.004445443431937649	99.93594324502234	0
0.1081179032822226	0.06320627115047439	0.0076459126559109865	0.013507647682970143	99.80752226522843	0
0.08505479412757477	0.07126657138676576	0.03022596724944794	0.010892152575998074	99.80256051466021	0
0.005457255688834737	0.01621742247090944	0.004713100049010838	0.00298377617588834	99.97062844561536	0
0.04154771092703723	0.05412745646241734	0.011238271885679656	0.002391934066309139	99.89069462665856	0
0.0057413582213774435	0.01631868386016182	0.011085798429029806	0.0006734622956401551	99.96618069719378	0
0.014241498853198607	0.0485027852105058	0.01303199762743913	0.0005617889957130725	99.92366192931316	0
0.012871472151404408	0.022346168740336812	0.010837884242359559	0.00028274439196853833	99.95366173047393	0
0.012738065532880516	0.022701556926940456	0.014823186256965345	0.00018278245975319993	99.94955440882345	0
0.006208966768597711	0.014367563575479646	0.0051980428256483335	8.900569749142085e-05	99.97413642113278	0
0.005038231099462209	0.010830546597714166	0.004723865305437274	6.424340506982367e-05	99.97934311359231	0
0.01005839545347016	0.019835453191012774	0.009957338230756509	0.00014888491243720533	99.95999992821231	0
0.008695086822255354	0.018928287071360888	0.014511104106215058	6.765727938050985e-05	99.95779786472079	0
0.2712214430482343	0.22813818157764176	0.007171220220291279	0.0038864512248846564	99.48958270392895	0
0.02174456276840022	0.02801892696392371	0.008545866025721504	0.0007116979610705689	99.9409789462809	0
0.00624847513349503	0.010838762698928582	0.006735758261396115	0.0001738900350770603	99.97600311387112	0
0.01824248428455305	0.01994056017818263	0.007186758628803942	0.0002107750576060742	99.95441942185084	0
0.004775977189402286	0.02331562544604558	0.008284728630500149	4.334116453794613e-05	99.96358032756952	0
0.0036226372429819433	0.019985893381891898	0.0035155270238387513	5.176448328995849e-05	99.972824177868	0
0.005829623035554477	0.01940462313586475	0.007528024386363798	8.670392448036756e-05	99.96715102551774	0
0.005595984632268931	0.036004617189175456	0.006948192533780216	9.907504743412474e-05	99.95135213059734	0
0.012169000245723472	0.05505495221682397	0.01026439301710108	7.767796708314494e-05	99.92243397655326	0
0.0066037176277306845	0.035251225537461406	0.00553668796355794	2.42615497182297e-05	99.95258410732153	0
0.0050050331455328435	0.06026088827815532	0.014101719784173836	3.2823748243538364e-05	99.9205995350439	0
0.0020895458529603234	0.03369584529592375	0.004975593789555349	9.731306767779702e-06	99.9592292837548	0
0.0021697021366685466	0.05847158358926437	0.007571112765278578	2.1366526730796616e-05	99.93176623498206	0
0.003410865020057986	0.06859106493319343	0.007287073704468414	2.645115493108993e-05	99.92068454518736	0
0.0022941785175305024	0.03984123400077934	0.0037676490114450256	1.3270680257490772e-05	99.95408366778999	0
0.003997190992836562	0.044925338214877694	0.007007599037795057	2.4627280703621e-05	99.94404524447378	0
0.004409470239067742	0.06821639583031046	0.005756681791708487	7.232671189077608e-05	99.92154512542703	0
0.009709053309928679	0.05607724668053607	0.00416638949475485	5.45718324438012e-05	99.92999273868233	0
0.0033774102734611777	0.038247116024661874	0.004810268979795038	3.371111547342441e-05	99.95353149360662	0
0.006289441543227037	0.06129657733157772	0.008583773516987034	9.521116009129612e-05	99.9237349964481	0
0.008456792963858565	0.06483745306698419	0.008945859024040178	5.3285214405580884e-05	99.91770660973071	0
0.03198795761843626	0.034884641748931626	0.004313357529916945	4.1932889193768114e-05	99.92877211021354	0
0.005987848126213914	0.04854998868106475	0.0045975895174214	0.00012701365752438087	99.94073756001777	0
0.0016235478130058054	0.01630062788958579	0.0028969248444205707	2.021197031217518e-05	99.97915868748268	0
0.0028673392946453706	0.016436092345195302	0.0032992093114776223	2.986403950260518e-05	99.97736749500919	0
0.0019371348462866931	0.012212287447541003	0.0039308026032113105	1.1321611360869333e-05	99.98190845349158	0
0.008466271787093483	0.05524204245777162	0.005504466678043231	3.749499648112041e-05	99.9307497240806	0
0.007803519183015503	0.050395259468692374	0.004496709858274382	4.993597296623777e-05	99.93725457551706	0
0.011693623354901837	0.06649242765027799	0.00538028801936024	0.000111927610776786	99.91632173336468	0
0.003602733501417971	0.029295209754577705	0.003523671932118489	7.74860226006201e-05	99.96350089878929	0
0.009520703423357247	0.030610240790444308	0.003034179340400836	5.2165189880872134e-05	99.95678271125593	0
0.010516502823436828	0.01930016292094696	0.004363562217047362	5.051682425285488e-05	99.96576925521431	0
0.008001229363664835	0.024164832182053307	0.0019384365851186798	3.8588834109406664e-05	99.96585691303505	0
0.010542820028087388	0.029171921732555152	0.004141977971899779	0.00018021317592188072	99.95596306709153	0
0.00937961004102695	0.01986901107816053	0.005184165914939653	0.0011996673699550336	99.96436754559592	0
0.012245826635996023	0.02756672365292298	0.004366687902591354	0.0013711314686488773	99.95444963033984	0
0.07938717664162569	0.09982250297327071	0.009307561923289048	0.0061094545720337765	99.80537330388978	0
0.04757504227507782	0.032036763573745325	0.0023451106469810847	0.0010806129904453962	99.91696247051374	0
0.04776255824440842	0.038771960346465455	0.001960849140332115	0.0012283910136665999	99.91027624125513	0
0.028065761163168994	0.03093866547973038	0.003693575411928816	0.0035965884250845253	99.93370540952009	0
0.027255545280596212	0.014585751670972242	0.0011197267121577173	0.0005016855049093231	99.95653729083138	0
0.15109996692055597	0.0333210550001678	0.0028245180870800604	0.0017290106518665102	99.81102544934033	0
0.03356114575153084	0.0364474724029915	0.010049611564420014	0.0006523959248792441	99.91928937435618	0
0.0211147460896892	0.025045563159730784	0.004926542745871227	0.0005941399255734981	99.94831900807914	0
0.022570156228070577	0.039770883503258525	0.005928509622059586	0.0024045908187608944	99.92932585982784	0
0.03356009836948353	0.019086999105913417	0.0055146353172061185	0.0005741698677786206	99.94126409733961	0
0.052540056200211356	0.042995839022005836	0.007994375585914641	0.0013169006747705014	99.8951528285171	0
0.034682329474976646	0.08095077399471577	0.0156026390362364	0.0007399378597164957	99.86802431963436	0
0.029157080789827997	0.09354476374464316	0.017463262817972173	0.0005284304081108309	99.85930646223945	0
0.012850073766151965	0.050365005784662305	0.010293549335764356	0.0001750635122852244	99.92631630760116	0
0.0048302767218496	0.024697012910158897	0.005477690045447798	0.00022582788196608836	99.96476919244058	0
0.01658247033628343	0.014373889526692118	0.0036598776342652143	0.0001935619361718846	99.9651902005666	0
0.012743267905400167	0.008199208826616868	0.0025441377512108302	0.00031508791223331637	99.97619829760454	0
0.02751640907790545	0.026381939796922556	0.005277253493177761	0.00014612121220383036	99.9406782764198	0
0.017836474392039354	0.020714849035899575	0.004792796316686845	0.0004504354726570426	99.95620544478273	0
0.014768826850766584	0.011003356330148751	0.005681991888324939	0.00030492160857045763	99.96824090332218	0
0.012785341304522987	0.006452397217813964	0.0014937242357363238	0.0001388914103361646	99.97912964583159	0
0.0014953516529205917	0.0050802500005361325	0.000644065656858951	8.542083296998339e-05	99.9926949118567	0
0.0005958744823152518	0.003094947922942235	0.0004912283502171427	2.6543008754789164e-05	99.99579140623575	0
0.0003798302499578137	0.0009583169964204768	0.00040399186127845787	1.3777182290103899e-05	99.99824408371005	0
0.0030352534657748257	0.006341074213238979	0.0009626515047991224	5.618713485214755e-05	99.98960483368134	0
0.07074134996393931	0.013828330641953672	0.0028434439882214745	6.372891004648729e-05	99.91252314649583	0
0.01664837180578283	0.010557908515635508	0.001742803103579126	4.214089565714455e-05	99.97100877567937	0
0.013258707251562581	0.007064917866718539	0.002335125294794285	4.351591406295024e-05	99.97729773367287	0
0.014435039232340543	0.007032169837487683	0.0020028011692082405	8.278112015191054e-05	99.97644720864082	0
0.07160010952489629	0.008435400619527618	0.0021712538696351024	7.484520962427843e-05	99.91771839077632	0
0.020831515516379552	0.024882365696661957	0.008908855642095882	0.0004806219092723548	99.94489664123559	0
0.004251669557964044	0.016367989966011336	0.004835102955214077	8.66955633404601e-05	99.97445854195747	0
0.0066302360008549475	0.02541437025912132	0.007917739942759646	1.804787088425846e-05	99.96001960592639	0
0.0035268939489378967	0.051553023250122613	0.007974920898813471	8.486622710531438e-06	99.93693667527943	0
0.0020887443892440853	0.02665325918456183	0.0028416294657722524	3.907304271459309e-06	99.96841245965615	0
0.0033978608596439263	0.059373309113939676	0.007390783961716758	5.5602873055801235e-06	99.9298324857774	0
0.0029995341531485926	0.03570846523986009	0.013612852273409585	1.1101961255331536e-05	99.94766804637233	0
0.0043376649200302176	0.042373887245034665	0.009482863672495874	3.45349190161475e-05	99.94377104924342	0
0.005235213894286667	0.03389821372435666	0.01306979932353469	4.584766811427894e-06	99.947792188291	0
0.0022291195364698654	0.018099075159533507	0.007567530696996386	3.3325185789200448e-06	99.97210094208842	0
0.017151779605826367	0.08394979019229433	0.02660159191575014	5.6365978590598475e-05	99.87224047230752	0
0.0019153604161286847	0.017269973650341018	0.00850994042664931	1.765428851703279e-05	99.97228707121836	0
0.003149416132757905	0.026025758691679685	0.007321087795227895	1.636519257283038e-05	99.96348737218777	0
0.0020782734763586464	0.01027960703655888	0.005659550485669027	1.2065739808084457e-05	99.98197050326162	0
0.00685559105376614	0.027211902271653984	0.011618957505823785	0.00015669736623142832	99.95415685180252	0
0.25320426123819	0.584659643061418	0.05418245099821742	0.0014011995362282704	99.10655244516595	0
0.3653750386756703	0.2013155352744207	0.00494115437321592	0.0037907494029705627	99.42457752227372	0
1.0216714322304257	0.43639053418020174	0.010710854727435314	0.0012707170260520323	98.5299564618359	0
2.3465747064118108	0.5644208670389937	0.001622638914827917	0.0029667900461388926	97.08441499758823	0
1.4255297671240361	0.7717794493335577	0.002056979075579632	0.002455586212033493	97.79817821825478	0
3.5711619301436923	0.6922798716460846	0.0005117370746654603	0.0012909770751357425	95.7347554840604	0
6.924208800141638	0.5307185840454391	0.0003579949712039078	0.0016123888443981104	92.54310223199732	0
6.507696615782351	0.702407280360907	0.0006611416397594897	0.00200402227542328	92.78723093994157	0
7.8212143105519365	1.348459912048442	0.0011394264920221219	0.004803799039740604	90.82438255186787	0
30.38354374280803	2.5739396030851465	0.0019059855011888433	0.005623359137246186	67.03498730946839	0
21.544165204713202	3.1793950330666085	0.009098972158129826	0.02536364347803639	75.24197714658402	0
47.54799554569594	10.201965990442547	0.020569733486804232	0.026644210252671708	42.20282452012204	1
22.387025289911637	14.47127360885336	0.05034861771785091	0.051838220260403314	63.039514263256756	0
46.63411283746671	28.13458326180733	0.020165702831806225	0.048803353344852175	25.162334844549317	1
38.73161145524772	24.855465370276086	0.033075101932695805	0.05795719386132282	36.321890878682176	1
48.32998602286913	30.85264022472226	0.06799338429541141	0.10915440816604063	20.640225959947166	1
41.19873173679743	52.20196208805646	0.12389089230074567	0.15990313449546778	6.315512148349896	2
31.67246149666042	63.56319709796381	0.12868472408447096	0.31786210717809477	4.317794574113189	2
14.096172129414661	79.6204981253502	1.791238073985968	0.8794613186239917	3.6126303526251973	2
14.76885318517898	80.80409247395019	0.16410861965437307	0.881639600338244	3.381306120878217	2
15.88629370797913	75.37249172368124	0.5910163801312122	1.0126361908788415	7.137561997329586	2
6.0194657807746665	90.92965753496833	0.22555404499698053	0.45317652392934915	2.372146115330673	2
13.693969326592415	81.18165883093084	0.48676958327157427	0.6608667571596039	3.9767355020455595	2
7.596319154577172	88.6183729490128	0.9147747695205966	0.47176062924190776	2.3987724976475286	2
9.159256529818377	85.54098736999784	0.7322905842363596	0.4897589460451487	4.0777065699022685	2
2.24674855849552	84.90211369112521	7.783188498397185	0.2796098573036771	4.788339394678394	2
2.034306630474767	92.0755645015083	5.150387824098762	0.12915742210774914	0.6105836218104046	2
1.7244937832294267	69.07403899772976	27.34967327963486	0.30779413857301324	1.5439998008329423	2
0.8535218053406046	55.00985844772419	42.44936841823246	0.1339657641874902	1.553285564515245	2
1.3852818596737473	87.05628202677676	10.787883002702243	0.1291549444897636	0.6413981663574961	2
1.1319313633457249	77.79284456583456	19.153893591743945	0.17311735415635707	1.7482131249193955	2
0.9460737187988264	68.09437215145374	29.580310109610696	0.27863253113733805	1.1006114889993943	2
0.3481839993178505	63.57892584421566	34.960022342938835	0.09899485581791925	1.013872957709744	2
0.3153587029053152	32.2206008176052	66.73609365278304	0.1359306724692563	0.5920161542371914	3
0.4462589873516037	53.17210883898985	45.78360351331158	0.10162895942700345	0.4963997009199748	2
0.5313318719810517	39.16793251557596	59.307220404731844	0.05849353557614459	0.93502167213499	3
0.459898190271661	33.906923905677324	65.04434234155886	0.06036680062031313	0.5284687618718433	3
0.29515307558518394	42.64949400495604	56.51537690080127	0.04409233598940237	0.4958836826681027	3
0.21064405141648906	15.231870121408111	84.3082685607911	0.03600949004984685	0.21320777633446014	3
0.2574152206486914	61.95086657492398	37.28206409215059	0.055120272571460696	0.4545338397052649	2
0.2681586162882285	55.261779646307	44.12196536682698	0.041404689404356154	0.3066916811734381	2
0.13701796757255544	64.84995524884076	34.728870632821476	0.017843721170441397	0.2663124295947611	2
0.33040231849236734	83.67899762794188	15.704303560235743	0.021171150778326105	0.2651253425516675	2
0.39839017999304516	81.73608193380788	17.603360041187308	0.02546389329464225	0.2367039517171007	2
0.7533839923115132	80.30383535329693	18.52631293338998	0.04968205263262407	0.36678566836895377	2
0.5963192140703447	80.20358317011616	18.94795939672214	0.021777445854259447	0.2303607732370914	2
0.6401777831477359	76.22792162538616	22.844657413755467	0.022143471331719813	0.2650997063788997	2
0.5175272209335557	74.68149637558462	24.450110147857323	0.03160570909649039	0.3192605465279875	2
0.5208431767367737	50.27009012768159	48.85567912878881	0.036654128791692456	0.31673343800113923	2
0.7085153036185607	79.78702256192359	19.125035507229278	0.01976311965741736	0.3596635075711453	2
0.6019699205409975	59.77599866804398	39.29574921099808	0.020283557840599237	0.30599864257631393	2
1.0378094062562713	82.81774831107485	15.789644161812042	0.03444153529205998	0.32035658556477475	2
0.513236129760069	52.69040145663766	46.3596585832681	0.013136172433627016	0.423567657900539	2
0.32426805558789595	44.49191875188039	54.99330606113054	0.015586463593896411	0.17492066780727142	3
0.11233691019202749	13.977675208079674	85.80218390165787	0.008954122117610082	0.09884985795282097	3
0.2273710074627888	45.517831848994106	53.98205722230115	0.01967811485533358	0.2530618063866127	3
0.19071265319089736	30.834892088235303	68.77509461539692	0.011469656675030953	0.18783098650183053	3
0.28454473489637283	54.67091169252052	44.750314321410336	0.0173068153756551	0.276922435797117	2
0.05972596334724346	11.822770838740881	88.04689689580155	0.004970309651089893	0.06563599245923402	3
0.04626468667409968	8.945722461131234	90.9195551329056	0.0036128069595726133	0.08484491232950461	3
0.045884290647025164	8.567522537119919	91.29732739230761	0.0038009974534284753	0.08546478247200971	3
0.08402828543038975	20.452848305028827	79.3575178227278	0.004930026248857731	0.10067556056412358	3
0.1075260194405949	36.427425984415486	63.2751428647922	0.00908327607349366	0.1808218552782447	3
0.07509659729763107	15.666773343832691	84.13873469312523	0.005234747671575702	0.11416061807287775	3
0.0878762982863731	22.527050967240598	77.2054697223216	0.011747765011510909	0.16785524713992447	3
0.18941363571382636	34.288437514634	65.28072869114467	0.023274053449297026	0.2181461050582069	3
0.15069193609184542	28.80758287871263	70.85425452742703	0.01033074779561138	0.1771399099728833	3
0.06099608696291481	11.267495900352191	88.56223591163086	0.007566319876037604	0.10170578117798981	3
0.07150125760091973	17.6394571995384	82.15953071044842	0.01022383985193626	0.11928699256030888	3
0.40990269830262527	73.70369413857348	25.527637330314718	0.03733472739644902	0.3214311054127348	2
0.0841426423555182	18.168453788613785	81.64291080881405	0.014601236672100957	0.08989152354455121	3
0.07693010893044983	26.796178624986787	72.90938258774908	0.050017462338465796	0.16749121599524014	3
0.07852968186692742	25.5940511354654	73.44408651297452	0.13373157013226641	0.7496010995608817	3
1.2546083105939276	9.529098626508151	5.407998500719637	0.09738398722116454	83.71091057495713	0
0.09974346581585242	0.37024840314694285	0.05035443468867062	0.0015734439656661092	99.47808025238287	0
8.16673029255908	1.2487606113021958	0.009010397116833279	0.021561456631817227	90.55393724239008	0
12.688919282018189	1.3202323757900163	0.006920825772605763	0.02420031170205522	85.95972720471714	0
38.97342383175004	5.429457577898692	0.0934094731252673	0.14825077196442804	55.35545834526157	0
25.746433265205916	3.830130345478558	0.007754793422310969	0.2506240924565618	70.16505750343667	0
8.408965824443658	1.4239218227240427	0.01297837890748993	0.08457551264436447	90.06955846128045	0
36.978247360671155	4.817220523135692	0.028298682709414914	0.4562828125935341	57.719950620890216	0
41.691533887115675	5.448552235691034	0.014338828538653425	0.978897951508291	51.866677097146344	0
59.77437326239754	17.672544007383053	0.15253775831964572	0.7970407089470117	21.603504262952764	1
38.203637770193275	43.618699529523155	0.5054606534085414	2.9118390909854748	14.760362955889548	2
33.87696895905367	47.74008156772827	0.9904596274270405	1.2483664878767655	16.14412335791427	2
55.15064179190946	36.052992157860636	0.32592581710665497	2.1797589318406354	6.290681301282612	1
22.24212928790189	60.78119182552195	8.599205654871515	1.2558985460177574	7.121574685686882	2
10.325300221112036	72.52160824229493	10.919188906618917	0.9058442694799081	5.328058360494219	2
8.64667721530179	79.81286178087285	5.370486768277191	1.6062736346916	4.563700600856554	2
6.199908364651131	81.50807448501112	4.8955716047489535	1.8900921761947749	5.506353369394021	2
17.252783968641676	38.56838880575696	2.469395156878974	1.3968880522411773	40.31254401648122	0
19.38284051817876	60.35077356684474	2.753050286089605	0.8496933017839482	16.663642327102952	2
6.998108218831563	80.610536852644	9.808002418546556	0.3622088088897728	2.22114370108811	2
27.505325127006873	66.05780227967068	3.6542115769743697	0.2863866190349327	2.496274397313137	2
8.315821296825405	83.81853156002967	5.1399931471572495	0.7556322357974808	1.9700217601901735	2
4.5551630207777425	86.12292666796611	7.178373747626962	0.5861456167433319	1.557390946885851	2
2.228013272706715	90.13200358543865	5.890220011722493	0.6147882660685656	1.134974864063555	2
3.8475405986432247	92.68564409999016	2.155903631143754	0.4139875115787753	0.8969241586441077	2
1.2569742455813748	90.7777705040268	7.268187520819877	0.1615268092904922	0.5355409202814391	2
1.0938881521350983	79.69038794562394	17.181053941562148	0.28824993395693027	1.74642002672189	2
6.423575283391145	89.44229032560843	2.219036634411822	0.4992373759857913	1.415860380602813	2
1.5287279280226806	83.45863073776914	14.201461354026259	0.20024212292504578	0.6109378572568742	2
2.354081000887506	82.33071587154524	13.942574400266638	0.4275310214870709	0.9450977058135537	2
4.839293373386252	89.65973784011993	4.2359487654357	0.2595292888242757	1.0054907322338311	2
1.5933009853787146	82.53234414897062	12.530652846545479	0.41115691369227125	2.9325451054129132	2
1.0833228392068206	64.23389478805869	32.80221459869168	0.4235474981354678	1.4570202759073496	2
0.8593123076574107	58.62554251566051	39.620414513465924	0.21544632373124126	0.6792843394849177	2
0.25028390760742836	28.155528267785268	70.61615774797872	0.20387271638322202	0.7741573602453515	3
1.8898514651289555	87.2729711935579	6.383351610377104	1.6091699011325893	2.8446558298034637	2
1.2721915329157296	58.349698580834975	38.69537020080657	0.30926602764559363	1.3734736577971445	2
1.3897917821557764	4.540741186131762	0.4195522119497635	0.0625644401200078	93.58735037964267	0
3.1819018618712454	3.7995847989541245	0.05767101494701351	0.03240529120877824	92.92843703301882	0
12.203200239133444	8.626704786268382	0.1686953556409212	0.09647851258327277	78.90492110637398	0
42.359728442604535	6.885321058033026	0.10050385483220965	0.2331098767378402	50.42133676779238	0
33.486992847392884	3.013068289253551	0.033699005119571905	0.5318584296997388	62.934381428534266	0
43.10913025442786	12.950844263202724	0.26676297409325195	0.4875583156752933	43.18570419260087	0
23.39091946762542	7.458150735979443	0.13074779885761112	1.5258549773086363	67.4943270202289	0
58.04229042523229	21.401433493621536	0.11990038292841328	3.597338647106879	16.8390370511109	1
20.682556172631624	37.206532821735905	0.43103132460071736	2.3780806359339466	39.30179904509781	0
59.867218674189715	16.17315188051787	0.537692174342076	3.504855051080085	19.91708221987025	1
25.910632283093854	54.22338442768433	1.0294811111389102	6.339622812076542	12.49687936600637	2
25.239687586228875	55.729907977726434	3.288917658925667	4.671951656399943	11.069535120719081	2
21.834716678375486	63.39916700577842	1.7187606519151324	8.420629656583655	4.626726007347294	2
36.97186244337113	40.64277581870297	0.8211880792196767	1.4592168979313	20.104956760774932	2
18.83573537550533	33.25383230157351	0.6429493649067293	1.1565859783130086	46.11089697970143	0
43.25855546463922	44.31170142946501	0.02284683741066641	1.2936671788861878	11.113229089598917	2
9.885812882312397	80.71550303394764	0.6762065077638701	2.3983653920017867	6.324112183974289	2
10.698887731687389	13.42260692565265	0.3318133702684466	0.5615457568367903	74.98514621555474	0
0.1519858449243759	0.20036074895616726	0.04114066705830759	0.014566949151914796	99.59194578990923	0
0.16793869778395906	0.40875249068754865	0.1471920113161527	0.0069753652928294515	99.2691414349195	0
3.453180885667854	0.5228953266404389	0.0021502529724171954	0.01252819258983651	96.00924534212946	0
2.6428692120942867	0.4622776995028792	0.0006290395080392176	0.008055861658821526	96.88616818723597	0
4.819592287166853	0.9450793983571972	0.001245921094005712	0.0043844761219042905	94.22969791726004	0
14.92273558454892	1.3265446990939689	0.0008903122265954857	0.017756072426452885	83.73207333170404	0
26.650108279310103	2.2585301928490105	0.0026373800506350885	0.05421695711383742	71.03450719067642	0
16.226541984193503	1.5082229308610575	0.0016626614052629046	0.23422175289626307	82.02935067064391	0
26.40880328290558	3.186890860384846	0.01047363844780482	0.15502215374398867	70.23881006451778	0
41.03024877191029	14.93872596653695	0.055498958072051845	1.0179520043130448	42.95757429916765	0
30.577289363692202	25.67567134174591	0.25615150503639517	3.2084384665164682	40.282449323009025	0
35.93550228505158	27.464444066826893	0.2221874080315712	21.545059382989784	14.832806857100172	1
21.956936369226334	7.591090949590046	0.014625212280649382	27.094363268836748	43.34298420006622	0
55.32775049572248	13.120989002774314	0.025923666263912976	8.465662419300857	23.05967441593844	1
61.24542391899958	13.168782794086392	0.05850536361080585	23.704084866325	1.8232030569782416	1
64.89016745378034	22.282549455343222	0.008158290867911607	11.109092862902203	1.7100319371063366	1
25.78518958471698	66.73867944045166	0.05388503031032158	6.898536112823973	0.5237098316970474	2
3.385449929262019	87.65218416416643	0.7720369774501236	7.490741798823357	0.6995871302980615	2
2.7377316425239955	89.52921467042478	0.09070843818057775	7.021474242092614	0.6208710067780147	2
3.0534737850272338	86.9938295632385	0.137742148093266	9.090817591712561	0.7241369119284466	2
6.166267796247746	86.56436292066734	0.03605274349732518	6.652856811952901	0.580459727634701	2
2.0069314567572447	93.69962744114203	0.7145543186872968	3.2727265453350634	0.306160238078369	2
4.7091710231480395	91.08024357135378	0.2167395498502276	3.275226405525272	0.7186194501226927	2
4.9980588803985855	88.75359312181878	0.451858221594993	4.915816401427797	0.8806733747598515	2
3.3149406568462894	93.66808521274721	0.7521086042643197	1.711088087244287	0.5537774388978853	2
2.3356312012738916	88.60642681102254	6.464305022262579	1.445448753275781	1.14818821216521	2
1.5586735510222256	91.07281687524377	5.612786644666352	1.2704152414420369	0.4853076876256329	2
2.383688330206587	90.46348183733079	4.9360985729883256	1.5715746994093585	0.6451565600649354	2
0.3999079454517814	39.418000087522685	59.55857958413174	0.35719567540037594	0.2663167074934132	3
1.113261202375282	92.64211018296925	4.56758186868859	1.218095417915	0.45895132805187155	2
1.126298227519545	94.12185260834713	2.2760722943006897	2.0766933925853572	0.3990834772472628	2
0.766446935640685	96.40170906238059	1.5728319249854659	1.0555700318621946	0.2034420451310697	2
2.2245399222166364	94.26336484789005	0.7853414913581469	2.3437801865744055	0.38297355196077276	2
0.8706514149981918	96.69655771998438	0.4371931885058926	1.8044217877704196	0.19117588874110997	2
2.004645157611319	93.06192209740458	0.439960337082918	3.9093022851304537	0.5841701227707334	2
0.6420442652062571	94.00937034334605	0.8487009887145798	4.318372007103826	0.18151239562930144	2
4.516564802817879	65.98593322288188	0.09191693940937706	26.270471143804524	3.1351138910863474	2
3.6095897126754832	34.95068125810301	0.09154780445023518	59.35255096425347	1.9956302605178007	4
8.671000885172157	9.915772317961464	0.02711808502295983	78.83200711979968	2.5541015920437196	4
3.1600196231307582	5.428070920861164	0.03734824982812793	90.75615221452318	0.6184089916567581	4
1.6401057099143868	1.7584287856180918	0.0077206222004676615	96.34639523511339	0.24734964715364696	4
0.9719626190669459	0.8350198725782557	0.00555487642870768	97.91264729523871	0.2748153366873802	4
0.5724396926946655	1.2127299270317689	0.007783047605754116	97.95983080884064	0.24721652382718712	4
0.09953084412358706	0.2466791444280952	0.012779438830094237	99.43958045976922	0.20143011284901974	4
0.5732297428979212	1.1882891781686855	0.004531414799796244	97.87894272602227	0.3550069381113333	4
0.29498404440446696	0.46929777871332495	0.007897825762699422	98.74074475518482	0.4870755959346878	4
0.4718910876965735	0.3779801606122225	0.0093278751864474	98.43724757711792	0.7035532993868345	4
0.6252345983041798	0.7725692612579839	0.004334344400382138	98.43233581934501	0.1655259766924163	4
3.8161876854144126	0.5644707323451903	0.0006390585614417062	93.65194110414336	1.9667614195355745	4
1.3607846708224074	0.5399043769776056	0.0006899903437456242	97.6026131390785	0.4960078227777404	4
0.31348396197218037	0.4213078567095939	0.004761655664563547	98.50753003637003	0.7529164892836171	4
0.8080918977026101	0.6424126006264984	0.002124952437644549	98.1418696281662	0.4055009210670356	4
1.5662208863842317	0.5564219658443766	1.7237527854593068e-05	97.24925389033676	0.6280860199067586	4
1.7348155790253765	1.0135182658222972	4.505087321844475e-05	96.86179157917952	0.38982952509958335	4
0.7123285361937554	1.4749322361617052	0.004692828722342253	97.35914056418112	0.4489058347410837	4
1.3633673933608792	1.2293616258043387	0.004131718902524188	96.9554954888137	0.4476437731185676	4
0.7789450101117378	1.1625678444726395	0.0019099751835409344	97.49278088242639	0.5637962878056907	4
0.6308024526964578	0.44133531166138235	0.0015515384513473964	98.33740199859048	0.5889086986003438	4
0.34756654769412043	0.4404223720717586	0.0016537261870059983	98.54137462850426	0.6689827255428554	4
0.39160731492010614	1.9568251153160843	0.004621266918605359	97.14339627488134	0.503550027963862	4
0.6517517890299218	1.1338019518453135	0.0015953743848785534	97.71448244870166	0.4983684360382237	4
1.838425608012204	3.8441908456429563	0.01566021350598865	93.39180511406568	0.9099182187731739	4
1.720165501209815	0.34962626014662984	0.0003953614604160875	96.34064150955663	1.589171367626515	4
0.5305140416983322	2.3456778150782083	0.010090300514711126	96.33028642552607	0.7834314171826865	4
1.0435630300898846	1.9457690216929582	0.003924911816323858	95.04798818432452	1.958754852076293	4
3.8168332210772182	2.983810317859567	0.0018512892521340813	89.75795279127787	3.439552380533204	4
0.8308790073590808	1.9854233471116467	0.013368367815727878	94.4170940009025	2.7532352768110755	4
3.8913490409587554	20.572972183896425	0.06213199184837272	46.26128945669639	29.212257326600078	4
4.0593603064308335	3.5001259014914	0.008538913023649562	0.1851913331762333	92.24678354587789	0
2.3536371206801823	0.6749667590631715	0.006513233030718379	0.11578371605394733	96.84909917117197	0
3.858481916009498	0.8797056482829269	0.0026421412795196277	0.09345668822129262	95.16571360620677	0
0.6001887086956486	0.30688356687473506	0.0004886065911868165	0.008560045797536442	99.0838790720409	0
3.95329316906687	1.772362821258102	0.004123464697076106	0.03559107198525252	94.2346294729927	0
3.9336298325360293	2.031984632844742	0.0027527889856157985	0.015729630542372405	94.01590311509123	0
2.250065132679232	2.5469204032732806	0.011421429921211835	0.05307068991538008	95.1385223442109	0
1.101495036097872	0.2693533974268891	0.0005611067354199807	0.011481636348083472	98.61710882339175	0
2.6272153427273834	1.461512643516449	0.0024867526793454016	0.050064120423917564	95.8587211406529	0
5.335930681523184	0.9639966515880927	0.015225110654482335	0.12727493946487284	93.55757261676936	0
27.24587049388501	1.8020682003336126	0.010002680638741608	0.14051962499215512	70.80153900015047	0
4.581510179356428	0.9407140284584337	0.0015104137275815605	0.09172949102798389	94.38453588742958	0
17.867057389730327	3.8443202648661203	0.00586477009611916	0.3407526922051799	77.94200488310226	0
21.33076526285321	7.121889450672629	0.06532166732739499	0.8017212355375386	70.68030238360924	0
53.5366114284592	20.340403436165346	1.1367977372295028	3.0243890679453886	21.961798330200562	1
33.12334989042795	45.893957968610906	1.3382781529677303	5.948117572304737	13.696296415688675	2
30.66616441402979	50.67972305278844	1.4098601214725872	5.441186597994696	11.80306581371447	2
33.54427596437499	11.010552180445615	0.2053064229664339	3.6607952409568156	51.579070191256136	0
41.153238599419446	35.9168842481614	0.11517657943881338	15.441047432507121	7.373653140473214	1
33.65161604516088	58.16321712142523	2.979023214422384	1.5145529356096965	3.691590683381803	2
23.424021053505513	71.12252032783918	1.3408846662687417	2.8982266142768944	1.2143473381096468	2
10.799970714442535	84.68380774053234	0.9621369946580955	2.738912668754801	0.8151718816122289	2
15.293520263887322	67.93234169714606	5.269409521090913	3.51854060647901	7.986187911396699	2
15.882603790700815	74.13762566273978	2.816181901818173	4.895395464819682	2.268193179921542	2
19.78199609771168	73.41355477205379	0.672826162195595	1.986941849119042	4.144681118919915	2
5.486902065381193	87.94924068413648	4.642392613677132	0.7498566828192267	1.1716079539859605	2
3.2571032948066585	93.81628075323356	1.862023503257864	0.49902850681641087	0.5655639418855054	2
4.18638039678047	90.19011564709196	4.6926117768556725	0.43365765432182585	0.49723452495005604	2
1.5642408709457538	93.96970109597267	3.4984492941684433	0.4923118371022361	0.47529690181090517	2
2.4225984712407413	95.12747806539808	1.4881551949865854	0.3812330300146571	0.5805352383599386	2
1.9208845531419037	95.3604356272493	1.820604760603787	0.3425022196684337	0.555572839336568	2
1.8146618866320579	93.5801143413117	3.6127648236764105	0.5322964602264515	0.4601624881533886	2
3.4001857498557246	94.79939621743146	0.9130630408908658	0.38563745397179494	0.5017175378501427	2
1.2463409079154322	96.22751854781082	1.9560918470632997	0.2323349510375468	0.3377137461729129	2
1.57574986090709	96.12470298124327	1.5549380545268565	0.4124636062451755	0.33214549707759444	2
1.2539345524793477	94.65308088308804	3.5231915606007904	0.13745515696123978	0.4323378468705785	2
1.9316157415118866	96.43754801194434	0.9584337080389801	0.23537163616386328	0.43703090234092834	2
1.434334592413026	94.15391464136457	3.351752882980133	0.4792514017920994	0.5807464814501799	2
3.9187805734750127	94.34502772548818	0.9763071387157598	0.21141556079800494	0.54846900152305	2
1.1096042802831785	91.19140720016917	6.606669404287743	0.502792459019362	0.5895266562405423	2
1.0362567357182477	92.33240483218952	5.644284232423071	0.35813221958717084	0.628921980081987	2
1.1384991990158326	93.3570502186168	4.692393317727929	0.31305396978455663	0.4990032948548794	2
0.965996263421609	90.82620526472147	7.179699976937191	0.47119108018152656	0.5569074147382003	2
0.8275129288238962	83.21168278594872	15.016978990321075	0.5444916352935706	0.399333659612739	2
0.780561592417072	84.08207162000558	14.353533371815319	0.3623113639425695	0.42152205181948044	2
0.5536698408159128	83.30558249173315	15.473700558775432	0.28826396868769966	0.3787831399878128	2
0.5673935437314336	82.75778576292362	16.13776472183817	0.15445178236447246	0.38260418914229327	2
0.48376857067740026	44.56926436677512	54.41518409011843	0.19168578700488384	0.34009718542416456	3
0.49384225371196433	39.2224066262404	59.766468566742034	0.2720864205465956	0.2451961327590107	3
0.753432699686129	69.10663218330328	29.61655643262331	0.20401310205574336	0.3193655823315347	2
0.5924699064146016	80.2877600603235	18.661029159728322	0.27000413980960825	0.188736733723961	2
0.5453321614825478	66.50148337033875	32.50126187662125	0.21461692152047873	0.2373056700369663	2
0.36940045198017335	35.359514562102774	63.723878790143374	0.2911973657996397	0.25600882997402147	3
0.31566443809624095	73.80278936253251	25.419999517753176	0.2711477700683989	0.19039891154968433	2
0.2066976907525303	22.64879380947459	76.75633952734367	0.24043471376873118	0.14773425866046855	3
0.9323562681544084	82.23208825861533	16.191755263208645	0.35463047362015376	0.28916973640145766	2
0.3250013511390456	44.849241722708626	54.4638365745191	0.18435006141399377	0.1775702902192342	3
0.645234083366667	38.406175475811125	59.89118001714475	0.5321592778408115	0.5252511458366561	3
0.27711648547173345	49.14901438757811	50.32042977328174	0.07440165539350298	0.17903769827491062	3
0.13525605410029018	18.867029862405868	80.77077042859871	0.0731551267474836	0.15378852814763339	3
0.14095257891155577	25.699800865849966	73.91174595487351	0.06183930024600019	0.18566130011897858	3
0.2946612363768479	52.20890707250862	47.2707305489111	0.046050338334940516	0.17965080386848128	2
0.20060202096553909	41.607338206406205	57.91225670826536	0.05645694422302317	0.22334612013986077	3
0.09505585059011587	21.129298115820916	78.63447848396595	0.03394139052879181	0.10722615909423988	3
0.1332761006515218	29.24358207662779	70.41661072980112	0.03442977051464315	0.17210132240493584	3
0.09942243427347187	15.95854759556147	83.69405888880742	0.03949622455369879	0.20847485680393585	3
0.13131880670323046	15.84593098711666	83.85547573112535	0.03457498674307362	0.13269948831168626	3
0.20547007251032956	22.899862997471025	76.70251856634965	0.03443090876656697	0.15771745490240469	3
0.3058848402127815	46.56467929193432	52.87674515050204	0.0640426140456275	0.18864810330523565	3
0.07617991583381553	9.368677090466688	90.4287875852872	0.0312667221501102	0.09508868626218175	3
0.4659658649818277	82.05762253459665	17.233180176952885	0.0808441838008234	0.1623872396678388	2
0.1393400470944393	16.45951206865853	83.27691529297383	0.03436579055121805	0.08986680072198326	3
0.06149402462386369	6.383910756157711	93.47885492494602	0.020920376075027402	0.054819918197371344	3
0.4155480224786073	47.18146287810438	52.03456841587632	0.058981555291515574	0.30943912824917896	3
0.14312085802443406	21.756381887131422	77.96496210768284	0.030355539160183402	0.1051796080011283	3
0.09553106869726233	9.3257256654161	90.3863627571933	0.06276136389320659	0.1296191448001413	3
0.1741666844427964	17.03682164731437	82.56959590994474	0.07139835977499374	0.1480173985231103	3
0.10914946341012964	9.421887102460817	90.37454797064844	0.021430778665406262	0.07298468481521911	3
0.30862797176714235	31.045220441937747	68.42414858289145	0.027047233491178213	0.19495576991247776	3
0.1486309956233701	19.76890928695608	79.8935263828044	0.04354646688890265	0.1453868677272484	3
0.18313421338921385	33.959147867368955	65.5930681721679	0.030502520293342994	0.2341472267805858	3
0.20706175663106163	26.471407713628754	73.13444975607214	0.024499040579475304	0.16258173308856158	3
0.20706030091792582	26.094411851882533	73.42752990935834	0.03735406264046182	0.2336438752007367	3
0.15371241648286296	16.733436545839737	82.98278500279307	0.019554457184130427	0.1105115777002046	3
0.0981404781873825	7.13030578701629	92.6966516941093	0.014588862191719523	0.06031317849529012	3
0.11773708090508438	18.15353962540043	81.57479874212902	0.0288535119129904	0.1250710396524856	3
0.1422604162167637	24.22429920913576	75.4469893328064	0.04110820588956025	0.14534283595153333	3
0.1309816861614405	17.71388304668507	81.99850280423122	0.028371911456029672	0.12826055146623955	3
0.08897685357030782	8.80207778399917	91.0010975527808	0.015511977128080036	0.09233583252163288	3
0.09314932438328595	6.55027337137935	93.24980740978516	0.012831806380630403	0.09393808807156358	3
0.2904819678340568	24.451569253181596	74.7517866014201	0.10274258713160894	0.4034195904326252	3
0.23007652873872939	16.874769895137938	82.5320598662772	0.10719751313136054	0.2558961967147749	3
0.2518377050271514	18.150455901169053	81.14330907113582	0.11237165708671348	0.342025665581245	3
2.2708197764593803	43.072339208354784	52.64483362079495	0.23047592229768166	1.7815314720932114	3
8.818615082617063	84.02069278951163	3.389308507584474	1.021805905879199	2.7495777144076303	2
4.860133598770783	84.0038005144101	8.682299493225338	0.7101441411145373	1.7436222524792429	2
8.914940993786708	83.42846333995024	4.774266390601155	1.4094760186808282	1.4728532569810657	2
7.520621879709477	88.16396401279883	2.129962211156549	1.0110739864653975	1.174377909869754	2
3.855029297794961	89.50002796708554	4.618225548225555	1.405410450718367	0.6213067361755537	2
1.7620042828195985	78.64846955654328	17.023493719789585	1.1154690906842801	1.4505633501632527	2
9.532655807957067	85.7331655848276	0.8786146773726112	2.915441834676677	0.9401220951660201	2
4.753465481745307	85.17940480433808	6.82668321057982	0.9506098840806223	2.2898366192561745	2
