N1	N2	N3	R	W	anotacion
0.0001401362517857007	0.008063766429711962	0.0032916788849448628	5.446417552285265e-05	99.98844995425804	0
0.013781317413184734	0.004736376234939882	0.000208382513178208	2.1486216304768385e-05	99.98125243762239	0
0.011065032734397304	0.007270258028567752	0.0004680255833840909	0.00011508135957664902	99.98108160229407	0
0.011574113760626371	0.012333816173537413	0.0025577145287625997	0.0003603425186718621	99.9731740130184	0
0.006968081567563936	0.005888503707272999	8.866291171860224e-06	7.598004215620594e-07	99.98713378863357	0
0.013722966925038842	0.01135381346435462	0.001051505804293892	1.1632785642814846e-06	99.97387055052775	0
0.0003498563184804711	0.0009392848845304955	6.217951584710906e-05	8.065241045790436e-08	99.99864859862872	0
0.0012342126756470153	0.0033838313004286914	0.001108495487184216	6.999354305320422e-07	99.99427276060132	0
0.007971466381119785	0.01426690245689876	0.0021129063125930707	2.6641243823185756e-06	99.975646060725	0
0.002068506678653117	0.003494856746418181	0.0003575741802594747	1.0990020381916242e-06	99.99407796339263	0
0.09095733914282114	0.07979347486657173	0.02815575685003155	0.0001976773986147551	99.80089575174198	0
0.06398619684306216	0.034953810488825544	0.003643618011334844	0.00010437453898670667	99.8973120001178	0
0.009653607424506864	0.015343405686162473	0.001714235249277052	1.8224731729351465e-05	99.97327052690834	0
0.004457702415723812	0.0029990599106029516	0.0006660802543985535	1.4519944729709277e-05	99.99186263747454	0
0.05687861921333506	0.012376484124356798	7.581009008536669e-05	3.989019158869722e-05	99.93062919638064	0
0.09249499750683941	0.032259303722091216	0.00011240775598532878	0.00010053028094462955	99.87503276073414	0
0.05135831975427102	0.03184534024397417	0.0003156989139534486	0.00012008926295708225	99.91636055182485	0
5.322020723840258	0.06093375056096176	0.0002391717189137234	0.00022348093640032975	94.61658287294348	0
9.277842790646309	0.0503917587571306	0.0001300228539606298	0.00015353308171238368	90.6714818946609	0
20.285057207560524	0.03915289719415044	0.00020316108205112386	0.00037778118363380146	79.67520895297965	0
0.0747398903728862	0.017554219259467967	0.00011366029996895088	0.00030436733058022427	99.90728786273709	0
0.23089750532283754	0.07978689272093821	0.0011272976527314416	0.0014351887022757718	99.6867531156012	0
4.991476211909707	0.013226334608416001	7.812484233192802e-05	0.00016764395023653516	94.9950516846893	0
6.184825094362614	0.014006526637520366	5.838269947241398e-05	0.00017415671447427913	93.8009358395859	0
0.3676355073118897	0.03990112243748802	0.0004092514391911341	0.00036917534477040235	99.59168494346666	0
0.5432103397950041	0.04722929420864151	0.00032385550629766683	0.0003557733579504707	99.40888073713212	0
1.007324985926515	0.04167628659001584	0.00029206620984924535	0.0007304963074474943	98.94997616496617	0
0.4850310068376317	0.033517429415682476	0.00013152226013065594	0.0002873859985314291	99.48103265548801	0
0.4053560097946077	0.03620666461929159	0.0001907081779980206	0.0010645401996510287	99.55718207720847	0
0.4661782078547433	0.023182685208797703	7.076214856143949e-05	0.00042343222762385456	99.51014491256028	0
0.39695313997371906	0.019496249665281982	6.116392648957753e-05	0.0007023455115496443	99.58278710092297	0
1.4751784918947524	0.03402816136854039	0.00011064424089501315	0.00039253610352701907	98.49029016639228	0
9.544699458263484	0.08920097692547431	6.623924385639531e-05	0.00252182097831018	90.36351150458887	0
23.870639869407757	0.41885351875871335	0.0005555779658169496	0.004347760909925304	75.70560327295779	0
13.68687938310147	0.19565133800592502	0.00034035630211335196	0.002767103193339877	86.11436181939716	0
59.729297180246334	0.7118587918874195	0.0013890094196054282	0.006061676701562951	39.551393341745076	1
27.048926154475676	0.33683604750653223	0.0003780267654540497	0.002901395467972108	72.61095837578438	0
86.24691017529429	1.1140604550138709	0.0007422261452393709	0.002255808038399004	12.63603133550821	1
75.78870081127862	0.8541489228966023	0.0010943396521246199	0.0035982225285507603	23.352457703644085	1
77.18973741771188	11.362884488721805	0.008028329219237932	0.005581193262699667	11.433768571084373	1
48.114650095251335	49.25230235212356	0.058325790808015435	0.01963433146333679	2.5550874303537654	2
54.95553063527522	31.81849223424092	0.016037561568865474	0.074666070564392	13.135273498350594	1
44.74451407975408	52.99745617156576	0.11006671847938938	0.1038300230171127	2.044133007183649	2
16.123260148693042	82.17586727312593	0.21185622253056025	0.35937342349992174	1.1296429321505215	2
13.661214429618134	83.98427981337288	0.8541842381478691	0.5538047848568611	0.9465167340042624	2
3.8880688961778196	94.04361710651509	0.07009423009594459	1.5588865821414595	0.439333185069702	2
10.084624849832712	78.10933797526492	0.25721367327176453	9.127081481170613	2.4217420204600018	2
4.603526481985782	90.9173039557348	0.6346208647491799	1.5002617830966303	2.3442869144336007	2
2.581270709988755	91.72447634830039	1.9298621826967695	2.7674730634702134	0.9969176955438663	2
8.849945605641965	84.06113147419968	0.10287743512766309	2.0394211715754706	4.94662431345524	2
11.16581239254211	83.37717563335602	0.4309119105178329	2.2388711866643156	2.7872288769197344	2
0.6529182413008553	98.5261682218343	0.23467383526232766	0.1331324628381064	0.45310723876443615	2
1.401657746936613	97.61379650651314	0.47694044374093014	0.0805031560565893	0.4271021467527285	2
1.921494482478888	96.94653375653589	0.5560617676882257	0.10993904602871357	0.4659709472683	2
0.11732539864207336	86.47073525629555	13.216874817400415	0.007200642626437231	0.18786388503550547	2
0.267195611913025	98.11396526118287	1.4394022043364332	0.0056280531136439025	0.173808869454021	2
0.2701045750496033	96.44313457180736	3.085216610741344	0.002799764661679513	0.19874447774002926	2
0.22334533524169115	97.99638366049498	1.5776631236706817	0.0011328175378859523	0.2014750630547539	2
0.23373863718159285	58.02610582071601	41.17604191362778	0.002843053069405597	0.5612705754052049	2
0.36755695781299313	61.32113987476101	37.556297460009354	0.0027933633682956918	0.7522123440483445	2
0.08173674534854021	43.704582436496345	55.75320634650919	0.002566263141560799	0.457908208504382	3
0.10555850713623526	34.69291841422024	64.64369994961847	0.0017770849258757512	0.5560460440991912	3
0.0707994618545315	21.77859406320816	77.82740022275789	0.0012427431064623532	0.3219635090729501	3
0.045039043496239856	24.35653385235704	75.06201383455725	0.00149196897495678	0.5349213006144995	3
0.04144857428258196	10.841614423758774	87.82513481678987	0.001424849984357266	1.2903773351844294	3
0.05449587744796312	10.097010828052307	88.20522173783796	0.0008443740862392102	1.6424271825755135	3
0.03170175440061294	7.603689364142308	88.9797669732479	0.0009895914113189565	3.38385231679787	3
0.10177694600256708	11.77946105792577	86.803091678223	0.002040901325163766	1.3136294165234994	3
0.03104961364226951	4.426068668493467	94.42961102680766	0.0007174869195187886	1.1125532041370956	3
0.05209354806408232	10.223905351204083	87.77348755041882	0.000789675198492522	1.9497238751145376	3
0.03325756328009123	8.961589259559622	90.6455169965316	0.00039442588622983263	0.35924175474247083	3
0.019379808345520107	10.513283840307817	88.7049947079262	0.00036132431513650413	0.7619803191053254	3
0.008311674081519472	3.018142570067764	94.98243403071027	0.00014593304495103313	1.9909657920955022	3
0.01086723859299044	3.424475944895342	96.43391643283891	0.00010008633591602142	0.13064029733683535	3
0.005951717876081222	1.0811702343880456	97.87081095648233	0.00018105896433531757	1.0418860322892	3
0.003697421587066856	0.765988063229967	98.65886686773021	0.00011179172385590406	0.5713358557289032	3
0.002449149876292716	0.6032065785113011	98.84667560353434	8.199149134792591e-05	0.5475866765867069	3
0.003293452731618361	0.14168743861084684	99.48950078850875	8.364114621941481e-05	0.36543467900255444	3
0.0019405579659419003	0.1511878489909982	99.55168923537846	5.074590564387981e-05	0.2951316117589503	3
0.000980166048413155	0.18732643441874275	99.4089515052557	5.198702001035521e-05	0.40268990725713755	3
0.0019578957691194577	0.17464946698785394	99.15153592009008	4.6951613625961504e-05	0.6718097655393117	3
0.0006459746702464664	0.11844448056992032	99.07304889354968	3.281840903638628e-05	0.8078278328011381	3
0.0021429509926860217	0.08204154801758909	99.40778731613868	5.866716315602756e-05	0.5079695176878656	3
0.0020434893930250044	0.06825538790675598	99.78788720604175	6.888424454251363e-05	0.14174503241391886	3
0.010675588543386835	0.2152984007225077	98.46642056615251	0.00017818251416335784	1.307427262067461	3
0.004731249728131984	0.15925251404203597	98.91281009111562	0.00017328591387124077	0.9230328592003401	3
0.0024488369444077237	0.11734438190774538	99.15421362553268	0.00013442962524801985	0.7258587259899083	3
0.0026621880174223203	0.09694533649537135	99.7138514852411	0.00013837870037815929	0.18640261154570364	3
0.001721777537660919	0.10672392852662808	99.74483980760445	9.555351579679485e-05	0.14661893281548288	3
0.001546937789503326	0.10829087617758426	99.14350033004223	9.146950788950502e-05	0.7465703864827892	3
0.0012318807889059877	0.09390331290795927	99.41888572513827	5.154346322564187e-05	0.4859275377016431	3
0.0008928870606364281	0.06237948090093787	99.7196683771891	0.0001076977287923193	0.21695155712053837	3
0.0019175782868325248	0.06671847627059325	99.71123559656844	0.00010299413836670925	0.22002535473575768	3
0.0006082005677375928	0.0772600598337699	99.46779602964538	3.4412965239486363e-05	0.45430129698785426	3
0.0010507748959344442	0.05782204367195876	99.82059749316679	5.030366957164744e-05	0.12047938459576178	3
0.001333415731290012	0.06386396145233242	99.78224881429571	0.00011628051400283403	0.1524375280066805	3
0.0005822805698495273	0.07388412178669712	99.42740051042475	4.572829129767118e-05	0.49808735892741757	3
0.0008336489768612447	0.04969244084342562	99.82876090476549	7.995244373578116e-05	0.12063305297046235	3
0.001322954693883589	0.04953228314623436	99.32482915907237	3.673134218504955e-05	0.6242788717453328	3
0.0006529569951351419	0.03874219842625155	99.78872251530323	7.600136383657317e-05	0.17180632791154804	3
0.0014257563610784974	0.058540936443720736	99.80715370436458	0.0003454792993997656	0.1325341235312203	3
0.0036607892572396994	0.0829492994905832	99.17675232071845	8.650028740764792e-05	0.7365510902462984	3
0.0017671558688011784	0.07237648326048456	99.79889355662158	7.554176581420872e-05	0.12688726248332607	3
0.0017333130858270002	0.10810443260443174	99.79782275920728	0.0001656290292298786	0.0921738660732233	3
0.0010580557970407984	0.06685503737092893	98.92124079238232	0.00020308115013458413	1.0106430332995697	3
0.004048588389642911	0.13286365078039103	99.397555447314	0.00014741046992937485	0.465384903046011	3
0.0030785903470528105	0.18482570099082707	99.63860514688567	0.00010231171430135905	0.173388250062153	3
0.0009922320430243948	0.05701457171057967	99.83337349270882	5.4202621288985794e-05	0.10856550091628825	3
0.00140713623852891	0.12032532624812876	99.6873368504659	0.00011690323211875506	0.19081378381532746	3
0.001068449409771958	0.11515169615347036	99.66660455429817	7.932796120525784e-05	0.21709597217737564	3
0.0020084180015746906	0.09133717799566103	99.5820898010686	9.003474003883507e-05	0.3244745681941381	3
0.0012079358350397438	0.07251187844024415	99.65485030390128	8.754172781184745e-05	0.27134234009563485	3
0.002713260258659714	0.08599159781152617	99.76004416746217	0.0001314912250243361	0.15111948324261695	3
0.003180159405078599	0.13460421383812526	99.15806799722948	0.0002650730700459413	0.7038825564572625	3
0.0029278738395763742	0.12072418629153249	99.71247338319962	0.00015110707534849422	0.1637234495939137	3
0.0027540633958147705	0.09308696880713035	99.79365586639202	0.00041341358975763754	0.11008968781529371	3
0.0056224207190038985	0.1225652351154198	98.58399045479226	9.146767259306226e-05	1.2877304217007197	3
0.0023439000369667373	0.11891768876043582	99.16381309737538	0.00011842521100680515	0.7148068886162321	3
0.001109147986991815	0.09660413483546029	99.68635593937036	0.00014426990787580184	0.21578650789927833	3
0.0015749249046654865	0.10774343132651706	99.47178802344898	0.00011413568069125108	0.41877948463915593	3
0.0026763652006243257	0.1315948122804237	99.71856201027114	0.00014610287745198236	0.14702070937036127	3
0.0007822679138552039	0.12443055744545425	99.60213796724094	6.52621921689085e-05	0.2725839452075725	3
0.001683526748106557	0.06446993617119405	99.87148655406978	8.347909226172242e-05	0.06227650391866775	3
0.0009280056731706682	0.0932029783993008	99.8145281838717	0.00012564032890204275	0.09121519172692887	3
0.0017842096673847028	0.07130320915344313	99.89201655602692	0.0001323930944941113	0.03476363205776592	3
0.001318096112562576	0.07504431012795154	99.83154073152647	0.0001789634672221106	0.09191789876578164	3
0.0019218124119055038	0.2054063179895564	99.39167564244042	0.0001426485666690476	0.4008535785914358	3
0.0010655627316547025	0.06493503103675978	99.88285326193703	0.00013288198725266382	0.05101326230729562	3
0.0019960410288785424	0.11471259878819047	99.69135583107708	0.0003981946127592066	0.19153733449308957	3
0.0025629140353818788	0.20624637165437845	99.68741014464597	0.00035398460864814843	0.10342658505560615	3
0.0030532982541069302	0.18571821185803855	99.03187232623289	0.0001746139452182324	0.7791815497097515	3
0.004138926009832025	0.18689665218955012	99.47520303387913	0.0004258737108793413	0.3333355142106237	3
0.0028212973995812326	0.12112720595053775	99.7277930975526	0.00021855515660263797	0.1480398439406579	3
0.001744155589323874	0.12600394025041195	99.70587780347157	0.00019421064523466618	0.16617989004346412	3
0.0018998065127015414	0.12160202987906668	99.7822526998388	0.0003453630408056985	0.09390010072862856	3
0.002072334489899825	0.1451708364526623	99.68389893710548	0.00041148151897822926	0.16844641043297823	3
0.0029348095012995934	0.18486489433290512	99.08779515278732	0.00044889714866605426	0.7239562462297848	3
0.005226137156804287	0.529750343941292	98.4350894943262	0.0004935020647652994	1.0294405225109577	3
0.0036085841381848175	0.21469435310930227	99.67441820658098	0.00041730094532754406	0.10686155522620294	3
0.001970810925478268	0.13352421986171106	99.68918504469406	0.00033978908114856726	0.17498013543758775	3
0.0017692841801774902	0.1922109644798278	99.11834364038178	0.00025783296151755557	0.6874182779967244	3
0.0023211577448869055	0.1819341565366421	99.51879853095708	0.0004894717660364441	0.2964566829953494	3
0.002315292633624458	0.14837416954397192	99.7175850004171	0.0004183487852850934	0.13130718862002072	3
0.0038671696223893178	0.11055807138418886	99.63596618326194	0.0004407488139521003	0.24916782691751452	3
0.002942778614531262	0.09848497167260094	99.17886534851192	0.0002837174238250772	0.7194231837771088	3
0.004001071092504224	0.24057905185321804	99.53995018708154	0.0003881061221036868	0.2150815838506146	3
0.019202751189652544	0.5729759409394602	98.54849439074434	0.0013309601851447697	0.8579959569413922	3
0.01803005432948116	0.4820344630505567	98.54590256499677	0.0019519984992453887	0.9520809191239469	3
0.028604370022550132	0.5912267585896126	96.30776904819042	0.0029589436045108484	3.0694408795929045	3
0.025957340104548695	0.8893601269752295	92.2745604598659	0.003019170373981874	6.807102902680342	3
0.05696454338053656	2.134143502862425	95.04283588001653	0.015119730832850124	2.7509363429076443	3
0.15454975817487993	0.8156911560187925	0.5391366609759032	0.00824518774336155	98.48237723708706	0
6.654748742145287	82.14915821309457	4.46962678786568	0.08888661311800435	6.6375796437764745	2
3.5551006589032284	90.91197171569651	2.870426368485261	0.024216735642842414	2.638284521272174	2
1.1496782706729498	44.60512640083428	53.060796660688084	0.027136694771175307	1.1572619730335125	3
0.14347982424152808	67.39837316723994	32.139465393632086	0.01346654459164209	0.3052150702947956	2
0.07213188542369098	33.35944998614097	66.36525259832321	0.012222509620948507	0.19094302049117448	3
0.2361928407015594	65.25575351509127	34.152504478928634	0.03127685089924742	0.3242723143793011	2
0.15692247975734175	39.11873759338507	57.476315056868735	0.05489449102854194	3.193130378960303	3
0.5663489725583964	33.719701155874404	61.152212058924235	0.10615854773224921	4.455579264910715	3
0.1289626314010685	62.22332822213804	37.40713913869174	0.013075050821217139	0.22749495694792998	2
0.18114235730578382	47.86358905149392	51.62791858165464	0.02909111554506641	0.29825889400059197	3
0.10515307892284709	79.429339120992	20.06358289044631	0.05511602684782321	0.3468088827910091	2
0.029235546029305382	28.599968611915866	71.26206306468248	0.015569347041182692	0.09316343033116811	3
0.04634515361596835	21.17753825028152	76.81828200313112	0.04632174619327589	1.911512846778121	3
0.06441132266904304	17.68395573592846	79.94602761024646	0.16556344705697834	2.140041884099062	3
0.05248988784033136	25.519032776367478	73.42534836531924	0.06338193062323087	0.9397470398497257	3
0.13206161163670574	34.242793098604274	64.70347250416064	0.09730351670302274	0.8243692688953506	3
0.2901470354631024	61.138813151970304	37.14796831859157	0.2571721262457696	1.165899367729237	2
0.8504114371573243	88.0694090395516	9.166623139489966	0.9841646756451333	0.9293917081559621	2
0.596127951699268	91.5725332552539	5.78752980469851	0.8134951446376134	1.2303138437106822	2
0.45737832707745535	80.52658455249491	17.771516973857818	0.7168221648309941	0.5276979817388218	2
0.4643280575240537	97.11396094223636	1.2820899061511986	0.8595886551948015	0.2800324388935741	2
0.47886096233064784	85.607952046904	12.4090627906098	1.2226459076570024	0.2814782924985535	2
1.182837072337753	93.26365746155273	0.5947364922908477	4.282746134574952	0.6760228392437213	2
0.5889816552175615	97.44519998296711	0.1393581094626527	1.6290188176050677	0.19744143474762127	2
1.6672282099774838	93.17026616760685	0.40033474035113986	4.136647519771292	0.6255233622932106	2
1.6216617377158289	88.47702821189775	0.2620563122729483	7.498022199450453	2.1412315386630363	2
7.369135473004159	53.27787829522721	0.342042544820094	0.8715293306403453	38.1394143563082	2
13.750569552358558	84.03739168758804	0.21168197153783297	1.3921746985714722	0.6081820899441062	2
1.354367639918839	95.46629304671298	2.801736144585113	0.1990779362491177	0.17852523253394667	2
1.9812006465869028	96.60777525750193	0.7725430723847648	0.3651028442570033	0.2733781792693792	2
0.36278182791498464	98.31858713349295	0.578847959388742	0.6134269165464133	0.1263561626569312	2
0.4024437427047167	92.42648144211894	6.168624492245262	0.8639072719767107	0.13854305095436195	2
0.3814526303184469	98.48373336661987	0.6195173274006778	0.3827052104389769	0.13259146522201437	2
0.16752927137306992	92.27413110538039	6.796908088541999	0.5821630701502634	0.17926846455426165	2
0.12383644523173414	92.69407533660838	6.8880439732605	0.21604230547814623	0.07800193942126074	2
6.523327894287881	67.3921930914901	0.7997689696382272	0.5006897127142186	24.784020331869577	2
2.7000796563130027	95.84454262783886	0.5258901371517759	0.2818358298934481	0.6476517488029149	2
1.6162593479499752	97.96465891360985	0.1272645967565175	0.1064308135411414	0.1853863281425002	2
2.523262998491207	96.09725014428065	0.7087643448196241	0.37138364999878937	0.2993388624097247	2
1.3120609262304694	96.41224912567917	1.3589755095221623	0.5645605853691974	0.35215385319899667	2
0.47832220678311677	98.59387201357232	0.7475736212229533	0.04996205957338007	0.1302700988482142	2
0.4661095547038334	97.8002352080394	1.5353885567564962	0.023973223106679042	0.17429345739358873	2
0.4989113937193055	81.86806936525265	17.275451680431008	0.042746453837624244	0.3148211067594134	2
1.2081667263771774	82.67848164612704	15.399509186227265	0.07759882613114277	0.636243615137354	2
1.1888591610727264	77.10361353010488	20.996861881090666	0.10751175940940891	0.6031536683223205	2
2.323685461137303	85.29164659560846	8.009930355433568	0.040938112702854836	4.333799475117837	2
2.1208356518172327	81.83271819176305	14.823365564800456	0.03096399075340177	1.1921166008658526	2
0.8448748654877658	61.1721227905847	33.43156624197255	0.017330940437022123	4.534105161517959	2
1.4291627160132598	81.47071181840838	12.588092141494133	0.015413495262617212	4.496619828821596	2
6.22071190354983	77.09188377598436	14.121018236767519	0.025481150117294557	2.5409049335809906	2
2.721923932058353	74.15532773114832	22.43715905142637	0.006954624096588172	0.6786346612703706	2
1.4846658838985605	52.20700067488385	45.55735478478393	0.009506713935680089	0.7414719424979751	2
0.22045334660360452	24.000562533822016	74.06917978075886	0.007470089253557562	1.702334249561969	3
0.06349460173634759	8.79305078227756	90.60747188894254	0.003890483600307946	0.532092243443248	3
0.10065895338160244	9.28631738989201	89.99773440337722	0.001897201410859978	0.613392051938312	3
0.015607961518172167	2.227314383712557	97.5744754430177	0.0014186911734631416	0.18118352057810944	3
0.008919224623605813	1.9192650580651422	97.86364163015956	0.0008242516976426176	0.20734983545405294	3
0.008517943013977534	3.255787814929728	96.68495256578976	0.0010794517771321045	0.049662224489411794	3
0.0025804843415660936	1.1394981341741388	98.78792748095012	0.00025098694183007815	0.06974291359233989	3
0.0033238043514672304	0.8729853080582781	99.02745696150713	0.0004642611387260898	0.09576966494441083	3
0.0042878618445216805	0.5912212057507933	99.29959143482907	0.0004815195910259183	0.10441797798459217	3
0.001703510005137098	0.3794358077550593	99.55758882416798	0.00024431473314483345	0.061027543338665065	3
0.00080511962481301	0.5179057573671503	99.38692345139697	0.0001717617162122867	0.09419390989486673	3
0.0010906222684845623	0.3343066500966714	99.56991690410045	0.0003367557479200673	0.09434906778647398	3
0.0010620864915117838	0.36704178465585025	99.608643859805	0.00028635250427270494	0.02296591654336092	3
0.0018640211706177036	0.35764399901006105	99.60461399310256	0.0013211677047500082	0.0345568190119931	3
0.00423196601429532	0.5489083999741055	99.31604564786326	0.0017201686721773732	0.12909381747616	3
0.0017491494212686896	0.3668089673608511	99.38855944428009	0.001224549977409788	0.2416578889603904	3
0.0017229106570084078	0.2832567945205508	99.38925602648878	0.0008157018382269308	0.32494856649542103	3
0.0017932668400539873	0.22178895064810605	99.73735482489215	0.0011691791961803103	0.0378937784234928	3
0.0019032861588123113	0.349914427640123	99.5997270488296	0.0007244605800159294	0.04773077679142651	3
0.0028046131663517463	0.5900738480496251	99.26693066753411	0.003362408493651894	0.13682846275626434	3
0.0015077883158546928	0.259630201101463	99.59243740668862	0.00037904423630486184	0.14604555965776408	3
0.0014150482806283703	0.28705389898462275	99.67212428587953	0.0006907424012911767	0.03871602445394126	3
0.006033282383632395	0.5980308315686	99.32105951326345	0.0008810489299998673	0.07399532385434116	3
0.002176083878461176	0.4405537809839519	99.39592313244404	0.0006017400014742232	0.1607452626920812	3
0.0027131287085867067	0.2814539696926057	99.66755292978539	0.00038741516471188427	0.04789255664872073	3
0.0051068289285606415	0.2630647460516013	99.6939458288365	0.0004504148373146756	0.037432181346024544	3
0.000895377271826796	0.08261406984113347	99.83698365114235	0.00021050185075477043	0.0792963998939411	3
0.0011757405357058397	0.26754164633311717	99.7086383745574	0.00031476482040385903	0.02232947375338715	3
0.0013394983445231433	0.19560325201870557	99.68920541662467	0.00032016993534865067	0.11353166307675976	3
0.0004811038168347394	0.10933081702599395	99.85444217329834	0.00023862613644996553	0.035507279722365205	3
0.0011785470225297765	0.30781376775144065	99.6386976562064	0.0008419130980407024	0.051468115921570474	3
0.0007897571487350722	0.15586192986831338	99.79292542789985	0.00010647058127005942	0.05031641450183714	3
0.0007234485193372836	0.1567002975094493	99.81475246296345	0.00044731411470006	0.027376476893051525	3
0.0006383508088770297	0.1605360020205807	99.82035205057093	0.00018702574199173062	0.01828657085762495	3
0.0019058152960721	0.21195968229063616	99.75853638533584	0.000462527813308564	0.027135589264129605	3
0.0014476881645710362	0.1328112921176274	99.84907374854299	0.00017757633888620697	0.016489694835936347	3
0.001759449780056592	0.17577097627724492	99.80669045055139	0.00024776760400353623	0.015531355787325583	3
0.0010004040767302915	0.10013622668373562	99.8856965182905	0.00014780471627548984	0.013019046232751639	3
0.0013656238852628982	0.12360995202691596	99.86469620577357	0.00019933705127120853	0.010128881262976515	3
0.0006716735503422151	0.19425183849288347	99.73385775119799	0.00015235914036301155	0.07106637761841843	3
0.0012351163745542956	0.1101385576614938	99.85716298654361	0.00026972136593307616	0.03119361805440167	3
0.0010712075659547217	0.09966041814074204	99.88306449792982	0.00013856567087269946	0.016065310692588982	3
0.001809506990378338	0.09742251072224238	99.85697427829564	0.0003664014568448507	0.04342730253486812	3
0.0011358067856189714	0.10487594917141499	99.86152716392357	0.0001636821270640894	0.032297397992341055	3
0.0017136114389559559	0.10691683819257604	99.85431185338314	0.0002200258499642355	0.03683767113535978	3
0.0011378122625576796	0.09561448780948367	99.87414620554873	0.0002980005425305681	0.028803493836697808	3
0.004803119193631137	0.23244700158343107	99.69984668525767	0.0005390065868821503	0.06236418737836706	3
0.012789039658143623	0.2840182670624039	99.59024017463803	0.0005464947984692799	0.11240602384296403	3
0.006859869667096254	0.32250402447789445	99.52587222971738	0.0004730322030951074	0.14429084393452876	3
0.00638790248119771	0.30719220958236404	99.63142407347894	0.002682142450264055	0.05231367200723448	3
0.0097572191397629	0.3061830529192046	99.5787487229542	0.0030048000074309866	0.10230620497940295	3
0.0045118744641595415	0.20828047929257157	99.65055744710578	0.0016688675863117987	0.1349813315511569	3
0.02668496601843567	1.6394827075499385	98.05537444164425	0.0025849413769442778	0.2758729434104493	3
0.10892754417225559	0.6588703362504855	98.8368455314941	0.004078391551474695	0.39127819653165963	3
0.006711801555882752	0.5848840232135825	99.13659723783607	0.0008558328440063024	0.2709511045504558	3
0.030000254994606526	1.340557192076245	98.1769687833895	0.001812648661318792	0.45066112087834564	3
0.4825574353155053	18.469855143387687	55.525494058117566	0.011861873876391982	25.510231489302843	3
2.7302832560243626	44.75003254288518	36.102280030365186	0.05913848537109275	16.35826568535418	2
1.667848125167238	56.00317377168808	41.20692551064247	0.030835483862036543	1.091217108640172	2
1.2532791647316583	81.04197568712858	16.875135584658906	0.035209179318229436	0.7944003841626203	2
0.5974505193082836	53.82721704915214	45.181862737576225	0.040854785983517404	0.3526149079798203	2
0.06338169070082444	17.20760971407978	81.9555075529063	0.01666004920816086	0.7568409931049437	3
0.18145686108678852	76.09567723843975	23.092068985850474	0.08257831932402827	0.5482185952989722	2
0.04475266032341544	29.215100635105323	70.46100333078246	0.049399600716217656	0.22974377307258756	3
0.11295118482895761	16.496501226172935	82.28920659250576	0.044049218688984496	1.0572917778033615	3
0.04274453640908209	19.960375361560253	78.9562843835143	0.03336740637726912	1.0072283121391044	3
0.02967381335945571	17.808007785817086	81.4501041572222	0.035579213177970394	0.676635030423287	3
0.025109022572680717	12.757643441515793	85.95693475240755	0.06839450705553102	1.1919182764484548	3
0.05034004556706363	13.451673620926138	82.62610227570622	0.3098951310314986	3.561988926769087	3
0.07471089399118538	8.392388896530992	88.23351586649218	0.5205164024013473	2.7788679405842895	3
0.19048519331455355	68.62462465875463	29.933920465550536	0.5086155506461082	0.7423541317341646	2
0.9270171432642249	83.92484719510989	9.73812533518339	3.1491881872402505	2.2608221392022383	2
0.4003043415244397	86.98427884529758	10.394995883025722	1.044486654339688	1.175934275812562	2
2.738515467317269	67.07054260887895	2.003702271980557	26.82001278103106	1.3672268707921804	2
5.81793418325564	66.70967130398206	0.2311639001619774	26.185296780133694	1.0559338324666312	2
2.0434753762387166	66.7785125950295	1.7096827047155914	28.994135877263478	0.47419344675271025	2
5.536757141784778	44.44216943046782	0.1557857849752039	49.04755200048195	0.8177356422902557	4
1.897641250657697	80.78342862674076	0.1371591291121116	16.58547342884826	0.596297564641172	2
1.1610496383402085	75.08290252345834	0.26828104766814204	23.065954704226606	0.421812086306695	2
1.6048914010885886	57.07010708216681	0.9222056582439119	39.95768822806012	0.4451076304405542	2
3.220289413848799	51.11269412940752	0.7489686004352416	43.30597767790993	1.61207017839851	2
1.3021975508388473	65.25009707988619	0.21602942114252568	32.911203256836906	0.3204726912955328	2
3.150036246343825	62.561258267271356	0.059943139406456514	33.682990042237186	0.5457723047411743	2
3.4851651349137107	65.99085355636846	0.14195139729152564	29.608588274302406	0.7734416371238987	2
3.5169030710919564	62.71198558055301	0.13383343764588523	33.151955318058754	0.4853225926503986	2
3.987985700263789	41.810562544111654	0.04296483266964431	53.44117246088683	0.7173144620680779	4
2.815679715819976	22.870323635238442	0.02784058012827829	73.68477117592312	0.6013848928901881	4
2.175953272802944	78.78080593542329	0.19003424444709638	18.470359838977554	0.3828467083491184	2
1.9211011071541815	84.69641642894146	0.08123822416574007	13.071478072630741	0.22976616710788006	2
0.751247212254412	88.22352030762775	0.8149003635554319	9.956260720268887	0.25407139629353204	2
2.246043794435094	84.9068533924456	0.9221583448316993	11.179785762241263	0.7451587060463549	2
0.6651451879814257	84.7367018983924	10.265528581833744	3.9204161013417638	0.41220823045066507	2
1.0051369729352035	94.00033862827294	2.339456260961028	2.367757372268045	0.28731076556278573	2
1.187421413902694	91.98835375632113	1.9250790443255041	4.274888882359916	0.6242569030907568	2
0.6775715510537533	86.55681698071605	10.326057004826856	2.0457283378331916	0.3938261255701485	2
1.1640016188404083	95.05517142680728	2.2021872171590045	1.2140318030695905	0.36460793412370507	2
1.1586807591756314	82.5505738743373	10.316434306769866	5.306879873540825	0.6674311861763758	2
1.620160753935216	85.40068412800093	10.00172893714619	2.2920796754746493	0.685346505443023	2
1.2224434947580725	78.24517995338589	18.366004238259272	1.4738602087986314	0.6925121047981293	2
0.9772559885179746	96.03499461593674	1.7775304468402124	0.7398200236022644	0.47039892510279036	2
1.7214330702395224	93.52350536015955	2.1866278392263476	2.1135476914821796	0.4548860388923914	2
0.27550450082371475	96.5194670230084	2.82040813515121	0.16369275621757484	0.22092758479909316	2
0.6578717093682986	96.62217093378965	1.7594108495206342	0.5886472255865293	0.37189928173489645	2
1.0241251844792643	89.76226707388616	7.650742508234128	0.9978652510226756	0.5649999823777772	2
1.8245059971016653	17.563294519914397	5.212158383008127	0.12425723930614642	75.27578386066965	0
13.679573185234089	76.71414196441755	1.674997196216708	0.21198466017977624	7.7193029939518665	2
14.257744795499905	81.91962815352008	1.2063493378615642	0.19211099713175728	2.4241667159866944	2
5.067822945292233	92.91772933868273	1.0052520338201922	0.043669877131095845	0.9655258050737516	2
6.426902313991165	90.83367549391392	0.9647610937677229	0.1506375881311198	1.624023510196063	2
0.5754667380054941	96.00449837675778	3.0759908812078613	0.03326322462755394	0.3107807794013348	2
1.4582173431429386	91.96465744481618	4.553864592269086	0.04134282383245773	1.9819177959393492	2
2.424381835751471	96.01727194641379	0.4801315419856335	0.07938211823361	0.9988325576154998	2
0.6534448868993674	1.350365980874939	0.08219058697725183	0.017419204499697815	97.89657934074874	0
37.52164578554383	47.64743102763555	0.15168747983583583	0.4280850378260922	14.251150669158685	2
25.29274872773887	71.68922233711412	0.15600285680094894	0.13958893853047186	2.722437139815593	2
6.159906777146994	90.55804411702688	0.18640543079942992	0.06379803927141818	3.0318456357552943	2
2.030327473000436	96.46911818011114	0.30303344747644545	0.28236749714128717	0.9151534022706949	2
1.3875723876772696	97.45473798138492	0.4301072422058203	0.16891691666706452	0.5586654720649356	2
2.2047665220564383	96.55171413132398	0.6637355041710582	0.10332930926313993	0.47645453318538955	2
1.0346309699483407	97.55862520952286	1.1292586596928487	0.06057451416863823	0.21691064666731055	2
0.9574740785775622	97.15952555196097	1.495631566155268	0.0408236929762511	0.3465451103299538	2
0.7199427026754331	94.75809912490072	4.07905507050595	0.01003693153256723	0.4328661703853021	2
1.8562492780721251	89.12896330302263	8.362296857699365	0.023018067898257784	0.6294724933076152	2
0.5146587662125619	80.32856953422674	18.304043996942617	0.016634799713602346	0.8360929029044913	2
0.9876006219442965	85.07870063982877	13.371344158162549	0.011494028303701	0.550860551760705	2
0.5859011055413943	74.66418948575502	23.97342537968463	0.014347552259280787	0.7621364767596724	2
1.6973621489964434	58.83047330393597	38.71385033603699	0.011919213675483414	0.7463949973551087	2
1.3215379717438467	86.2614153933202	11.79464385548245	0.02140213439291533	0.601000645060576	2
0.7243721934979176	91.63767366223561	6.975513895892438	0.018910224819176428	0.6435300235548516	2
0.47882979400160913	78.8993234542776	20.0129208527351	0.01656176177521393	0.5923641372104776	2
0.2693087732271917	63.32467264401893	36.086475686337565	0.007463298658176157	0.3120795977581313	2
0.6970857277950974	69.3060896972877	29.524076157918657	0.014149174754450659	0.458599242244115	2
0.16798605260863672	38.73489008344463	60.88985336331163	0.006820135472284359	0.20045036516279197	3
0.0902698392513403	43.525511128972326	56.09023959636209	0.006504545763966613	0.28747488965027934	3
0.2248725838739742	47.48465694694091	51.8768063561186	0.02043384315653827	0.3932302699099938	3
0.2449137993621514	47.65993537175143	51.81365481654301	0.009880649094385742	0.27161536324902497	3
0.23194156993908951	42.204492969035655	57.06179129243083	0.009430288981478678	0.49234387961294396	3
0.40986878592658615	57.88910621347482	41.37064949087909	0.013299610229251533	0.31707589949024645	2
0.14988312178645738	50.602182252580285	48.995110800451044	0.005110370227950578	0.2477134549542731	2
0.3915085959152668	58.10912408147493	38.655172160912585	0.020369489775045914	2.823825671922161	2
0.23925740883783417	70.11741285817547	29.22068016798349	0.010924896174213711	0.41172466882896985	2
0.0754503026857866	20.367730737732764	78.98118620548541	0.00637494317461194	0.5692578109214109	3
0.08997051133970359	29.84978233652341	69.04416968923825	0.0063459971007350895	1.0097314657978962	3
0.04351067884667122	36.30192997919194	62.72636242853991	0.01029162327706939	0.9179052901444081	3
0.027147743016147693	12.376732127478734	87.1908500414615	0.004402409883353093	0.4008676781602602	3
0.0812425917982345	16.978151289305387	82.29088941659566	0.0034210286112383364	0.6462956736894686	3
0.005369392483089668	3.923289966409434	95.78902625628145	0.0021869007104885563	0.28012748411555316	3
0.007467916678306847	3.037289314894747	96.75954868332289	0.00129533339093639	0.19439875171311982	3
0.007388565388381727	4.457403022153369	94.92628205952413	0.0025576268555493856	0.6063687260785673	3
0.006036777944053276	3.491770916846806	96.29689359895838	0.0008904672862109465	0.20440823896453564	3
0.003651480957858904	1.5377051109729076	98.37311101288554	0.0006544942693562533	0.08487790091432541	3
0.004462524497661184	1.5544886163886902	98.27138472376092	0.0009089316390709722	0.1687552037136457	3
0.0016242350144587932	1.108275926948547	98.80819950682418	0.0006958730560082347	0.08120445815680086	3
0.0013999603492547551	0.8702317328296646	99.00669546059984	0.0004702500013133895	0.12120259621994509	3
0.005481860407148767	1.4968223773694833	98.16083553001161	0.0006801230376487891	0.3361801091741038	3
0.001687317595955585	0.8704616841266093	99.05267274580739	0.00033015735510664166	0.07484809511494167	3
0.0010762623107861383	0.24773085172812917	99.66860057169991	0.0006348604475725203	0.0819574538135843	3
0.004428287859041084	0.3890694242205356	99.57336773090374	0.0007878039936628965	0.03234675302303777	3
0.009170011269583502	1.4820390068747293	98.41007165541318	0.0014513059213054917	0.09726802052121922	3
0.0038599012862535276	0.7702424520773503	98.96639946848128	0.0003966881998463833	0.2591014899552538	3
0.005695205299768687	0.7716036141866931	98.94061041364297	0.0013908161769523553	0.2806999506936096	3
0.011582695150063846	0.7314482890313627	99.00694062373874	0.001639927500432481	0.24838846457940345	3
0.008730287667991016	0.5454152051512802	99.36493990942866	0.002425598928267376	0.07848899882381072	3
0.01960720615777743	0.756242588569278	99.10569250280061	0.006295940308663274	0.1121617621636812	3
0.006157996827268809	0.6349740258321811	99.19947324052849	0.0005398885136609628	0.1588548482983736	3
0.011405666859580943	0.4750052039788762	99.32903634774401	0.0022543337031212174	0.18229844771441658	3
0.031568437864728446	0.3820780057802104	99.5404824680296	0.007821618514558806	0.03804946981091685	3
0.00489120805823117	0.19128672800613156	99.77437655813402	0.0019501573293380465	0.027495348472291722	3
0.28941878628510975	1.2143986492065022	98.33859477461566	0.009004724674780366	0.14858306521794926	3
0.009956629768791431	0.2193191483800526	99.74320999811938	0.004661759757823215	0.02285246397394248	3
0.014719274855154712	0.635300896264718	99.09893636417473	0.006533218787650525	0.24451024591774337	3
0.05635711530459157	0.44717534031735884	99.34588660911069	0.00712971413493068	0.14345122113241543	3
0.01115261668326372	0.28575096233926217	99.64608652343294	0.008120426180726625	0.04888947136381593	3
0.002166664985973127	0.2133371904633397	99.6542214001297	0.0038420542778234814	0.12643269014316813	3
0.005705533221777509	0.39681260332382123	99.54473046431292	0.009821534644741484	0.042929864496775015	3
0.002874844011799276	0.3212612572599293	99.64497812961869	0.002944190601342886	0.027941578508237332	3
0.008883936666676112	0.19279013868243258	99.6109367958116	0.0034077955066775718	0.18398133333262362	3
0.005340671985351632	0.35108473978075244	99.60932696974531	0.004458479711242211	0.029789138777352817	3
0.0019476326912582092	0.17047714950083878	99.72028703118838	0.0016573295750494572	0.10563085704448079	3
0.004009226756334482	0.4333379008605599	99.40049730579074	0.0033800262627385587	0.15877554032963992	3
0.002355200931720967	0.2601574905626686	99.57957571974396	0.003116366672833679	0.15479522208881583	3
0.001821430428876887	0.26688655766796654	99.57450398300554	0.011010802790995018	0.14577722610661126	3
0.04135081675281971	0.7446480276851785	98.90700528971097	0.014192657840833624	0.2928032080102059	3
0.0036073499544379507	0.3397901088755484	99.56813193376175	0.008074105091304924	0.08039650231696996	3
0.004190756952812757	0.2583475465832853	99.66112051398244	0.007447425218298247	0.06889375726315808	3
0.005490754911662543	0.3288630707558796	99.61531910604798	0.00473854035571167	0.04558852792876597	3
0.0038502908314374125	0.35420590824248754	99.36499887075122	0.0069801850312906704	0.26996474514358776	3
0.0027022437062069033	0.2754035452972194	99.65713124562502	0.008589199988573762	0.056173765382996975	3
0.01949657344210514	0.3575181861194393	99.50509003891051	0.013271721120725666	0.10462348040722179	3
0.006175802918581692	0.20492394699726577	99.75911520241448	0.002870841757797846	0.026914205911866614	3
0.00844861264817403	0.22542506265568496	99.67459842019777	0.004304872994069389	0.0872230315043178	3
0.1296852346997894	0.7081075908323061	98.95126043360098	0.017932824459532728	0.1930139164073926	3
0.013623721199439826	0.43382850901151654	99.43005579899	0.009570130230210807	0.1129218405688256	3
0.009020960191059494	0.30015900981321825	99.5786584410221	0.007138878636902431	0.10502271033672557	3
0.12305958164322396	10.949717308791579	81.86364840190953	0.006658788338506364	7.056915919317156	3
