N1	N2	N3	R	W	anotaciones
0.0021587074969167982	0.003626311950739059	0.001865193609841952	6.722073952727729e-05	99.99228256620296	0
0.00321293013391517	0.003462183978499528	0.00010816304616973053	4.475368794618654e-05	99.99317196915348	0
0.0010402861906739494	0.0008096002559439616	0.0003274127148663468	2.7848228046343194e-05	99.99779485261048	0
0.003575725664448277	0.001845315353434659	0.0005794204316578776	5.6053572164946566e-05	99.9939434849783	0
0.0011041439911831574	0.0010653158727035178	0.00019556184827448244	5.447891797216771e-05	99.99758049936987	0
0.0050592431469466395	0.00563775701262797	0.00038481009104702156	0.00015257306141987337	99.98876561668796	0
0.0048017466099357226	0.007471466397601078	0.0002652104500237595	0.00016829601693743931	99.9872932805255	0
0.004578186027386215	0.005952119417103499	0.00016141498877483178	0.0001286228161703448	99.98917965675057	0
0.18288899165783595	0.0340726114774821	0.0003923991045884848	0.0016780214798145761	99.78096797628028	0
0.1189790057360925	0.02720372692744706	0.0001986993897350151	0.0006079554200027102	99.85301061252672	0
0.3179244886415587	0.017255043086702018	0.0003869891959341441	0.000788267517026522	99.66364521155879	0
0.26021724826107445	0.015477839597049299	0.00011182351948173458	0.0010519045400050472	99.72314118408238	0
0.2696023009308253	0.0398552714908898	0.00013871406111847943	0.0016645458165367567	99.68873916770062	0
0.16642809483307824	0.03432061953883901	9.875795797269723e-05	0.0007132457461191637	99.798439281924	0
0.16743747084222602	0.016643692596688464	2.6546973873594187e-05	0.0006547381922495028	99.81523755139496	0
0.5126800954555857	0.047492420554791824	0.00011446590515326073	0.0014014123540390822	99.43831160573042	0
0.6274971763527074	0.04441164832629315	0.0016745530933041895	0.0012082508367884394	99.32520837139091	0
0.45919534519707406	0.027705184032094494	8.47703233732491e-05	0.0024955350362201286	99.51051916541125	0
3.0773257231835176	0.047349613770604065	7.207454005616805e-05	0.006285112046056748	96.86896747645977	0
0.14882654453807487	0.012660283726051763	8.622202558492226e-05	0.000730780461396939	99.83769616924889	0
0.37288688671276204	0.02413742785120333	6.0647848798971644e-05	0.0008939128297999188	99.60202112475744	0
1.9826853927599437	0.09785531934610799	0.000119692477643453	0.002972015858653355	97.91636757955766	0
2.6835879661900552	0.04936479840409355	0.0001228193994623549	0.001550489976540732	97.26537392602985	0
6.587561121547375	0.07597675907030002	0.000251481477090259	0.0024386196968694588	93.33377201820838	0
1.5592461126389665	0.061645008807579324	0.00013651697449204778	0.0018767751840222638	98.37709558639493	0
0.20648169165292615	0.016301558085573098	0.00011824999100460654	0.000685926220848246	99.77641257404964	0
0.2730585645459345	0.024151181185570844	0.00029088705504707446	0.0006213423213168452	99.70187802489212	0
0.36239871926372474	0.027991025460185802	0.00020481482836867543	0.0007461817422713153	99.60865925870546	0
1.4185030854285163	0.08939693653769977	0.00039631516565274445	0.001773512113266083	98.48993015075487	0
0.8084927936785159	0.0398805042532471	0.00022290277460046594	0.0016961128447414745	99.1497076864489	0
2.7757564200214815	0.09371001867736495	0.00020891848365760745	0.0015259591548795978	97.12879868366261	0
0.2904958896808326	0.04446421952136936	0.0005090713554780929	0.0010074614891471098	99.66352335795318	0
1.0013308839014219	0.12232815102365821	0.0009142013405157527	0.0017549492115457844	98.87367181452285	0
0.3659886379479875	0.022998406631267183	0.00013543529510858267	0.0012663651776455968	99.609611154948	0
1.7060118973697822	0.11039171261436462	0.0005579281411626512	0.0023227307450318507	98.18071573112965	0
0.8227676336764547	0.01871591014515087	5.828386566742122e-05	0.0008429338960586347	99.15761523841667	0
0.1808680950009421	0.035283686855149696	0.0004690473685637055	0.0005622291371192056	99.78281694163825	0
0.48365935464195253	0.05804684800357585	6.195695828946483e-05	0.003256795553864873	99.45497504484231	0
0.37119902266782967	0.056793959963393065	0.00025242173844535875	0.002187636806041295	99.56956695882428	0
3.0035688803324896	0.09460295985330641	0.0001212996725993706	0.0042219920258645925	96.89748486811574	0
6.835566257391018	0.12861004360358996	0.00045857949331608186	0.006434096119899248	93.02893102339218	0
1.2940967413812752	0.12077564802944617	0.0013294861030189956	0.00941388208261537	98.57438424240364	0
0.3544978487489732	0.018308027278472565	0.0002966128914481264	0.0026145971051132026	99.624282913976	0
0.4098907038926005	0.017085327374386342	0.0001438704344666377	0.002483752041957062	99.57039634625659	0
0.1697148814056017	0.03943111703386813	0.0004890378612024376	0.001804435792749928	99.78856052790657	0
0.4614287261181787	0.019414282662826503	0.00010644651148578839	0.005570092494995025	99.5134804522125	0
0.175403647084659	0.01094529804428174	0.0005455875491133776	0.002028033675523475	99.81107743364643	0
0.2569540603907387	0.022544002455567223	0.0019183266967944645	0.0021038034880603382	99.71647980696883	0
0.27896954816488123	0.050945974003538494	0.0016966808512913537	0.004368740020403973	99.6640190569599	0
0.053159083808472715	0.04370262611106034	0.0014500423380170648	0.0030585662575782144	99.89862968148489	0
0.01856858604350402	0.02280159171943978	0.001087781364057714	0.0019414486712846092	99.95560059220172	0
0.12683523030253527	0.08373596646144682	0.0028465778157543515	0.004520733325045703	99.78206149209522	0
0.11563301255595684	0.009805708781145976	0.0008116080872289981	0.0009199847722085595	99.87282968580347	0
0.06861624891077461	0.005083106003895787	0.000196331133239955	0.00035589031643476054	99.92574842363567	0
0.07669756929280441	0.011880573188872218	0.00012281679055524796	0.0018521474973083028	99.90944689323047	0
0.21920495793920472	0.023519408602832234	0.00019147010495996488	0.0010863788822272984	99.75599778447078	0
0.06241989160816112	0.012742054548566386	0.00010672671688371498	0.00034374974405853074	99.92438757738232	0
0.23226975115326567	0.040894331248683725	0.00023386863015100422	0.0012101443535788507	99.72539190461433	0
6.57411064182204	0.07003258553332686	0.00019535180614227394	0.004879209088529298	93.35078221174994	0
32.17869748748186	0.492012639026262	0.00040898506636659175	0.012393238187644753	67.31648765023786	0
61.85908207058945	1.7001223464723274	0.0010077058661796445	0.02296286117743129	36.416825015894595	1
21.87079578487812	2.43072900843944	0.005574577553604586	0.05432037429247709	75.63858025483636	0
73.96463164820678	6.641541439726346	0.0025311178119673573	0.08005487566923213	19.311240918585668	1
44.15567114268319	34.92357509084051	0.010026926383581158	0.10266107487984934	20.808065765212866	1
78.56433956791302	1.6736558165874433	0.0010812405575328136	0.05106861501105355	19.709854759930945	1
86.91639716007596	4.652247382270526	0.001641437645305916	0.0464955443010412	8.383218475707158	1
82.27632445387273	15.526674761203688	0.00912910361619364	0.03231599398943894	2.155555687317945	1
36.92667067860562	59.55209234000564	0.2372770880582447	0.14998070721507278	3.1339791861154294	2
22.89944627839128	74.1981980884858	0.28135377261772965	0.49590611612801716	2.125095744377171	2
5.879301643880627	88.05563743340777	4.251133187868854	0.40429875735024134	1.4096289774925053	2
1.9860912835018274	95.79749914955882	1.3310970990842041	0.20182050766369203	0.6834919601914653	2
1.8714527587228822	97.10863278685183	0.04427299814708946	0.2890054627554233	0.6866359935227437	2
0.6799189432608542	95.80098831672494	2.826771854455733	0.03792834501867064	0.6543925405398168	2
2.741367946076606	95.66587908886713	0.21804623163679937	0.05155681422906638	1.3231499191903926	2
1.204426761739044	92.58688819109796	5.775694313587985	0.03878077017680635	0.39420996339819997	2
0.5916804261249886	98.14368033812177	0.9426037354367941	0.02519117576520188	0.2968443245512623	2
0.5884876258831088	94.85791226839272	3.9118257305512785	0.060407898304066385	0.5813664768688427	2
0.4461616382973566	95.72028200588622	2.4773774917522164	0.08565606326065668	1.2705228008035565	2
0.3524916479682355	92.77565302461713	5.881476804275721	0.035873744977888825	0.9545047781610472	2
0.44455010978565096	88.5253253998718	10.420642998117904	0.046890761327027415	0.5625907308976271	2
0.7416598003795631	74.29759567500984	24.403912580166374	0.03044873215848867	0.5263832122857204	2
0.7294482280183282	78.83750066656827	18.942483670460263	0.018449604019854817	1.4721178309332874	2
0.756944158377818	86.35743205228113	10.645501143048246	0.016506605491121054	2.2236160408016894	2
0.15906181683757617	37.56876866988178	61.12437129022946	0.005128649752753694	1.1426695732984387	3
0.10143224490331883	20.744890570739187	78.66989576422073	0.0018582315663671235	0.48192318857040944	3
0.28609161669709926	30.853584821439327	67.64166548082362	0.00474681247598907	1.213911268563977	3
0.1261551249745998	28.339553281466767	70.55535235113027	0.0061840245921608	0.9727552178361994	3
0.049525884368522614	10.995744319896646	88.63835433409542	0.0016046540632217205	0.31477080757619585	3
0.03776795189508073	7.274774115239844	92.09903760868372	0.0015103544618096725	0.5869099697195435	3
0.034687718178661106	4.683183999644798	94.79921607591187	0.0010493010785372783	0.4818629051861355	3
0.019464759580182806	3.655277933371198	95.95586479515524	0.0005939425353711509	0.3687985693580066	3
0.04394867418143555	4.462263986814953	94.96752345831032	0.0009033199368730428	0.5253605607564062	3
0.015912676182784736	3.3013250537025627	96.18866437437703	0.0003936727968981222	0.49370422294071364	3
0.013508752619526129	2.774989575849839	96.82720596402066	0.0004132625346996162	0.38388244497528534	3
0.009715098162583754	3.514066035789614	96.09748986000562	0.00039301544355461196	0.37833599059861206	3
0.037195884554912274	7.150921604247738	89.28749927747303	0.0011470071718545488	3.5232362265524544	3
0.06208383207082992	6.15483962973732	91.51298607570773	0.001192439930949101	2.268898022553162	3
0.012253455239619829	3.2619918060873054	96.1146326226936	0.0005439145313311344	0.61057820144815	3
0.020239737334547897	2.813154584043486	96.30824208726362	0.00040693244198308467	0.8579566589163465	3
0.006042110579079562	2.0595865506210793	97.73717296977593	0.0003459624895006112	0.1968524065344177	3
0.02673477333859184	2.9010647325879435	96.02045150862581	0.0011856131940737155	1.05056337225358	3
0.004633723158080463	1.7315607075912647	97.99664462713643	0.0002331974046515968	0.26692774470957914	3
0.0370148056586282	2.304718421298709	97.41746038380465	0.0004915781078552959	0.24031481113016254	3
0.010660054947521548	1.8198181459960951	97.6695434782048	0.0005023262179711276	0.4994759946336103	3
0.0009154989182790157	0.47264970692505903	99.42907815359318	0.00010822585128742482	0.09724841471218433	3
0.0028753440423188855	0.8775795229694275	98.95826809417481	0.00017327265179610489	0.16110376616165217	3
0.005867625905930071	0.7059183994052113	99.10166354372708	0.00019324992056686348	0.18635718104119947	3
0.004079206339784343	0.5673277456019419	99.25628151107955	0.00010132753979798631	0.17221020943893656	3
0.007404401851968416	2.0671085199272214	97.60262897920323	0.00026094123456294724	0.3225971577830259	3
0.001768866043031497	0.32125703405383704	99.58413823757233	5.8687361119802216e-05	0.09277717496967525	3
0.005982634916815056	0.7313504129148551	99.16533746930749	9.077992994227224e-05	0.09723870293090002	3
0.0024109180016045092	0.31607307050861766	99.54841226418094	4.254401514168968e-05	0.1330612032936737	3
0.0023950038491935824	0.5823687904263141	99.29477185642122	8.284220784533108e-05	0.12038150709543141	3
0.003974712966631217	0.7550745801787115	98.21075843398818	7.009934498578378e-05	1.0301221735214994	3
0.002019240009856033	0.3717605700754545	98.69950725439459	4.8271980089927496e-05	0.926664663540013	3
0.004344293418624997	0.5019185713344063	98.97591595442536	6.669750283717897e-05	0.517754483318774	3
0.0014425402414345971	0.34201128264848746	98.64735558720953	2.876346594491466e-05	1.009161826434608	3
0.0014455464467078673	0.30230878711515174	98.45998317317125	5.272623093615218e-05	1.2362097670359542	3
0.0009574712368595743	0.23504460664297533	97.39181254470903	3.510397776312386e-05	2.3721502734333937	3
0.023408896071227148	0.2299078464463393	99.16897456007344	3.617636187957328e-05	0.5776725210470982	3
0.013455929877930296	0.24345769616331558	98.51477554787347	3.121110635555134e-05	1.2282796149789337	3
0.007327873427284365	0.2355913919126098	99.04673282801434	2.0433071234219602e-05	0.7103274735745296	3
0.014489038899869223	0.27326216929514685	98.5288945101498	3.503855675880489e-05	1.1833192430984205	3
0.007542724769384377	0.07973715458103962	99.35944456458662	1.96835532224949e-05	0.5532558725097247	3
0.026238414729037197	0.3335063152756909	99.4892965723057	3.298161259987367e-05	0.15092571607698085	3
0.008752953401950222	0.38913988619098344	98.61611903050547	6.0175758746208304e-05	0.9859279541428638	3
0.015241782084633972	0.28533151445874827	96.64901662180078	3.116203633238157e-05	3.050378919619498	3
0.01092181804920087	0.20101063750301634	99.12756461184044	3.155561636888454e-05	0.66047137699096	3
0.0019339485670650909	0.6010919232868307	98.47529170101426	3.750878759532373e-05	0.9216449183442394	3
0.002012045956017478	0.45984715238639323	97.61736887030969	6.0590065560235566e-05	1.9207113412823238	3
0.0011246198985355913	0.23070636158043703	98.46072932933669	4.202087470638647e-05	1.3073976683096395	3
0.0016359912814764615	0.3303555852127068	98.17614654502367	3.328290481724811e-05	1.491828595577341	3
0.0031108733785078736	0.2865726768568775	98.5542190251784	4.5060112781002066e-05	1.1560523644734308	3
0.0013057608550902055	0.20979822310581864	99.03663567634462	2.7245101862350617e-05	0.752233094592623	3
0.002771309080062972	0.38365661060618056	98.30944268428722	3.9624899026400016e-05	1.3040897711274964	3
0.0012134688127489347	0.2813033811546921	99.36700936559674	3.272239373555188e-05	0.3504410620420589	3
0.0008272393522681538	0.2871966921790479	99.09634479720226	3.5948173635757094e-05	0.6155953230927816	3
0.000522064497295245	0.20833854771568605	99.40471444221944	2.0066287612154352e-05	0.386404879279956	3
0.0009616013990696095	0.10929964346660315	99.538166749782	2.2877255934735124e-05	0.35154912809642025	3
0.006223783178861011	0.3137862811478333	99.57787913982982	3.461392197454226e-05	0.1020761819215052	3
0.005465778707744887	0.1082345275024087	99.351474448926	1.6769238831277348e-05	0.5348084756249981	3
0.007915908745156285	0.2755491150048308	98.94667981010213	5.248217486941192e-05	0.7698026839730076	3
0.0007250028486153917	0.1667294310306966	99.28845658525397	4.4804969809291135e-05	0.5440441758969143	3
0.005856551063825711	0.28018431608135264	98.9820273995244	4.035738836771283e-05	0.7318913759420531	3
0.00878899104633756	0.10343283410066137	98.92547394480921	2.3482663084147363e-05	0.9622807473807192	3
0.011730697652367495	0.26542113630661707	97.44273704776202	6.033803614835217e-05	2.280050780242825	3
0.007356128589540983	0.18825973756550007	97.78835120682007	3.430750674563561e-05	2.015998619518139	3
0.01802081209331238	0.32515677683800953	97.92419325323813	3.9578118976451866e-05	1.732589579711558	3
0.0072343859762421135	0.23658495233098623	97.3527211470085	4.287066946526672e-05	2.403416644014827	3
0.006929101229241421	0.22118163242515818	96.90895444612629	3.067146753187295e-05	2.8629041487517854	3
0.005711321641115201	0.09906778827715361	99.60443698326684	1.9282769864723474e-05	0.29076462404504	3
0.0016208662864793388	0.2210384596457688	98.03005934390768	4.1972938110597e-05	1.7472393572219598	3
0.0017686612612538995	0.13851983441424007	99.42716372953227	3.0965382356223505e-05	0.4325168094098744	3
0.010688335423365468	0.15389591464405988	99.53242240354282	3.516008845482105e-05	0.3029581863013013	3
0.00925790234009381	0.18929526072511246	99.01592001431351	4.186302092293019e-05	0.7854849596003559	3
0.01264965970959761	0.2709712712203444	98.85014054352023	5.7612893809384704e-05	0.866180912656018	3
0.005976471871364505	0.13318607553948777	99.47788100120174	2.683552499074434e-05	0.38292961586239926	3
0.0018843733202266533	0.5946357190391544	98.43147988387098	0.00010309244393981345	0.9718969313256991	3
0.0011204117378764767	0.1529243403855634	99.0153077541848	4.9609740097340847e-05	0.830597883951668	3
0.0016277236295264591	0.17809521129281647	99.33506965948447	5.3715362327829174e-05	0.48515369023087185	3
0.0032627277173847627	0.25621633541996947	96.63149882364038	0.0002861844881339091	3.108735928734143	3
0.04006770071955577	0.25753598687910406	98.54584204261316	0.0002253503572108088	1.1563289194309754	3
0.031118463735881025	0.2986490551868763	98.92468582935138	0.00018577882897448877	0.7453608728968919	3
0.0055246175129567724	0.7469630298226406	95.43440721788907	0.00030822797435633607	3.8127969068009726	3
0.0032133559562651003	0.1586102334744654	99.56056566695153	0.00017000522363105693	0.27744073839410754	3
0.0016634950435314513	0.17544746330807034	99.51581908276872	7.60595826040988e-05	0.3069938992970773	3
0.003565284107202903	0.24380306748287223	99.51215917383098	0.00012014838160784537	0.24035232619732222	3
0.001494074311795306	0.156509314862312	99.60206903577132	0.0002849795939747087	0.2396425954606083	3
0.0017800846577417369	0.17959700428037115	99.71182664700203	6.394396327343742e-05	0.10673232009660852	3
0.002339497053996605	0.14445058300742158	99.71147582978553	6.327327858297968e-05	0.1416708168744597	3
0.002453100060340329	0.38858519491956117	98.9001273811437	0.0002538523842598252	0.7085804714921313	3
0.00412070644247549	0.6751884195519429	98.79489157387542	0.0003362063299274578	0.525463093800236	3
0.009811020038750073	1.018022311871447	97.53408496515942	0.0012975086975159221	1.436784194232885	3
0.13934563349134402	3.7270902912165726	91.61440729159935	0.006018111875858565	4.5131386718168525	3
4.058243768918987	21.096600361149516	56.67932206382499	0.025885096073415725	18.139948710033092	3
7.4358788193832	43.43380314846787	25.25986234976438	0.025856242619677183	23.844599439764874	2
6.5122894361307955	67.15705462935104	11.755711934350407	0.04702681016100811	14.52791719000675	2
2.6716153449447484	80.85377507716413	11.238041303880244	0.021915428274913766	5.214652845735963	2
0.6894643820101974	38.26951664330214	59.37720608902936	0.01590643860799567	1.6479064470503	3
1.0625054264355411	72.93767869901262	23.98674479659105	0.031735417140529125	1.9813356608202677	2
0.392945353385731	39.53351794289082	58.191770723781055	0.021635732706068313	1.8601302472363288	3
0.21963609129277756	26.00832862506281	73.12411364043393	0.009674560394359582	0.6382470828161229	3
0.1389585849655263	21.03632866472128	78.11301780766033	0.008040717947336875	0.7036542247055411	3
0.11622811345978715	16.928738678715842	82.37734717166151	0.007118973685913306	0.5705670624769317	3
0.127609520889697	14.842777739121104	84.29714964020513	0.005705538411883243	0.7267575613721655	3
0.11586815077564235	14.141716584073253	85.30135329245539	0.005783657838862579	0.4352783148568384	3
0.12575295883975215	12.472238183683961	87.03346597224193	0.004177620798390969	0.3643652644359637	3
0.13493541299755002	12.14643578066514	87.47374264532084	0.003931144624255816	0.24095501639221523	3
0.12821475555931913	12.38222593047763	87.22664505264095	0.0017163642408266604	0.26119789708125324	3
0.04165239666082699	8.514240937749607	90.91583681427304	0.001102850508091795	0.5271670008084478	3
0.02915978933924076	5.8186045584233215	93.97812889688514	0.0030109201086997435	0.17109583524359848	3
0.13164523051845506	9.591630889153837	89.79255497617211	0.006636292397037836	0.4775326117585459	3
0.10909527942933771	12.327108929102446	86.59607235747094	0.009193223078926878	0.9585302109183427	3
0.09450823653784964	7.981508157738952	91.2393045837993	0.021265183282879095	0.6634138386410134	3
0.16975055079109697	20.20040166401123	78.19345924182693	0.06545545092535282	1.3709330924453724	3
0.5761433317601333	53.341339459560075	43.11537541346713	0.3017291634393282	2.665412631773328	2
0.4010526299018752	65.86914660045132	32.27716637134489	0.43798613272693304	1.0146482655750042	2
1.1717661976272618	91.40965997106424	2.7670899620123413	2.255399950490007	2.3960839188061347	2
1.2537164838298787	92.90518653953067	1.9127333560731978	2.038186483355737	1.8901771372105092	2
2.141667855452335	94.18767903768475	0.2083682722538826	2.1582472153724535	1.3040376192365952	2
6.156703003444477	88.35004737198474	1.0701297317804996	2.507340486289534	1.9157794065007494	2
7.099158959273268	74.50095592992845	7.961846172487206	0.40167714926800946	10.036361789043038	2
17.87722708939614	29.606201242628032	0.3481344242217645	1.4285380113433226	50.739899232410735	0
36.58247313037487	49.989888261391954	0.20592252284868845	3.170980381677963	10.050735703706529	2
9.945254864611124	78.04619293068595	1.5108881441980742	2.9222889398453	7.575375120659573	2
10.507350242499438	69.83822997891964	0.3070292639827011	14.012376517773447	5.335013996824757	2
3.5749585278288296	65.33261347462627	0.26936310125107177	26.903529008880795	3.919535887413047	2
3.2551517313013005	80.96023828592195	0.28078176948794425	11.731824002276227	3.7720042110125807	2
5.941197190198355	71.72353153348524	0.0629317703620081	16.99148653438394	5.280852971570461	2
3.158776988132856	85.17283711791801	0.24383690178208195	9.243469233689291	2.181079758477762	2
5.5344191683097455	75.84352193849436	0.21266559618072878	15.41753042910762	2.991862867907534	2
3.949673937316869	75.66546112433946	0.5472966066034083	13.262725260810775	6.574843070929504	2
2.861346389127372	4.797023868193864	0.11830766700712139	0.7192688397793112	91.50405323589233	0
21.625942977204204	63.795084724826	0.2796236603836985	9.438437449619968	4.860911187966117	2
20.046350111969495	66.76985572186484	0.34775400235103543	10.659093975369215	2.1769461884454286	2
24.05114337162872	58.975102904798774	0.9230903402811294	12.985776547416739	3.0648868358746486	2
3.4095981723452145	81.29137327484601	0.3221237523392016	13.954752822838326	1.0221519776312293	2
4.00052810196003	80.21548012095226	0.22270051756138023	14.408811310199798	1.1524799493265427	2
6.232905664740244	71.53657355877291	0.0537768171601674	20.925070995620942	1.251672963705724	2
8.811119266300807	39.88237135465074	0.057774892794729735	49.88206757507731	1.3666669111764114	4
3.647844636325923	55.95798440577136	0.20961986556442394	38.82700147689957	1.3575496154387154	2
6.74040572915324	33.583893456216785	0.06699924178938792	57.44593677555949	2.1627647972810955	4
4.7751693562348905	56.379361435637286	0.41857171763947526	36.54265436431009	1.884243126178268	2
2.201060518104063	60.39624764978121	1.2115506875300865	31.77671420073397	4.414426943850666	2
8.877176420012757	45.55246797542077	0.05900290349018723	44.04161896122542	1.4697337398508792	2
1.9553084337346198	73.67880313052075	2.3506673467175014	20.146173589263576	1.8690474997635493	2
4.187487578316622	56.81702299031469	0.4269132266684774	35.44220182180995	3.1263743828902637	2
1.462776333185581	79.3177391876803	0.5571377698979163	16.528308293764965	2.134038415471223	2
2.7011776998367267	64.22361401625145	0.13836609750357232	31.32464577820937	1.6121964081988793	2
2.8755799180207884	56.16584336008172	0.35204573036798686	39.05166515685633	1.5548658346731599	2
0.8817106831481684	3.694313768179687	0.032566352413446326	94.96727071119118	0.42413848506751317	4
1.1599592198152837	3.640362454619072	0.030054938058643108	94.71595026324579	0.45367312426119605	4
0.7854413945218152	8.204624802417438	0.051278942608117536	90.55795842981497	0.4006964306376267	4
1.73306136652813	14.057326149538607	0.03611970133707055	83.53404035393524	0.6394524286609667	4
0.25793947321688415	2.2384722584340078	0.010480517495195756	97.34663259153494	0.14647515931896507	4
1.1202950445795177	2.881636270722085	0.009729923298904333	95.69366207876142	0.2946766826380808	4
0.3976871490615404	1.8181806746432778	0.03358376125722746	97.1987915802362	0.5517568348017395	4
1.0522247343832516	1.238091774423187	0.023036320028777934	97.21415880421627	0.4724883669485277	4
1.4394462200069738	2.7437244542467707	0.00970698122047629	95.23685511677749	0.5702672277483073	4
1.6821276905784868	4.153810002614155	0.007221711484502913	93.5325362994078	0.6243042959150695	4
23.79072764904466	9.639776374998373	0.11214082772280176	4.548392877189715	61.90896227104445	0
57.09001131641266	30.44630973938523	0.025853836149377377	8.858993845187477	3.578831262865261	1
9.395406192930308	83.27601157242195	0.3382014347058953	5.235075974271268	1.75530482567057	2
2.5091277953092774	92.7543637726477	2.148688800946764	1.4246671332773373	1.1631524978189098	2
0.44473538004931573	91.30210442037271	5.809302348495097	1.9752281824100228	0.46862966867283273	2
0.741955773108241	97.28495519232534	0.6128408114686053	0.9219205324363605	0.43832769066147287	2
0.6561735081576042	98.1039134202917	0.5487124955914695	0.3676049928578666	0.3235955831013567	2
0.5386254623435265	97.56163808973571	1.4084522878880357	0.21007400861776188	0.28121015141495703	2
0.2722730755889083	99.30170724465135	0.23829801911879875	0.04281947496621845	0.14490218567471544	2
0.6120726077417199	98.80462163566742	0.09385832819035016	0.10782285279643342	0.3816245756040992	2
0.5385273615510408	98.4935617644862	0.5877864448959277	0.10301868457426504	0.27710574449253306	2
1.0174945808245557	96.93933807432057	1.3868650582230995	0.13068509325576022	0.5256171933760045	2
0.5476626927173511	98.98834884420398	0.10515953058340448	0.07079531168469387	0.28803362081056555	2
0.28941769952656926	96.92967522837374	2.1762077833157156	0.025556293141940453	0.5791429956420348	2
0.33797346068123435	98.81229941094445	0.5609070319249991	0.02031220993423923	0.2685078865150597	2
1.7357798490484189	97.40625540945052	0.1815094665307305	0.03971048415320439	0.6367447908171269	2
1.7530156561636276	96.80304096805166	0.6640746412835425	0.02931698820501717	0.7505517462961533	2
0.9029630353238463	96.89711800468575	1.5800749818161846	0.031081613747549617	0.5887623644266821	2
1.1615479404178266	95.92103957942722	1.8395258887957375	0.035345378112308166	1.0425412132469132	2
0.8612079749393641	78.425335179692	19.587373814153292	0.013467374013415448	1.1126156572019235	2
0.30627261069872275	67.32344623800131	31.682001575526968	0.016859464140198874	0.6714201116328044	2
0.28123857008423886	84.09485855824774	14.810899941773156	0.026925821647885533	0.7860771082469661	2
0.9015719509686	51.983829413739144	17.83332701197375	0.03449249236332998	29.246779130955186	2
7.785888286276601	11.50192059142568	4.643305890216178	0.06250461854995709	76.00638061353159	0
17.335340669741086	77.77594786289038	0.6000747556367786	0.08194403963138844	4.2066926721003695	2
7.040153346428152	90.4140160162352	0.35322567865800397	0.02098743514914038	2.1716175235295	2
4.959710209012146	72.4304938590009	16.075466969801873	0.06599640097801099	6.468332561207066	2
1.6638681455830435	96.16600640715224	0.7077457057436762	0.1042491817595734	1.3581305597614846	2
0.8196235285839003	97.50003183938794	0.8410837564716646	0.03406114512867189	0.8051997304278049	2
1.0316465419440755	88.00441735505777	8.487673045552809	0.08300370388342354	2.393259353561919	2
1.5816123282289662	79.79715338018751	13.744642359439998	0.05161038740101894	4.824981544742509	2
0.9967881642628483	96.95770164952067	1.4518669950408494	0.015482498921992948	0.5781606922536214	2
1.978132379997099	96.84368173775462	0.5123780862463494	0.02362844822295821	0.642179347778963	2
0.7312108529874365	83.07788164116471	15.328729450726817	0.0165941672507751	0.8455838878702693	2
1.248757887601786	91.02823675549715	5.172729528323929	0.050339872286925366	2.4999359562902077	2
0.9868596138859563	96.80971791024463	0.7963842984433853	0.04319539303198399	1.3638427843940293	2
0.5425329225562275	89.22899694858445	9.002824909196141	0.035298815919551876	1.1903464037436275	2
0.6680821294348616	88.46941963488194	10.060686520243902	0.05002121323726815	0.7517905022020416	2
0.14636906871418146	78.27352657316322	21.07502995875511	0.03910475158990448	0.4659696477775742	2
0.41470462664280616	85.15309448280061	12.739692209808922	0.11740152506786823	1.5751071556798033	2
0.2505158652740158	94.47951027582401	4.83510417542354	0.03241727974667777	0.40245240373176794	2
0.2036798518138551	85.96888983970733	13.086509471741525	0.06413890019307054	0.6767819365442134	2
1.4016087228211074	97.17205022007057	0.7189253485516989	0.1443271703713622	0.5630885381852576	2
0.3787857389844217	62.7361649598987	36.26520931665931	0.045020279794565285	0.5748197046630089	2
0.5502455319104937	77.60850116215387	21.21115534095695	0.07449460153707896	0.5556033634416047	2
0.5882171078617909	57.88079775557241	39.441295629748005	0.10552591826016805	1.9841635885576272	2
0.25769455216470494	38.01412992287106	60.88406154939763	0.0710637469335438	0.773050228633049	3
0.2069875499891798	44.809550363458115	54.13425763543085	0.05424564612517852	0.7949588049966868	3
0.2433931292960613	45.61981205589959	53.26683089105503	0.047381783767691685	0.822582139981636	3
0.11733874017938746	37.87665563120617	61.60141178719585	0.011035892093190097	0.39355794932541593	3
0.11872570670596196	29.124479082253092	70.08724573319229	0.029017898475785623	0.6405315793728735	3
0.0663467091799231	20.521413622742276	79.09680821188736	0.013201057324621995	0.30223039886580344	3
0.0691420727310617	22.294619181104423	77.27041531034128	0.015197398021244294	0.35062603780200025	3
0.10096342037436079	22.444887743332252	76.1468949291545	0.013939632540016062	1.2933142745988837	3
0.07600366904996453	11.936435841072047	87.62223691478354	0.008191697541540808	0.35713187755290743	3
0.05853122448922971	16.880209295868493	82.77488060196123	0.005525820615857226	0.2808530570651896	3
0.045824095755345295	11.407698641047979	88.3390429298534	0.002926098319331758	0.20450823502392948	3
0.049607794185033326	7.446005925198578	91.9385113387787	0.0034442075454594063	0.562430734292228	3
0.02912343934613715	8.890381902178666	90.8005793397941	0.002409772300917044	0.27750554638019825	3
0.029573890558020635	5.433022059601219	94.35740792795008	0.002380037468671484	0.177616084422009	3
0.024593538076827615	4.38107574300479	95.29579069680162	0.0022891906051176816	0.29625083151166187	3
0.010856416152289954	2.2366622794178963	97.59518589836186	0.0015183732780274855	0.15577703278990612	3
0.026024478950291956	4.189061156466732	95.35138641530018	0.0029553604043382094	0.43057258887846384	3
0.01705275270071387	4.8556804733844325	94.89035654982018	0.0019714616441015406	0.23493876245056344	3
0.012234371141259321	2.8971385536088143	95.3634320659787	0.001223864354425802	1.7259711449167852	3
0.00796398387750323	1.6557275146618207	97.9715263750883	0.0011207553993786777	0.3636613709729904	3
0.015373104247374555	2.162235370655858	97.61190523698595	0.0006384812325115751	0.20984780687831667	3
0.009534738159365189	2.228254657212952	97.65137188667264	0.0003994713008610217	0.11043924665418714	3
0.006683421891278031	1.570346932555023	97.39391560789673	0.0005101497196887817	1.0285438879372837	3
0.007077967033706874	1.4129175359025488	98.13294742714879	0.0006254553140531109	0.4464316146008811	3
0.01044315618936057	1.361021463038929	97.22543226788888	0.0004146338648405244	1.4026884790179854	3
0.003901843134348924	1.7693475952150557	96.56324048169509	0.0005106641666648869	1.6629994157888468	3
0.0035023917783825976	0.7358927163860804	98.46953752568352	0.0006054003709623517	0.7904619657810431	3
0.005025072414977641	1.723844982877093	98.0835654604835	0.0004195782060027411	0.1871449060184028	3
0.009456868228093536	2.2987741450871417	97.30669785515494	0.0018016689172428396	0.38326946261257683	3
0.005844212699774743	1.361514437604699	97.34279274277557	0.0014074788752908712	1.2884411280446884	3
0.004453104100312008	0.9384595005470261	78.17988483534518	0.0011058047022626085	20.876096755305227	3
0.005338643990374488	1.682689000430525	96.34995825084418	0.001414576773675092	1.960599527961235	3
0.01901672028336846	4.18315706504756	93.07907611845597	0.002674975856242324	2.716075120356879	3
0.009453509284663706	1.424460210589714	97.96270966619556	0.0009646690776921606	0.6024119448523518	3
0.007780010304427621	1.2021128624639705	98.53638559484047	0.0008713472292553151	0.2528501851618947	3
0.0044902283551189175	1.054558479162857	98.33670458592316	0.000533337386652241	0.6037133691722144	3
0.00409079032262618	0.8228238563366188	98.44445739899254	0.003218493099509659	0.725409461248721	3
0.004972282335614698	0.6564692898993667	99.02606600334838	0.001289527619190134	0.3112028967974494	3
0.0045934631339378295	0.6594643902409192	98.8662144558312	0.0012051563254478004	0.468522534468497	3
0.0030325373092884834	0.8156428670962269	98.44150863398708	0.0019028046399055898	0.7379131569675009	3
0.004372153440845374	0.9224590062233023	98.39305470866998	0.00035085296855069724	0.6797632786973159	3
0.003793686389412682	0.9564672767641397	97.88059266743046	0.0007510390867483741	1.1583953303292434	3
0.0034872323470977917	1.1750954119670884	98.28296862158494	0.00030551856933755064	0.5381432155315204	3
0.005542934341036577	2.2315178549593586	96.84127000086428	0.000702102520538063	0.9209671073147572	3
0.001838822373277762	0.8043331433354071	99.10327174090378	0.00032679964038247514	0.09022949374717447	3
0.0027172987738582196	1.1962585430650532	98.57870241044682	0.00047156615036231464	0.22185018156391442	3
0.003337203092997836	1.4411552903090157	98.23894070083632	0.0005465270589864405	0.3160202787026708	3
0.0009409319112843138	0.5815647710762828	99.27844284189216	0.00032303237635551767	0.13872842274391994	3
0.007610258869942177	1.4559874401158865	98.26990761122582	0.0009289292322625279	0.26556576055608305	3
0.0020214715751327877	1.0297879023386052	98.69393712310142	0.0005683488006872918	0.2736851541841513	3
0.004305680859552841	1.5570294960191198	97.83047671718819	0.0007947637798940852	0.6073933421532484	3
0.0031017497522630925	0.8346457526880781	98.85991790870744	0.0004495128099559206	0.3018850760422741	3
0.008416075971493927	1.263527982514111	98.40024397011365	0.001035967499332418	0.32677600390140255	3
0.1457416187369853	10.722154434628036	61.88748476482577	0.005738242557532256	27.238880939251676	3
1.3693004003650615	10.776239437765438	81.78433776934932	0.009515704043976376	6.060606688476198	3
1.7077104265408538	29.77250488927645	65.87062947944364	0.011426932021080008	2.637728272717981	3
0.9124432831934131	36.15343080995679	60.11166922104157	0.022392163725142116	2.800064522083067	3
0.6794694209656431	28.386386235435822	67.40992078936023	0.016226890965387982	3.5079966632729205	3
0.13428896333678847	11.800535336961948	87.00768737809668	0.007720073728862593	1.0497682478757282	3
0.6099886434213919	10.004236971244175	73.58302955545716	0.028163439013531393	15.774581390863741	3
4.178760927521894	18.7704428411449	6.484814829468412	0.055918231189494905	70.5100631706753	0
5.291675399911901	64.15586104034688	22.58962947835137	0.06645957507886442	7.896374506310988	2
2.218673340357384	84.10752474202695	9.454302842881242	0.0337364421969702	4.185762632537439	2
2.8583019778679555	86.01535429459368	8.221612787809942	0.0670870693463526	2.8376438703820823	2
1.6456499599435972	95.65267370276693	1.3907167990639548	0.12769136375667228	1.1832681744688585	2
0.8657301807729448	87.80594644032722	8.96533464219629	0.2858124443203854	2.077176292383174	2
0.7796042166292135	79.94933391976198	15.714733294177563	0.38003426258388434	3.1762943068473306	2
0.7067328601622385	73.25821273993249	22.639496508235748	0.2421022128641944	3.153455678805329	2
1.258126249456221	4.096673378162992	0.548258181985166	0.09416899247065295	94.00277319792498	0
4.093588677839812	87.55083167844623	4.124023700018633	0.2035364799475152	4.028019463747816	2
5.692509190549605	53.557773383456045	4.497331831419798	0.10945043515921743	36.142935159415345	2
11.044562733594269	66.45767845177119	3.8430436603987284	0.10809687714883359	18.546618277086978	2
3.072744958834852	81.09306333493743	10.744547473640093	0.12507923006318583	4.964565002524425	2
2.4740404825090057	90.08754601416366	3.308350029243206	0.08406316303361916	4.046000311050502	2
2.0948840894739655	75.49622165120427	15.366352496775864	0.04713128173368639	6.99541048081221	2
1.2665938742913063	95.50361043508217	2.0668625816125368	0.0644183487018186	1.0985147603121446	2
2.3737604284129654	95.73744214732804	1.000355244694996	0.099248823746812	0.789193355817199	2
0.9882537207112275	82.69373584698315	15.18381449644706	0.09320023319733135	1.0409957026612373	2
5.998354855436169	91.97998574700867	0.476801092304994	0.37390861927967073	1.170949685970502	2
0.6840879532573311	91.32499153514367	6.978902219340536	0.10079159286549273	0.9112266993929615	2
1.1814953834446908	93.88302323030663	3.7663389781401615	0.1025088511316813	1.0666335569768328	2
2.7395274643557923	95.27539395682356	0.7803241324736596	0.34653686658233496	0.8582175797646441	2
1.8878321917226673	96.17855343841615	0.8079251884118526	0.147208123971549	0.9784810574777844	2
0.8744547889431716	87.96806470699245	10.32399908440218	0.15640083258802598	0.6770805870741751	2
0.9224981974690251	87.94899130429246	9.903765297768324	0.1130582214056428	1.111686979064562	2
1.3238933167723244	67.28667021233375	29.1773011785173	0.06604200887586409	2.146093283500763	2
0.6011469684434373	77.45344119539725	20.788475790679517	0.05487009253233283	1.1020659529474686	2
1.1044203482791894	87.30443424643337	9.863036384664637	0.04572879028760844	1.682380230335191	2
0.09827340438350102	17.33517302095942	82.21990503202102	0.009313024112816615	0.3373355185232559	3
0.13394447598462686	35.403000573834284	63.712692412658726	0.03467739820325903	0.7156851393191057	3
0.26667806688084067	61.88395706013069	35.87214966809768	0.0998018946074639	1.877413310283336	2
0.603116863782349	80.83549508290785	14.762656346556541	0.14942517327615612	3.6493065334771146	2
0.4192997317309645	52.69583483558628	45.621876373858015	0.10365733345233945	1.1593317253723805	2
0.2948157501300132	86.49238518897879	12.661783412260172	0.024706348749725108	0.5263092998813094	2
0.4654183046981386	92.76776060190328	5.924877177670273	0.06217822483423196	0.7797656908940762	2
0.7439487807863702	65.10400085999837	31.7577237581279	0.1817812767868558	2.2125453243005175	2
1.0482084743947622	79.17304154071326	16.716779478501888	1.0975579252372818	1.9644125811528124	2
12.675410043551114	74.30325054563033	0.24625516733917194	4.771116597269326	8.003967646210084	2
14.488724545499121	71.64006654887052	0.22031852857284268	7.197535119803371	6.45335525725416	2
7.172973799382739	86.36323610075722	0.349079203408285	4.830026215809088	1.2846846806426548	2
17.031892750195308	37.0980236019625	0.10718179967883279	32.80982818317012	12.953073664993218	2
12.152410029058876	56.73022234750793	0.2279932852786576	22.367018881424737	8.52235545672981	2
11.186435760785987	11.714155369549953	0.03253972791758716	76.02450623503717	1.0423629067093112	4
10.122424299168182	18.75427604259347	0.12686179553725865	69.54005194402667	1.4563859186744168	4
0.8198197359003414	1.8509366952099877	0.04222245900682609	95.35310366918206	1.9339174407007844	4
1.3218118187441075	1.4185092876244976	0.011264721738782051	96.52163805331219	0.7267761185804379	4
1.646371640724311	1.845099655729185	0.026946383657079978	95.68112921886885	0.8004531010205701	4
8.602057770899373	6.325494708657289	0.02558642123844701	76.17582044251473	8.87104065669016	4
3.0746301261432483	4.357078930535472	0.00820494637962955	90.74179702646227	1.8182889704793745	4
16.222748060159937	5.428902838251499	0.0324280116261104	73.56795131811612	4.747969771846339	4
17.726092165822234	9.284019224558119	0.0524399089024361	54.99089834935421	17.946550351362994	4
0.20044865554605545	0.03876325164095123	0.0018460752601750802	0.040723997008577935	99.71821802054424	0
2.4106247662516447	0.11975193971681355	0.001593530783250938	0.16415929864519907	97.3038704646031	0
81.89282259376283	2.074427066881036	0.006440537606120612	1.3042797761361262	14.722030025613877	1
78.04427120098141	3.3706483319367706	0.016576919058478773	7.668968951519202	10.899534596504129	1
48.38268146798318	14.492083012175142	0.1443079793627692	25.50788598623081	11.4730415542481	1
10.385308385673907	26.684232957560518	0.17997886091699197	54.4789619741782	8.27151782167039	4
