N1	N2	N3	R	W	anotaciones
0.007660497263270572	0.0036127845060470063	0.0009665330208503136	2.3352670143301805e-05	99.9877368325397	0
0.004747687135568138	0.005263054713561687	0.0007108730020686652	1.2595841501596024e-07	99.9892782591904	0
0.0029862786716396317	0.002134485971596594	0.0003491427987659784	1.646950247355888e-05	99.99451362305551	0
0.012904629786203277	0.004803310401221538	0.00024220036123783316	1.520871831645112e-05	99.98203465073301	0
0.002364134191214148	0.001435570431507385	0.00013393640002612114	6.977458082646074e-06	99.99605938151917	0
0.0036855816841098402	0.0023523723986923315	0.00024520560033654157	9.365052522264084e-06	99.99370747526434	0
0.0012868514242472318	0.0016020164373746427	0.00031081326772499756	4.042101764863064e-06	99.99679627676889	0
0.004773525275681011	0.005926442403103691	0.0004952062292864094	1.1075418028803704e-05	99.98879375067389	0
0.1694592146447443	0.013692985044987943	0.0006484437932397395	6.447355844239e-05	99.81613488295858	0
0.02283616131746681	0.02374010148708767	0.004684803838117531	0.0003299872639587028	99.94840894609338	0
0.04166826598329515	0.03633545890355283	0.0029431441046244003	0.00042022649433274417	99.9186329045142	0
0.09825602213409247	0.0650438325350365	0.002894710685849418	0.014302907933812925	99.81950252671122	0
0.017435422210994242	0.01782892631629971	0.0027340983758356962	0.002381569293103662	99.95961998380378	0
0.04562193518057084	0.011394645210274688	0.0012055514670301002	0.004994196943651874	99.93678367119848	0
0.15464870715909293	0.010737163698210817	0.0007176547996940399	0.009327965603919477	99.82456850873909	0
0.47796121770228506	0.029162549929299487	0.003104506414354466	0.006930752701261194	99.48284097325278	0
0.44013733210227535	0.0551917509890197	0.0019444082771223146	0.01802096055363376	99.48470554807795	0
0.45244296180962107	0.03281797804557891	0.000577839701396946	0.023416034584937812	99.49074518585846	0
0.9268731731292353	0.07831188956947387	0.0008992455806648287	0.07978615712688221	98.91412953459373	0
0.0650446725701443	0.019331543731481948	0.0005829044076742262	0.006745573246848052	99.90829530604385	0
0.14008431477891103	0.019100067517038456	0.0005990127125383221	0.009017263709416096	99.83119934128209	0
0.6435748432264106	0.040477144320903984	0.00017552407254364078	0.07547582244688451	99.24029666593326	0
0.6239696319174082	0.05546878104284714	8.0077286729186e-05	0.06745908097119838	99.25302242878182	0
0.029419570363892228	0.0074173985291707215	0.00015273107973766344	0.0007214995509557732	99.96228880047623	0
0.13028320846079955	0.04971774096927936	0.0010969384069573645	0.01863890226701919	99.80026320989595	0
0.453351346118665	0.1256969695936489	0.0021368073406022384	0.032193098335570616	99.38662177861151	0
0.003724750039283067	0.002983478317447846	0.0005530417504429769	0.00020173085475223948	99.99253699903807	0
0.008005505676531594	0.004076660081942401	0.0007317340894153963	0.00019170701636655872	99.98699439313575	0
0.03726606226045496	0.006673330598396245	0.00045639160353133044	0.0003014639762168138	99.9553027515614	0
0.02600949763268417	0.005357165542061927	0.0005671176118171156	0.00028306164839098384	99.96778315756504	0
0.004247316465068487	0.003442028140658869	0.0008812825855567434	0.00023811658444279575	99.99119125622428	0
0.004896583401124636	0.004044163078286549	0.000656595337210346	0.00025495534702915494	99.99014770283634	0
0.02193322682667571	0.004943913519622296	0.00047135564133012444	0.002152607378698526	99.97049889663367	0
0.12204217005781476	0.0078100454529147975	0.000462284096079755	0.00415297497031484	99.86553252542288	0
0.041822841622106775	0.010824778364091632	0.0003734316765742181	0.006865903160528747	99.9401130451767	0
0.05237592754764322	0.016355959935678677	0.0006432063501235423	0.015004555951212126	99.91562035021535	0
0.09268447443474778	0.03421330598818693	0.0007409401420429768	0.022572046569410746	99.84978923286562	0
0.17782885265126094	0.038280203244813425	0.00030637609525099787	0.014147596779285405	99.7694369712294	0
0.012866879570687727	0.005886614381910671	0.0007576338012472681	0.00038827270065250953	99.98010059954551	0
0.02404943095692458	0.005831501723495737	0.00024067492941778258	0.0003305321179100999	99.96954786027224	0
0.05269206530439684	0.010722568240175968	0.00022106342615570984	0.0006219785736823189	99.93574232445559	0
0.18802804815859075	0.029719935075962805	0.00031103909016923605	0.0012184183317879077	99.78072255934349	0
0.04355923028132608	0.043731782688139334	0.0009178687831333274	0.0011883524431940237	99.9106027658042	0
0.006758359382112028	0.004396520232671666	0.00027313940430612063	0.0007977032165146464	99.98777427776439	0
0.018730413396393572	0.004554200306613926	0.00029764597178200087	0.0008650921591600382	99.97555264816604	0
0.4371274248335314	0.1060821430571841	0.00394614626669706	0.004383038457964021	99.44846124738463	0
0.14884645908352148	0.06521130936019412	0.0020042636598737477	0.03974396268911541	99.7441940052073	0
0.6995209735766371	0.06297186041021008	0.001234640398941334	0.00323330053119403	99.23303922508302	0
13.209874952911749	0.3881350878216016	0.006035927025736255	0.005398876603993149	86.3905551556369	0
2.688598346989117	0.15983342622234295	0.0036155201495209678	0.005074716695565289	97.14287798994346	0
1.7023355765059371	0.17763449497020103	0.011412087482280108	0.003599763695170805	98.1050180773464	0
3.8178752220050245	0.43620930438153804	0.02573292295285999	0.010196950360797293	95.70998560029979	0
1.29452308866751	0.09345259569908096	0.014648104661266738	0.0033827441127666676	98.59399346685937	0
3.445787398179113	0.1491936827124454	0.003301861860509522	0.0020729440268046056	96.39964411322111	0
20.690302566622606	0.4791403984633593	0.011624068336989219	0.006269975149496025	78.81266299142754	0
17.909672057391305	0.7859921710480073	0.003584746214661875	0.02506561850437033	81.27568540684166	0
13.0397867122533	0.7572996298372783	0.005073997270212046	0.03485495212190033	86.16298470851731	0
1.236273605340511	0.0708382091250651	0.002440511772014103	0.006963955643505991	98.68348371811891	0
2.19698712636157	0.09359110142276325	0.0013676248409556391	0.0028929937426129104	97.70516115363209	0
3.0307789767501694	0.39643166380763434	0.005384864040096786	0.027676863236055227	96.53972763216603	0
17.36655978077589	0.8279565910972774	0.00810161262340642	0.02955174754316066	81.76783026796025	0
6.520221381875976	0.7559910670173942	0.004505587959557917	0.035103933431844245	92.68417802971523	0
0.2760980572343965	0.05221693711913872	0.000515560159899313	0.0011068611729175455	99.67006258431364	0
0.42090258869917074	0.09890921832393401	0.0036666499854423077	0.0021137288071826988	99.47440781418427	0
1.1160155856210217	0.3012337258615394	0.00843789492124136	0.00953044086248498	98.56478235273372	0
0.06416820350137153	0.028857210099020824	0.005396083957207232	0.0016052746201253398	99.89997322782227	0
0.014885768604786399	0.014023507663786636	0.004176258138284181	0.0015260118881761267	99.96538845370496	0
0.048625444748377426	0.055989492892903496	0.0019303637342475448	0.002628137630709056	99.89082656099374	0
0.03276814418231627	0.02628457743800399	0.0026563038579468863	0.0012952961974853152	99.93699567832425	0
1.0328121130979873	0.10706101394092449	0.007662248557306373	0.13568802875882027	98.71677659564496	0
0.3185666324764552	0.042641537327592384	0.0014256220087038517	0.0030381048903726287	99.63432810329687	0
0.06294748616573895	0.015782806418646437	0.004083104719620211	0.0019180622180968035	99.9152685404779	0
0.13006300993041578	0.034885627173784024	0.005908691719973199	0.004159846142271088	99.82498282503354	0
0.014749378716723502	0.02596455903096399	0.0045476382497325754	0.001402872478389189	99.95333555152419	0
0.22248059881842075	0.06525973351579548	0.02733602215386616	0.01406914573828485	99.67085449977363	0
0.03985635917857124	0.03786114617533361	0.005402105514700792	0.0026512351409725653	99.91422915399043	0
0.022024372094923046	0.027798042969205683	0.004372567858527474	0.001339168844638483	99.9444658482327	0
0.03785062871828842	0.02582193453951505	0.010977360899647024	0.0007787216376251003	99.92457135420494	0
0.00900780558781119	0.008325562657285223	0.004693476417238001	0.00011592378879840713	99.97785723154887	0
0.015555518674658706	0.016960259710321782	0.0056675837702208735	0.00022942384689567916	99.96158721399789	0
0.006555420409767782	0.018697148505494414	0.01331771349805853	0.00020028116905516832	99.96122943641761	0
0.01118262602308362	0.013410797894450932	0.016214697447612055	0.0005753526062697259	99.95861652602858	0
0.022612201330433016	0.04139595790281718	0.012360228599085152	0.00228441629166851	99.92134719587598	0
0.08000422273397058	0.03853803224312336	0.06804914002857866	0.0025918182437189995	99.8108167867506	0
0.02461387944309186	0.04443029969105325	0.009695754306574988	0.0016009127406224966	99.91965915381866	0
0.027912156240670786	0.030650719102162965	0.015815799461139507	0.0050953580718290595	99.92052596712419	0
0.1203935704042162	0.12485371956353444	0.00992713781637226	0.008087313827817983	99.73673825838806	0
0.12761007384750658	0.09479464363114931	0.03690756310633369	0.013502518341456328	99.72718520107355	0
0.01447862222466283	0.012912992218449153	0.0020620465293532592	0.0007702296736981348	99.96977610935383	0
0.030719957902364932	0.03734066310700827	0.009271928286597052	0.002889505340188002	99.91977794536385	0
0.04427018713734514	0.03822880149202879	0.004750054668743321	0.0008260512902656689	99.91192490541161	0
0.004867165558326933	0.004690324199821084	0.0007386717279538297	9.994603909009743e-05	99.9896038924748	0
0.042555059443098876	0.01970391605643036	0.0024276406058864474	0.0009458558203145674	99.93436752807426	0
0.022137907392535752	0.012091306498989374	0.0011397422793535893	0.00032957405035857176	99.96430146977876	0
0.053458091691950205	0.03311121770187941	0.004658667510195475	0.0011745018054778516	99.9075975212905	0
0.1623012292221811	0.055608750379517735	0.0026958584406005536	0.0011968760574614264	99.77819728590023	0
0.052904571667974055	0.03538206231740687	0.00842366051306866	0.000589027206735456	99.90270067829482	0
0.009405942108527436	0.01772820867622832	0.002833445366095101	0.0001920185589412541	99.96984038529021	0
0.03042413740066406	0.019226901575836713	0.002684808702611216	0.00031784813841073553	99.94734630418247	0
0.058943659219096084	0.023487600246837766	0.0026353492409793866	0.001616698952750688	99.91331669234033	0
0.04064487062930963	0.014749733667139872	0.0017469851229764903	0.0013766670747126606	99.94148174350586	0
0.10402875576947963	0.027351186345606397	0.0005670876835508252	0.0016447843341052626	99.86640818586726	0
0.2848979703121686	0.07126987383379177	0.0057645672437732125	0.006464897284661945	99.63160269132561	0
0.022452909317719368	0.013396839934070811	0.0016145488648161574	0.0006545231957997235	99.96188117868758	0
0.04860554125163888	0.031348979023579464	0.0030715036879789127	0.0009566673936648988	99.91601730864315	0
0.029545504755675783	0.020725582086954256	0.002487283569690406	0.0008735738959376423	99.94636805569175	0
0.01716268464597325	0.006818955491740573	0.00047509295902981995	7.050614516394817e-05	99.9754727607581	0
0.04572907434187798	0.018505825186151605	0.002022336154281873	0.0005002535884120908	99.93324251072927	0
0.18780372404257561	0.05249516961822586	0.003485786161125691	0.0017343738634468795	99.75448094631462	0
0.010052616387795876	0.0027985028754771166	0.0007445579684477616	4.285910746411545e-05	99.98636146366081	0
0.010844767396382071	0.005120672019257009	0.002376086040438369	0.00029092747380091285	99.98136754707012	0
0.03797877844791	0.02051400660371961	0.004469788466817839	0.0006909025218255715	99.93634652395973	0
0.05818247532033736	0.04448471173798284	0.0059893602701258765	0.0013815212954357051	99.88996193137612	0
0.004163392588644866	0.006641294792733139	0.006107810403321226	0.00010157212856484393	99.98298593008673	0
0.16467934632761042	0.04115687150394536	0.006278660672175198	0.0011796508251473493	99.78670547067112	0
0.020798062848792778	0.0123079133709753	0.003311925928569382	0.0002683082201033436	99.96331378963156	0
0.006001079236993493	0.004720895641202923	0.0016577527415852077	8.233392946898469e-05	99.98753793845076	0
0.0013163551726300838	0.002903990062209612	0.0011157616155042687	1.0371855927538325e-05	99.99465352129374	0
0.0011760314088612167	0.005364434095048926	0.0015758333701674572	2.087157740762279e-05	99.99186282954852	0
0.003199012424906418	0.006398917350315715	0.0013160332741486336	9.403047031078826e-06	99.98907663390361	0
0.004161505197456343	0.005585490319795165	0.0012163939045243388	8.870168116833695e-06	99.9890277404101	0
0.0020215519085133157	0.0037491495786338242	0.0014598158275958082	1.4051580289129265e-05	99.99275543110497	0
0.007311479578748066	0.008419951837126573	0.0009411317545724154	4.0572013661347034e-05	99.9832868648159	0
0.8880194117458924	0.40817520809168995	0.009969991796462699	0.004152245189632729	98.68968314317632	0
0.24878841016880604	0.07764018733751968	0.007526679879326711	0.0009560013167517419	99.6650887212976	0
0.007036961347786347	0.007583964853650242	0.001134634225641365	3.699615290174174e-05	99.98420744342002	0
0.07871683665453903	0.03181580291275317	0.0039012181805138067	0.00015897868934849582	99.88540716356286	0
0.1760172236796066	0.04857896211467472	0.009772543979075309	0.003408389627434489	99.76222288059921	0
0.07925854911924439	0.028500841780364904	0.008319383262496172	0.0017253605120376115	99.88219586532585	0
0.003970875236243782	0.008069646552390387	0.0011888019373146195	0.00029398419276039544	99.9864766920813	0
0.013201865359594146	0.018907010064741967	0.000868673499551934	0.0004215188244822164	99.96660093225164	0
0.025971912801274238	0.03938958669709819	0.005860754682119737	0.0022589226791226275	99.9265188231404	0
0.5734896724069835	0.18502178439761535	0.009527559579648957	0.007050171315672818	99.22491081230008	0
1.2809113464741362	0.22744202719840262	0.00670151755965491	0.0054422773139604615	98.47950283145384	0
0.02064152313353084	0.02187688305344117	0.001942770520933281	0.0003885733218128718	99.95515024997029	0
0.09974751086677303	0.042156543791244325	0.0033911595763975637	0.0009993053425581817	99.85370548042303	0
0.09004538975860131	0.033166059733804	0.0018382667449778048	0.0009095224069072151	99.87404076135572	0
1.2940809768043442	0.18153736124186245	0.010938762776188663	0.009402005316605707	98.504040893861	0
0.02459558677193993	0.013908477227801648	0.003969014713390805	0.0022734548838453	99.95525346640302	0
0.03762420174857944	0.03143705084680491	0.014873368599322066	0.002635829023125527	99.91342954978218	0
0.015452454046632277	0.035948296708236	0.0037443186036143143	0.008041455305266692	99.93681347533625	0
0.05261331677868616	0.028191066962467502	0.004148308578967925	0.006299589931164637	99.90874771774872	0
0.3588454617016817	0.10286501452879578	0.005962649708407089	0.059249589319930095	99.47307728474118	0
2.55703109301503	0.5896918622354924	0.011753774032289369	0.10542939930084749	96.73609387141633	0
1.1039678805181719	0.23948681637787722	0.002970318457646399	0.08797458235063894	98.56560040229566	0
2.406122575219524	0.8316908089980691	0.01230526403390729	0.20256063375576722	96.54732071799273	0
0.23147819994919025	0.08633038011549549	0.0009572281038615199	0.017414167122525505	99.66382002470891	0
0.15641806609637926	0.02592062821531691	0.000736894445617748	0.003463504203158774	99.81346090703951	0
2.668102246994848	0.10269011851163129	0.0008086961321211804	0.007801718908687224	97.2205972194527	0
0.41365948554049053	0.05827238322348643	0.0020965895861574965	0.004680667880899297	99.52129087376895	0
0.0798351025672651	0.023730215671006166	0.0002990231017613438	0.002537274898547389	99.89359838376141	0
10.279321428662996	1.6378049587887138	0.005917287992013882	0.6543494839729032	87.42260684058337	0
0.2830774852279989	0.13087705594805385	0.004161898841148081	0.024296038647848857	99.55758752133495	0
16.07754677647343	0.6388684647631939	0.0026537556432179653	0.07927284507329507	83.20165815804687	0
23.911496943580897	2.0388974131549444	0.02031753986433498	1.1989497195833496	72.83033838381647	0
1.5243309951629438	0.49250336437808345	0.005469326801504207	0.20238797018493423	97.77530834347253	0
5.605552652453529	1.2754660075238242	0.005930742274099769	0.43410955666416645	92.67894104108439	0
1.335102317392743	0.4187246913478619	0.002374771035896865	0.12588180304001453	98.1179164171835	0
0.20917346864195346	0.07978333609376763	0.001983688260059185	0.00480993277389563	99.70424957423032	0
0.4768214713363196	0.06133741972916545	0.00042887417709954763	0.0031057651063840187	99.45830646965102	0
0.42068572654299674	0.10057315372406493	0.004236478292695164	0.021065199799477637	99.45343944164075	0
0.1697018943067059	0.036462358640714634	0.0054663113771466765	0.005398412644999305	99.78297102303043	0
0.18812706727392658	0.09050359647358218	0.00380107084400207	0.014152069044645317	99.70341619636385	0
0.06579107293142458	0.04244653965441161	0.0012311483146752388	0.0011377434835949491	99.88939349561589	0
0.26457587892970974	0.08427702094676295	0.0020369777533039224	0.005379759631665546	99.64373036273855	0
0.11719177334930592	0.09524931236655614	0.0031232675402478862	0.0034393335170218634	99.78099631322688	0
0.03552598617923758	0.04943448887109958	0.0023691483797375844	0.0007086652096919656	99.91196171136025	0
0.1924454560198654	0.1253572182006608	0.011436802664003699	0.0033062433259010236	99.66745427978957	0
0.04123837046308845	0.03181346765579549	0.0023109434328419105	0.0006125490075205512	99.92402466944075	0
0.040604238551291416	0.03468618610814266	0.0020435102536414565	0.0017750133940906596	99.92089105169283	0
0.04428580628432504	0.020079140830510038	0.0013748837309529927	0.002993709319228061	99.93126645983497	0
0.1985432981419833	0.09704068690663065	0.006972950967281528	0.03275861665693368	99.66468444732716	0
0.03813998606788745	0.04351658110787289	0.0024669523339104346	0.037493476961801116	99.87838300352853	0
0.815950255107674	0.09009703266475709	0.0024701055884403943	0.06193069801451944	99.0295519086246	0
0.0550750131704902	0.04724801328674499	0.00254348686537212	0.048653328591062174	99.84648015808634	0
1.111350107767255	0.5429395506671327	0.03955115538712436	0.19811321480014404	98.10804597137835	0
0.02538895437866842	0.04479229442793641	0.013133992424533062	0.03666387005353891	99.88002088871534	0
0.02186257850478461	0.03756328683806485	0.012186608513537579	0.0694886106233807	99.85889891552023	0
0.016283025824460447	0.019801331771169856	0.0015759308755794732	0.003669606145128854	99.95867010538366	0
0.03303141870082317	0.025650814485947495	0.0033895682711943403	0.008409583304850081	99.92951861523719	0
0.13937360747690156	0.06601896509302571	0.014652868782922065	0.12749007614058083	99.65246448250656	0
0.4209246244071767	0.06762104260652446	0.0018923947174694456	0.05788839985408668	99.45167353841472	0
4.994779672819556	0.23779819113536133	0.0017230097620867572	0.1804384479758614	94.58526067830714	0
32.63722749583065	0.932776707672296	0.003962165325421987	0.5013175750026476	65.92471605616898	0
2.277034289600367	0.6865522977413588	0.0024647687896779363	0.08384601409543312	96.95010262977316	0
1.0216557640279509	0.04892760313311825	0.00011030354770388193	0.023788313032372076	98.90551801625887	0
19.524287184039412	0.2002623782494424	0.0002581408618249616	0.02115910533845385	80.25403319151087	0
6.154130171639513	0.4732935254707742	0.000698678022342769	0.06762412623264862	93.30425349863472	0
1.5604368472115075	0.08953601025088731	0.0006481452251074272	0.062217559471048324	98.28716143784145	0
50.884545275906014	0.9867110483798026	0.00124151237663236	0.8302491978200467	47.29725296551751	1
79.6107250913902	1.2402938869682598	0.007146995125718818	0.48508871910314716	18.656745307412674	1
67.85942707926621	24.314767369810223	0.08249052715049225	0.7342447191310444	7.0090703046420515	1
37.14091203833051	57.14815017097773	0.14588396829141215	1.096574124245554	4.468479698154797	2
20.717403488597952	76.45380548352553	0.35569874049462097	0.7356963867041986	1.7373959006777084	2
6.479840308715268	90.99591641934775	0.5383600472203381	0.28483049273628264	1.7010527319803748	2
5.100970394251916	93.46528550547814	0.2118395375221818	0.1291942151227319	1.0927103476250288	2
0.5064053616071861	96.8873148969529	2.200127247376346	0.02932497290325385	0.37682752116032053	2
1.9267272048922117	96.73984966598535	0.7065630360287631	0.03723135355916402	0.5896287395345401	2
0.17081254376185714	69.83433117086044	29.76730634918804	0.014248274862945165	0.2133016613267164	2
0.8366834556931216	97.50875666671257	1.2266972738915762	0.0322605047155128	0.3956020989872128	2
0.1328215056442198	93.61261109170577	6.048054678644985	0.010936403068890124	0.19557632093613406	2
0.6029922267791548	98.01121744293557	1.021619346509905	0.029024423237229365	0.3351465605381601	2
0.1681341200199816	90.16671215909423	9.379077810189676	0.009237536247172697	0.2768383744489269	2
0.3213447165059339	93.98166306522195	5.323876661602541	0.00593513574414277	0.3671804209254306	2
0.13365090052658818	66.01649045909393	33.703561912381694	0.0038347498673505596	0.14246197813044487	2
0.12710441432451006	95.56327220114478	4.015672230739927	0.009728274540724753	0.2842228792500344	2
0.06750381510996517	96.13531461811455	3.5779620751708965	0.007929210900926919	0.21129028070365433	2
0.022333462503376023	16.274702253676722	83.62743416439638	0.002450381793399999	0.07307973763014473	3
0.02597755498685518	61.73927277285978	38.09567722857092	0.0022982574476395927	0.13677418613480413	2
0.05828884289799084	40.52880011063195	59.142924155128995	0.003742064153324841	0.2662448271877397	3
0.022481087406454364	38.47955777159918	61.3530434569907	0.0018911183115926744	0.14302656569207792	3
0.0562050915446258	71.37854505053575	28.36666530825823	0.001907632566877058	0.19667691709452875	2
0.01190678872013387	9.271921179633686	90.64159791658585	0.0007498273375225824	0.07382428772280912	3
0.011304150875427474	10.85662935786262	88.93665071457546	0.0005530936132657209	0.19486268307322968	3
0.016635018896041038	4.306399954483326	95.575408814133	0.0006052672647563681	0.10095094522288076	3
0.009066346899921989	2.5152307855314797	97.42619472283805	0.0002946103475531364	0.049213534383010404	3
0.009920219435214966	1.879375494730842	98.03915555491656	0.00016991959824528267	0.07137881131913258	3
0.01901630964746349	2.1913668153729224	97.72728482700573	0.00033555394245487883	0.061996494031413565	3
0.01141161202983003	3.0459380767964075	96.8458618017325	0.00027335967772329766	0.09651514976353523	3
0.018145153821276374	0.7251481574180787	99.20900162007669	0.00026926957905370547	0.04743579910491671	3
0.010650609249895741	1.1071210869015737	98.78345116501649	0.00072125422395025	0.09805588460808472	3
0.048201294463326896	1.6557284631588527	98.12909381938574	0.0009786631456821218	0.16599775984639145	3
0.15584788297899516	2.28439166596865	97.17252228086811	0.0020936934930579367	0.3851444766911764	3
0.22617333794846106	2.83227965904821	96.52311589049899	0.001123646190114656	0.41730746631423427	3
0.02842625618938189	0.5508851364504602	99.29571569082461	0.00039735135773780086	0.1245755651778357	3
0.0292040681642717	1.2555993762085662	98.63090963660291	0.0003569649105516403	0.08392995411370918	3
0.08407645084984552	1.7829475241321409	97.89680622707381	0.0008196054570397579	0.2353501924871515	3
0.031323237516595194	1.0304867203837897	98.68856857609273	0.0010785551313551667	0.24854291087552716	3
0.03410333228626361	1.3345169755322561	98.4435818202951	0.0007393590848790831	0.18705851280149133	3
0.07554201397434766	1.3136930692549496	98.36676336475384	0.0008544949043134723	0.24314705711254173	3
0.01413732740910277	1.1421916516987614	98.71134747610161	0.000540496441776347	0.13178304834874033	3
0.006001132205626507	0.5226324417923537	99.37219249861431	0.000542806096372144	0.0986311212913432	3
0.10442149957657848	3.2417257406660087	96.29960003451113	0.0035499022456243613	0.3507028230006577	3
0.1092806393742255	1.453873415005472	98.206197900599	0.0008127353888940912	0.22983530963241477	3
0.057947762546022075	1.36317955537752	98.38904430642454	0.0038733769064648537	0.18595499874547575	3
0.06598463078606549	2.2490465448402603	97.4614425576462	0.005890110091427042	0.2176361566360297	3
0.1352268850622339	3.4895899562808546	95.75192601050358	0.023647502537175815	0.599609645616171	3
0.24150487560037717	7.488609982666482	87.18374691879673	0.04368141865744872	5.04245680427897	3
1.9285293803184684	12.67284438509331	71.06289963495429	0.15681084655930408	14.178915753074616	3
0.9699830514634639	7.309505149095026	86.8642243227951	0.07775355493860296	4.7785339217078215	3
13.085695038589474	53.35929519703815	19.294871213863658	2.4999158570652913	11.760222693443435	2
23.381761221046784	45.004882929229005	7.3178119001125586	1.53997757228092	22.755566377330727	2
18.17244748665151	49.5164416248908	16.39128215460668	1.8294339177005747	14.090394816150415	2
17.777006233684062	53.29047444259422	16.710831186891777	0.5979179192949948	11.623770217534956	2
13.828278448645545	72.69552440308193	7.300057966208982	0.5487160751910377	5.627423106872489	2
3.100655780517952	58.442133822106626	34.39280961312573	0.4343694454317243	3.630031338817968	2
3.094369938060523	54.854467983747526	37.90209693187721	0.40076833314791815	3.748296813166835	2
3.533332545295928	55.16456955854753	38.752528419553954	0.26426627000178354	2.2853032066008043	2
2.050748434838725	75.99588280780509	20.650288602112628	0.2171308555425874	1.0859492997009639	2
4.866645031388215	79.64926013682579	11.906423480592613	0.7618578639133933	2.815813487279997	2
1.2515453929752502	83.43000336527474	14.53421086548277	0.07889691274966272	0.705343463517593	2
2.79545314718076	84.07105247983888	11.592557053854721	0.11438433057681	1.4265529885488204	2
2.257268391767943	82.1753804927099	14.162723337465447	0.09544749702014642	1.3091802810365407	2
0.5238960909890316	83.12064611652971	15.436644615813519	0.02602516426698309	0.8927880124007401	2
0.6169248701352181	75.08907032279265	23.789011475306683	0.017580143291678632	0.4874131884737891	2
1.1635555184502688	72.63498466205796	25.418061376967977	0.02598255608399638	0.7574158864398075	2
0.4753537286818514	68.05910872806689	30.763385501366542	0.010083232618813723	0.6920688092658944	2
0.1513487277998484	25.403756219477103	73.09197860789928	0.010219259331585025	1.3426971854921845	3
0.12655068959805776	14.217333144071858	85.39987590948388	0.006626963813064742	0.24961329303314356	3
0.10725185135173373	28.339716388972043	71.31535346286275	0.004632014216675957	0.23304628259681404	3
0.11050197672976309	22.637943685392404	76.91357715718149	0.009584894791876757	0.3283922859044591	3
0.06440829184558106	34.91526833019131	64.8113544996894	0.003685241409217291	0.20528363686449358	3
0.037534486288801426	13.36526868610542	86.4038481507217	0.0033521584160649586	0.18999651846798535	3
0.21538950839580026	33.00478967966705	66.13791827301094	0.007955569480499436	0.633946969445704	3
0.05361176110116998	15.468262775750885	84.30651160944961	0.008092570667179989	0.16352128303114402	3
0.05587784943594139	8.909547152798472	90.89847337096086	0.0037335935172818024	0.13236803328742308	3
1.272434840067019	22.184715710340694	73.93339305004318	0.01925860752105016	2.5901977920280577	3
1.5064115856696811	40.100390041590295	57.50350958464103	0.03973104804635793	0.8499577400526293	3
0.17336182811999515	13.842476476734515	85.69146522056447	0.00782279028816404	0.28487368429285354	3
0.2625200110596952	13.593569917820897	84.46864648227799	0.008362878472958368	1.6669007103684563	3
0.03091194097978394	5.2139165620874195	94.481756718322	0.0026965138201519626	0.2707182647906327	3
0.07005786570225574	8.75636814219036	91.04656731087927	0.005488587299598233	0.12151809392852832	3
0.06074213192906469	5.376477210493712	94.47690387763522	0.004234939598836076	0.0816418403431606	3
0.036225897714305434	3.6572784167511965	95.94348069063552	0.0025361283056306405	0.36047886659334116	3
0.014426758901694064	1.2076473784643251	98.46471990597024	0.0019441337802091178	0.31126182288353127	3
0.018497607091314813	2.093922504494303	96.8988308555453	0.004327263663910685	0.984421769205174	3
0.006570119966917147	1.0244091350528606	98.54266462444642	0.0013114461829285017	0.42504467435087545	3
0.01378531783013257	1.3564740854287731	98.07326058660296	0.0010649304352709082	0.5554150797028671	3
0.013381876173655483	1.2437454960929242	98.3100521929133	0.002682813925555628	0.43013762089458313	3
0.009303475041512415	0.7762596653058941	99.10306335141891	0.001544206181189385	0.10982930205251558	3
0.011249966537252376	0.9366017092721992	98.68395263426817	0.0013446925493211523	0.3668509973730619	3
0.027901686165739514	0.9981316463430359	98.14036756818273	0.001594805613864432	0.8320042936946439	3
0.07824916597664845	1.0340627402623863	98.76399220888709	0.003419055732261049	0.12027682914162699	3
0.040324254474851634	1.7633869018345794	98.10605135765589	0.005785652454254937	0.08445183358042715	3
0.048348065882907104	2.7516052212101485	97.09701014394656	0.006387846570754925	0.0966487223896308	3
0.025919857598704597	3.4692375868760665	96.4188053281335	0.004214950342500209	0.08182227704922809	3
0.01572742238457941	2.4552487960023437	97.30740146492877	0.005800465676979954	0.21582185100732865	3
0.011706644943346948	1.990861965291459	97.78554399450121	0.004099063344686503	0.207788331919291	3
0.004481280276824061	0.9655712036155837	98.98873641258395	0.00394325741207946	0.037267846111557514	3
0.005315979936989917	1.1185514028129557	98.83046252981478	0.0020158541582447355	0.04365423327704163	3
0.0118064123414002	1.5739893158903315	98.34501432864752	0.003244569179192052	0.06594537394152308	3
0.007628473733867466	0.9838622517452907	98.56556948543877	0.0018500467277715266	0.441089742354279	3
0.006178116215340447	0.8134939165232381	98.74655055056482	0.0011435570945254458	0.43263385960208334	3
0.008985569156855054	1.114348006907299	98.6512876780543	0.0018097132559564116	0.2235690326255871	3
0.01936546781028965	0.6530359615252053	98.91613396366536	0.0024623406788545914	0.4090022663203007	3
0.01041132329510629	0.781245187621064	98.84748999454553	0.0029004817385499693	0.3579530127997528	3
0.009824756521161571	0.5014283807983387	99.45924175217277	0.0038029573312352905	0.025702153176504896	3
0.01799929895225154	0.6666892358612542	98.99675001479582	0.0065489509956206	0.31201249939506726	3
0.019996346305022228	2.543849933028636	97.24903673464847	0.006601092694061281	0.18051589332382842	3
0.0475132323456742	6.775359007246101	93.01366512596375	0.04146652592395511	0.12199610852050573	3
0.02944867670623023	6.148573686400768	93.66836005698946	0.04800816689260582	0.10560941301095063	3
0.048334207233342905	3.902464383171747	95.37680142054464	0.05592664863908718	0.6164733404111982	3
0.029960212149116306	2.3882385166750524	97.19904129569812	0.09527069387743829	0.2874892816002575	3
0.6233793382260281	0.9458461686824102	1.0815625334289571	0.08676719847028229	97.26244476119233	0
27.214266268207922	27.050334696945256	1.6619494952273692	0.7839441077783652	43.28950543184108	0
66.37259670901621	24.76020058337716	1.8490220030185172	1.2864867174793662	5.73169398710875	1
16.043394247701723	11.836443238485241	1.4208094868341716	0.11756214724302864	70.58179087973583	0
24.30191796473428	70.681010326859	1.7893766786528333	0.6138549315600875	2.6138400981937964	2
40.616138649594234	55.27899300845992	1.3458074955056667	1.0368201527960603	1.7222406936440962	2
17.07700605033847	79.76202528966962	0.891165733626309	0.19871988419240602	2.0710830421731927	2
0.7325274888718183	97.04548720004082	1.5724793053237995	0.300102170108228	0.3494038356553157	2
0.944550003342293	96.87479102669914	1.4485000883955848	0.39410291309376233	0.33805596846920144	2
0.4616177014439552	96.59483991788386	2.7166534230840993	0.07919208553343111	0.14769687205466442	2
0.7151429779075005	97.62205282818539	1.3890513808165432	0.11708493001072925	0.156667883079822	2
0.8129618748140811	96.71558255387383	1.8727491978114055	0.30261689134796516	0.2960894821527051	2
0.32322239708291184	96.34082430075914	3.062770520109287	0.08913133342468606	0.18405144862397635	2
0.2150962283758778	98.18038172986844	1.3724212154868887	0.08094699745904635	0.1511538288097569	2
0.535264849534188	95.18531980022289	3.773431624481559	0.19574088872384238	0.3102428370375242	2
0.40234610051947517	95.1908807306868	4.010761438978283	0.11376704643795525	0.2822446833774861	2
0.1261250224123229	87.33889426569408	12.221072190505481	0.10301120368244245	0.2108973177056718	2
0.1133472198946039	89.85731242190423	9.767223977007829	0.06944727283183638	0.19266910836149392	2
0.09519982578839511	50.65493322365939	48.99854407125269	0.08806243037762779	0.163260448921898	2
0.03860740917606757	38.31588240610364	61.44002888900623	0.04384455496899795	0.1616367407450639	3
0.053490820030279766	18.28271202306929	80.52560910391898	0.1560536291629073	0.9821344238185594	3
0.37349268947791514	85.01548719194066	13.150713474792411	0.956778800253656	0.5035278435353401	2
0.2786143447033611	83.77499770351235	14.530464167148299	0.9375594115577507	0.4783643730782422	2
0.05247002585007111	19.066880431682723	80.51508484732977	0.2325363324939269	0.133028362643507	3
0.147902407119543	68.37863432466297	30.092164929122955	0.986105625000156	0.39519271409436707	2
0.09930123932399988	75.1589498033522	23.440289997089295	1.0835293584078716	0.21792960182663168	2
0.08438061050665381	64.11703242291021	30.229318572482995	5.172019416117934	0.397248977982193	2
0.8389089168790239	80.25383046035707	3.515347743267885	14.538604244936412	0.8533086345596271	2
1.9919222512965382	71.29911857192933	0.10937892998258106	25.793415163699336	0.8061650830922205	2
2.4595684244951648	31.603057383487993	0.14138115234690027	65.5071673615796	0.28882567809034854	4
0.9202415295303277	28.63666006257018	0.06538407500058928	70.06985773683407	0.3078565960648384	4
1.09885539892095	8.86162772028862	0.01836680031103401	89.77388512205458	0.24726495842479945	4
0.13933587852990922	0.8787834337223516	0.0034975952475075844	98.91734330103863	0.06103979146161291	4
0.22552527103018127	1.178806764273091	0.006348467275851938	98.45297677378302	0.13634272363786748	4
0.15471942126925262	0.4080631087714075	0.0038183585856368094	99.3508897265151	0.08250938485859284	4
0.3159781086261754	0.5775961539026309	0.005060978882184834	99.01668775806611	0.08467700052291127	4
2.1498599619964054	3.882925987792915	0.0020342045400969524	93.73833660135405	0.22684324431652886	4
0.3302240955639582	2.0781553964072574	0.011632024491926752	97.48199741532284	0.09799106821400744	4
0.30683124930983535	0.8593652595382799	0.004586135579201514	98.7564956057328	0.07272174983988308	4
0.47878496001833754	2.00533455643258	0.004500506528566804	97.36698652400672	0.1443934530137829	4
0.36911976481631614	1.302812853946217	0.014554687533429152	97.86214282096871	0.451369872735345	4
2.430244305236541	7.657727949794689	0.005855454434191872	89.22017653234184	0.6859957581927386	4
9.065364838086493	16.627283405353626	0.008590315855595082	73.61058396227943	0.6881774784248426	4
2.3945454694928587	6.795518869492641	0.009408532997268161	90.30208501763657	0.4984421103806497	4
5.822428911607184	16.777472998451266	0.012985718121844443	76.34972728000115	1.037385091818553	4
8.019787149361164	27.470454457116173	0.002549867723981177	63.76227263995848	0.7449358858402038	4
5.091154749138203	36.26296695654841	0.006513075591028851	58.22154289897104	0.4178223197513155	4
7.257979066627003	44.911838302048594	0.012945491890253147	46.801427485141936	1.015809654292224	4
6.520197626951853	23.693417407328603	0.02826224215380857	69.28649757524565	0.4716251483200995	4
6.248184582516971	38.58423692684376	0.014787128900323467	54.69681412022561	0.45597724151333685	4
10.626910889471139	19.18668913203056	0.00857334547392441	69.55248410185047	0.6253425311739174	4
2.8871827285052585	28.790503431275294	0.02530324588338223	68.03743524054812	0.25957535378793745	4
4.657252504710443	19.90174349426618	0.013168323446580851	74.8541335550935	0.5737021224833023	4
4.07954392061615	10.516294416561447	0.014998496418701813	84.82399771860204	0.565165447801645	4
4.9752999887743234	8.6149678560826	0.003413238105338196	85.86957373678281	0.5367451802549358	4
4.853981367137652	14.68621932622339	0.0072235939122818164	80.05434413462442	0.39823157810226895	4
3.7599248634009754	7.842044597048757	0.0056250325016065405	87.55928884597428	0.8331166610743665	4
4.255908851286978	26.740127183957902	0.023829802652988497	68.23938966844366	0.7407444936584779	4
2.669779766401964	8.993365811469117	0.009721229014543675	87.8503025033905	0.4768306897238768	4
4.80241582236998	11.599134870565903	0.010115880311731692	82.73199716205681	0.8563362646955617	4
3.6724260559027395	19.05743877494564	0.014288041599033857	76.70759010476793	0.5482570227846569	4
1.818925748715957	11.369592528594765	0.028255672085043673	86.1725430880395	0.610682962564714	4
5.842210428989039	26.10847775605779	0.006787768673272247	67.17120033658814	0.8713237096917495	4
3.8353608897015072	20.341552459395622	0.00887678898955449	75.25859251091785	0.5556173509954655	4
2.3358196602970134	30.512810225142395	0.011192797830989165	66.80881609551503	0.33136122121457157	4
4.1798184963063	26.147510750717583	0.011375172717337033	69.02039202012891	0.6409035601298819	4
2.748299433997442	43.09189769029803	0.03454342746036155	53.70504580509443	0.42021364314972776	4
1.7556888731456204	46.76560228118717	0.03588199830530692	50.992760261488634	0.4500665858732515	4
2.479775807029776	34.75694289918971	0.04242862184158864	62.252389586075175	0.46846308586375435	4
2.665985343795263	49.78986698612921	0.04218740406570652	47.04179851498424	0.46016175102558465	2
2.0758858943920604	23.467592119936068	0.014640774788811352	74.1535665685734	0.28831464230966625	4
2.1356827475187545	37.315657914904534	0.014125791283757247	60.23819905212352	0.29633449416943586	4
1.1979260411807044	14.846733499424044	0.013672914417227415	83.673608000061	0.2680595449170347	4
3.1633420918924107	24.6417413084444	0.0114918943752831	71.68900928473629	0.4944154205516367	4
3.8435650291655707	41.06524979539365	0.013913038591586957	54.57128572101511	0.5059864158340852	4
2.0572511383085854	40.327742803816	0.05559481318825301	57.20768929069309	0.35172195399406864	4
2.219508975669169	17.2866714268887	0.014242967274734283	80.14483673175461	0.3347398984127788	4
1.5508485286735878	29.562783344445375	0.011060329492747333	68.59414451664307	0.28116328074522673	4
2.6385857741443774	20.522871717843007	0.01412592952825756	76.2538675118822	0.5705490666021451	4
2.1805094998568553	49.75827754407574	0.0434675776048514	47.61562169679631	0.40212368166625834	2
3.062642427702939	15.579265815247028	0.00449361678465586	80.9655405852025	0.3880575550628657	4
3.041187986113434	27.027149312547692	0.01821620640373625	69.56838233201879	0.34506416291634434	4
3.532745468451644	33.867809375809365	0.024375185186933036	61.96189660684316	0.6131733637088819	4
2.914832241475928	54.47278713409243	0.035003160083912375	42.0836257799836	0.49375168436412586	2
4.875416171107992	42.54608342734363	0.06173281536294851	52.12984638589809	0.3869212002873236	4
7.681804182016787	54.56961577766819	0.023085361108588647	36.96243681247285	0.7630578667335723	2
1.630206699423379	91.32400510746254	0.34800901924502603	6.32452313351462	0.37325604035445203	2
0.8717912009819349	96.02840403694431	0.05247093965169637	2.8351552349810745	0.21217858744098733	2
0.43941573130393197	97.32501685499241	0.28597674024831987	1.8146390596937698	0.13495161376154632	2
0.4808902131046542	97.18889504897777	0.36448186069176475	1.719972337317092	0.2457605399087274	2
0.49445052151608243	96.64057968379572	0.31618093524912083	2.3054176115421354	0.24337124789694745	2
0.4249413210261707	96.09152255471453	0.2357822175227388	3.048324765872264	0.19942914086431437	2
3.987582782281544	81.72092000545032	0.07849641925426512	13.626489068910752	0.5865117241031184	2
3.527144366406998	72.95016764392234	0.19070645834586292	22.406387443661878	0.9255940876629166	2
4.526659839786986	63.392862631399026	0.033648382463788824	31.29721073203514	0.7496184143150522	2
6.194862349422026	75.70473664585195	0.05728847324493248	17.38232956402827	0.6607829674528133	2
