N1	N2	N3	R	W	anotaciones
3.736469184421634e-05	0.0029620220275397868	0.0004367427846116942	0.0001881262757730416	99.99637574422022	0
0.0031785134487639206	0.0067668566966773815	0.00010861075513759219	0.0003915443907594424	99.98955447470867	0
0.057262634922164664	0.058519083585471865	0.00015471676238178688	0.0018702189659294927	99.88219334576405	0
0.45775185573665816	0.1332215067534133	0.0014816132740755647	0.07530687392884246	99.332238150307	0
0.7814682666223393	0.0681878656503937	0.00022552799994356572	0.022118928895391445	99.12799941083192	0
0.5980067908704298	0.10040284331229794	0.0002772111462777663	0.0481244692741206	99.25318868539688	0
0.3720694904124086	0.04492991030704721	5.7933585388774803e-05	0.013519169329894826	99.56942349636525	0
1.3203979519692328	0.21456448748267384	0.0003443222081268794	0.03830787256603319	98.42638536577394	0
1.2137329003495418	0.1596323700337716	0.00032680080288771977	0.022336048926386576	98.60397187988741	0
6.249132221828784	0.23327952094130458	0.0007599594814217676	0.037348369286106735	93.4794799284624	0
25.753588230682283	0.3872718468093766	0.00292302987440951	0.033042693249351135	73.82317419938458	0
30.72518665519686	0.3989393918327698	0.0006102077322900755	0.031330440192186705	68.84393330504591	0
27.54086408011937	0.4136149877489317	0.0008896497345357088	0.2883800333415255	71.75625124905562	0
41.61084611716133	0.5083351377552706	0.0014388275933447843	0.07593351412536657	57.803446403364674	0
84.52032838834249	0.43090553931667414	0.0018835082465958055	0.0303572568858116	15.016525307208422	1
84.54182468257119	2.254206605681288	0.01588433803034717	0.17307667380530628	13.015007699911884	1
81.10923197454476	1.7017640938153575	0.006155270140427496	0.3810006265912577	16.801848034908218	1
88.36153214243227	3.426351839376285	0.009191499865735232	0.2632247263307954	7.939699791994922	1
87.0800738124854	4.9659032360331645	0.00400448342488685	0.5360096526963063	7.414008815360227	1
76.54211715746904	15.577931087301414	0.0071150632001417136	0.08089817751350462	7.791938514515914	1
57.18930491328742	37.15059217451641	0.017828266075523583	0.06532138402739274	5.5769532620932685	1
78.0757816397886	17.581942810535132	0.018150276344309435	0.11917144782988723	4.204953825502051	1
75.89736730971566	21.931511890461422	0.0156470188303269	0.05086093028273421	2.104612850709852	1
85.89118096644229	11.939312969671981	0.004901307637930901	0.07583999945309755	2.0887647567946863	1
86.74887984274933	9.118908530019237	0.010312591768945206	0.16445796070459837	3.957441074757886	1
34.44249087569089	63.44088157391678	0.05134615713697987	0.12054274401543635	1.9447386492399188	2
62.48486347956479	35.536285953463	0.026409446611657863	0.20708127328969958	1.745359847070842	1
30.731303381856854	66.16640504879298	0.06498693244910328	0.2669734898597468	2.770331147041306	2
25.721901882193027	71.99062179821063	0.07774775752841857	0.2678200808806793	1.9419084811872558	2
14.58155125828487	84.27385127324852	0.0965364113735168	0.06862843625549522	0.9794326208375892	2
21.023549291996762	76.73505882781038	0.11729997054244536	0.1939583603486397	1.9301335493017662	2
52.36835863489131	42.00264848671084	0.12297925164247767	0.39133365922334906	5.114679967532034	1
17.821538846740246	77.04748577132762	0.3147516962708226	0.37592581640636435	4.440297869254942	2
52.35803522222123	38.91912272244929	0.0364996568672151	0.7470849571808648	7.939257441281382	1
45.41356371278956	50.88460297713774	0.11882695033853599	0.3222011160972022	3.260805243636964	2
27.78145369727451	65.38112390565097	0.4843993939855067	0.5170918989922132	5.835931104096791	2
10.174604161280993	87.053750694434	0.3143957581967772	0.3763132126330398	2.0809361734551812	2
7.080771282509595	90.58536651871427	0.5761166057548077	0.1371585486878984	1.6205870443334294	2
18.426682481975522	75.57317338856758	0.2621727427349748	0.3199046978222543	5.4180666888996765	2
2.3444479095862154	91.38074890317293	5.421149728380183	0.036764450291969515	0.8168890085686917	2
12.608893531471724	82.5873049696549	0.582824679085698	0.04583224438672784	4.175144575400941	2
2.3460393851465704	95.80711853511511	0.6449530194565251	0.009169047537538806	1.1927200127442399	2
3.9582068936783754	94.03966795806002	0.40613999221779495	0.015033439951249918	1.5809517160925515	2
6.2697113702071166	89.63098435766315	0.39771937392178647	0.013394240388659714	3.68819065781928	2
5.2043327872676395	83.08093139026144	6.717222044063353	0.015369119291487704	4.98214465911607	2
2.1359379959985727	94.7009161169234	2.0065738392644583	0.006917429350082207	1.1496546184635037	2
2.083940835852383	90.30189280474372	6.707538136014998	0.00997662686940094	0.8966515965195105	2
3.3916357876957965	88.06992371484044	5.330005163337641	0.006419262160801853	3.2020160719653052	2
0.5910060821436958	62.046172863608525	36.78811630609667	0.003231416762997452	0.5714733313881155	2
0.6291496316838383	35.584200167491694	63.24852849682438	0.005310006985065303	0.5328116970150518	3
0.28657255433699524	73.23712588008313	24.951851452516166	0.0062865897545708775	1.5181635233091237	2
0.07487183566267945	16.542204195870543	83.05439996753499	0.0030768835653599566	0.3254471173663992	3
0.05527002426660456	6.523741946664417	93.19429967977109	0.001068996558749943	0.22561935273911807	3
0.0681897785847238	16.388055309894103	82.15301601137648	0.0008890239610199775	1.389849876183675	3
0.0796234717663222	5.257850176261027	94.1782148512223	0.0003852642138747833	0.48392623653645855	3
0.05203909344740938	5.186920003088334	91.85318685599324	0.0002566399397480613	2.9075974075312576	3
0.03268398997958814	2.58896390445794	97.0438913155825	0.00014044497916371488	0.3343203450007871	3
0.033190816959879715	3.0348331638052395	95.80960366089421	0.00023519830616789832	1.1221371600345134	3
0.022132584333746565	1.743393193529039	97.55014019681218	0.00017839616255228678	0.684155629162483	3
0.031277972492275666	2.9075119181687312	95.93515506260147	0.0002883751590189252	1.1257666715785184	3
0.024506962927078147	1.2724651017273574	97.80583467800088	0.00030316727951485833	0.8968900900651536	3
0.017058119518184686	1.355336998641372	98.06087638377969	0.0003589658700437144	0.5663695321907164	3
0.14956541054788436	1.9577749724104272	95.13011116253692	0.0023875957464779053	2.7601608587582813	3
0.06033967084576038	1.6982786270490473	96.06999348582431	0.0011156237247605838	2.1702725925561115	3
0.03150830203489692	1.192041453512858	97.27227419234255	0.0011000153271718584	1.5030760367825449	3
0.013915952533494298	0.8494614852164807	98.17107448047612	0.0005405485918343568	0.9650075331820567	3
0.0242149439513708	0.8409906451389418	98.74941218907892	0.00025849368401386795	0.38512372814677426	3
0.010751391732486848	0.7220194129346924	98.92229834794458	0.0002009592225974967	0.34472988816566863	3
0.006818695305127275	0.7554055113436643	98.69829321142537	0.000252824854409761	0.5392297570714415	3
0.0031189921547619	0.608485003656149	98.86820752550538	0.0001681912401328675	0.5200202874435661	3
0.005050349705742845	0.5046428743760958	99.2279001073166	0.00017835366033776325	0.26222831494121795	3
0.00480642952396621	0.38553685665238197	99.39207395220097	0.00019173704027645598	0.21739102458239717	3
0.008890085392097413	0.7127825626359183	99.06070257651636	0.0002711442918020375	0.21735363116380702	3
0.004023217797171792	0.29394370552955545	99.19210841967929	0.0003639860484272633	0.5095606709455628	3
0.0032225767697654875	0.5342398527381159	99.07297623724088	0.000257222753421402	0.3893041104978216	3
0.002637457048469528	0.4210616774856824	98.681679738987	0.00013671207984063192	0.8944844143989885	3
0.0025955561944664435	0.5397166342487802	98.92803391085694	0.00020863961070167247	0.529445259089126	3
0.0021911413031688223	0.3038834224600767	99.37728973401072	0.00010490467006653582	0.31653079755598135	3
0.003270515526459115	0.4382542125673834	99.18547387331161	0.00015413640439888062	0.3728472621901399	3
0.0035359807502666897	0.3178496160808615	99.1602633269909	0.00037036335322475936	0.5179807128247329	3
0.015850349182990154	0.6747739507125636	98.95661959145775	0.0001535802897741267	0.3526025283569088	3
0.0012950500191670072	0.31097317114769324	99.41091289648696	8.313191855027424e-05	0.27673575042762	3
0.008686335702936709	0.3879222987852777	99.52798947588843	0.0001167190831112051	0.07528517054024408	3
0.008708694305592034	0.3647270284327664	99.51557906920343	0.00035161188934388504	0.11063359616887637	3
0.00987066201345072	0.32073780468384927	99.2107239222442	0.0002099004534564597	0.4584577106050263	3
0.005716902806631784	0.2625351540711238	99.11394877293289	0.00030399562027625743	0.617495174569063	3
0.006837673923438033	0.6639999213261009	98.81199479167505	0.0002697428540394404	0.5168978702213709	3
0.004269813539885268	0.4780612172939183	98.9650452840534	0.00025183929281735734	0.5523718458199779	3
0.0221646305991744	0.6242861784888419	98.74477077769535	0.0009351561780152246	0.6078432570386123	3
0.008746866296969686	0.8031081595923842	98.6991776838231	0.0004578178162036543	0.4885094724713407	3
0.010005866127549095	0.4332435742227175	99.19454001495771	0.0009394799608985493	0.3612710647311192	3
0.0025919157123258617	0.4372192584914187	99.14278836978961	0.00031042408630480744	0.41709003192032734	3
0.002658770792837845	0.2205411917361338	99.55367876212574	0.0005506889053400201	0.2225705864399501	3
0.0042729639237718015	0.2514548049531533	99.20069383000015	0.0005225622581876505	0.543055838864721	3
0.0057566367380259015	0.33743448740380505	98.85684791696585	0.00045914188585773606	0.7995018170064727	3
0.018900765142660984	0.7256606088902782	97.70211255041801	0.0005970518985221908	1.5527290236505134	3
0.008238314436331304	0.7335423361613629	98.89492055850504	0.0008496766388857893	0.3624491142583862	3
0.00973484959387971	0.5596064803108768	97.04573911627674	0.0004916749515998889	2.384427878866909	3
0.007055295010517206	0.557315852735747	98.16025185092859	0.0007052864766433416	1.2746717148485047	3
0.5455077444352352	25.682917846331517	37.405572374896984	0.01143044836546298	36.3545715859708	3
0.12224755530253333	6.943889063503182	87.61013159010456	0.003786467464678904	5.319945323625048	3
0.11065571685734725	4.544191799198118	92.61233402151586	0.001213110191769204	2.7316053522369184	3
0.12327497368764082	1.850976351502963	97.14729926643231	0.001625656810101668	0.8768237515669827	3
0.05463354573524235	1.894505574152271	97.6870487538157	0.000582001057155385	0.36323012523962744	3
0.006921068552816941	0.6072088187741221	99.23337591859958	0.00020767042660323846	0.15228652364686548	3
0.0048077620042891005	0.7518377860606391	98.93070846093612	0.0003517836113904875	0.31229420738758573	3
0.0027597672156891603	0.5135709304634164	99.32249805477299	0.00016646663156435554	0.1610047809163321	3
0.025839809062495736	1.1924641712180597	98.11857700998536	0.0008550702091051174	0.6622639395249963	3
0.006856749486404851	0.9127550479248856	98.60856905880048	0.000291632825730334	0.4715275109624988	3
0.042891498445508325	0.8640403299175928	98.31321628415157	0.0005871489240374565	0.7792647385612722	3
0.022369550590691324	0.6825823225797226	98.67730691494229	0.001071854356215002	0.6166693575310853	3
0.02724373825831221	0.541406474053221	98.22867915831291	0.0008210272882187947	1.201849602087346	3
0.09349815527442876	2.3566027368896036	94.3988040500375	0.003951759989248498	3.1471432978092224	3
0.05566033528231506	1.088043552966985	95.82476375948784	0.013758657218959853	3.0177736950439114	3
1.5652823689585853	73.78217664425082	16.895418625449874	0.4921107107022658	7.265011650638466	2
2.174828077850844	80.13247589517378	10.437740626718925	1.7512416139013283	5.503713786355111	2
7.653671533609326	78.1115161782027	2.041207797263724	5.172798675456667	7.0208058154675665	2
10.763254447246492	46.139052650628415	1.2488956299286667	37.937169350226405	3.911627921970015	2
4.109084934947648	70.79071372241663	1.4672835219124765	21.15561932737238	2.4772984933508937	2
7.697618904094118	32.66120174860254	0.7014490225188472	55.31824910313373	3.6214812216507686	4
4.660227867214271	39.642075706890765	1.265624862845197	17.90834014870745	36.52373141434232	2
25.76263891513651	48.55356632876324	0.5369772166241754	22.114999168959375	3.0318183705166795	2
26.814600601941578	45.020170181236665	0.4583370972319267	24.788013542112644	2.918878577477185	2
11.808868529947068	41.9680765488897	0.1359629941286591	40.1339145581089	5.953177368925675	2
14.610625840775688	30.435776453254643	0.27679695052345676	49.34767283363551	5.329127921810704	4
17.44630255553321	48.50708165430177	0.07882452808506271	25.766039021150704	8.201752240929256	2
30.53806926025251	32.62410606962243	0.1093659334894342	31.428428890373972	5.300029846261655	2
18.09839803178999	58.14358615667066	0.1441869901620419	19.86515634705303	3.748672474324282	2
5.937412911533442	79.5387207889612	0.3353046358982645	10.714044639432789	3.4745170241743053	2
2.7544674599506735	82.28358460231469	0.7731863431904739	9.124090370601918	5.064671223942257	2
23.15870944807149	49.58659751114316	0.2714555915447611	15.45819146400769	11.525045985232914	2
1.856981866302504	85.58498102079047	3.9225031972210287	6.782397122039138	1.853136793646846	2
9.5227585695675	85.18706803490086	0.8554747232194145	2.984898264007691	1.449800408304545	2
1.0028106746514425	82.9538718467431	14.933294259405153	0.37748516481836164	0.7325380543819419	2
0.4415676883997216	96.87973705392963	1.2658037293532058	0.8420550181665277	0.5708365101508973	2
0.19008289514293902	82.58903214095734	16.547680477110084	0.16364621121766112	0.5095582755719654	2
1.22543581590917	94.60922664180691	2.1829364144597747	0.9411023009777172	1.0412988268464405	2
0.8083754380488245	95.80487967021513	1.8783878375588838	0.5209887625523658	0.9873682916247919	2
0.7765640959127097	96.98076523411439	1.5853565406042227	0.1395855052457054	0.5177286241229974	2
2.4902699867513474	96.29935982715196	0.2636860496991444	0.28995378826009804	0.6567303481374553	2
0.6081989458032578	95.98517941338376	2.6943018309740827	0.113343926007838	0.5989758838310625	2
1.3434761090438694	96.56097533757607	1.4972345221682135	0.07969816947285861	0.5186158617389988	2
0.4838810202066836	95.29324878685122	3.7873629254002688	0.034236993941611865	0.401270273600203	2
0.29395254992292824	92.73396243077693	6.685559309393333	0.024550578446262714	0.261975131460567	2
0.6109089701317026	92.32661009593022	6.546522477719127	0.028475581615172583	0.4874828746037978	2
0.38539770639001464	91.08278714583207	8.064836293752286	0.026264058984742825	0.4407147950408869	2
0.17502706708300522	45.49908771462173	54.12548448072007	0.008563299872311947	0.19183743770288528	3
0.19379491804295798	85.90850480646596	13.474967603218314	0.018604667307143056	0.4041280049656304	2
0.09758446502558425	38.4880331231185	61.124777868415634	0.010346252860259166	0.2792582905800248	3
0.06158679446469901	31.815662387895816	67.98896847320107	0.004541582166760125	0.12924076227165399	3
0.11120638095229336	18.997731751576577	80.55372748919784	0.016601996178424283	0.3207323820948659	3
0.6888784555943923	72.30370953440453	26.15980578093567	0.042586852013885165	0.8050193770515246	2
0.07406413757291931	28.226670765234225	71.3960147141914	0.026296272204640866	0.27695411079682397	3
0.014614156008435799	2.6039487825843834	97.16564103301468	0.004031319756690172	0.2117647086358085	3
0.021750826264381705	4.387720610077482	95.520835449372	0.0042208873463006604	0.06547222693983676	3
0.009276109100932605	3.798762040308459	95.80761464758658	0.002158981269929078	0.3821882217341018	3
0.009951899920931343	1.9374756533248734	97.79131749126748	0.001141294352365925	0.26011366113433976	3
0.006254296625312286	1.6387976675896283	97.95379429666258	0.001187458598883829	0.3999662805235959	3
0.009309615198867754	1.8485424091423102	97.2545034387594	0.0012303822492106128	0.8864141546502028	3
0.012220217557832733	1.1225128245615692	98.05285371796276	0.0014849196989490875	0.810928320218893	3
0.021189437131799386	2.418448947596346	96.58143434071458	0.002130054881532985	0.9767972196757392	3
0.020557396230170038	1.8779479470422493	97.75283735202322	0.0023717099026724794	0.34628559480169785	3
0.027344427962804632	2.2259826571037027	97.22070543031592	0.002287043575221993	0.5236804410423472	3
0.012201539272302076	1.0164492002473156	98.83798616803264	0.0006193113476848995	0.13274378110005636	3
0.006097183655866456	0.6897573408218249	99.0596428567089	0.0005593753162254972	0.2439432434971708	3
0.007770121070020492	1.2264783941654973	98.50111793238096	0.0005767927546106387	0.2640567596289109	3
1.1830617970542632	32.156900247404344	49.84737803586528	0.023814894331010993	16.7888450253451	3
0.6987319108481559	37.19784651230792	61.051589698984834	0.008395544467927596	1.043436333391163	3
0.10712825484063575	4.580120878689952	94.4810249314903	0.002790301217335063	0.8289356337617761	3
0.31913163850747467	11.259108703045035	87.92436639144897	0.006290963512486477	0.4911023034860208	3
0.012733738496467773	2.463621606621146	97.31559914084463	0.0010296813768550775	0.20701583266091225	3
0.010870705911926588	1.2095569493528835	98.59617555630592	0.0009287657607988435	0.182468022668473	3
0.002801065336199152	1.6489245088944757	98.26350073585276	0.000701864609987804	0.08407182530659076	3
0.006844111571909337	1.1551156638846	98.53891991465221	0.002491695601654972	0.2966286142896281	3
0.00769882050124585	1.0400028930940692	98.87652482586832	0.0007097039182078942	0.07506375661815386	3
0.00397116462234045	1.6368413997890303	98.11335055635043	0.0020978356198322716	0.2437390436183617	3
0.014025495122954142	0.7812716138666412	99.03404178802376	0.0012735836226528917	0.16938751936398538	3
0.009611246904553733	0.9312655779740905	98.88339098017207	0.002414574996144368	0.1733176199531357	3
0.029479484628358085	1.2494474009397383	98.55045961898537	0.007269403466251717	0.1633440919802995	3
0.02916333506960189	0.8307670636410599	98.65159151861954	0.0034955723839328037	0.48498251028585165	3
0.011377019280250037	0.9267944366026858	98.80664734215432	0.0015478711036223587	0.2536333308591097	3
0.13739280587491284	1.5893399727572712	97.89238796941892	0.004957168068099592	0.37592208388079856	3
0.006163262782745016	0.5563183744504496	99.35567783888335	0.0013046980657014074	0.08053582581773737	3
0.042934922754171385	1.1792671034898772	97.89258184174537	0.006050848264646977	0.8791652837459341	3
0.014881847729838102	0.5382996270721989	99.18603900205969	0.0011212451474050388	0.25965827799084645	3
0.012598474065511083	0.9427312355029681	98.58040451165961	0.0021155947499600885	0.4621501840219539	3
0.01573495257047335	0.692729334422218	98.31503015983782	0.006941731367601996	0.9695638218018908	3
0.01526045312615248	0.5396921825777337	99.13348621216329	0.0029718916468299203	0.3085892604859828	3
0.016577854650451813	0.38871125911897353	99.25524606510969	0.00181223300385171	0.3376525881170466	3
0.04879566819205335	0.9555107725494696	98.79685899949494	0.0035000017080750153	0.19533455805546213	3
0.012730440931604066	0.6318453497854516	99.21671282534194	0.0028999109214758183	0.13581147301952035	3
0.0044384674480112156	0.5775561581445454	99.01733646074644	0.0010335264290917937	0.39963538723191744	3
0.019416835457329175	0.7425012088991159	98.73963752495611	0.005522512761206563	0.49292191792622686	3
0.007340507951549256	0.42550307707171603	98.99664889394808	0.0005241548395452629	0.5699833661891174	3
0.006493075704529213	0.425507141349063	99.40416635273837	0.001329106514857977	0.16250432369319015	3
0.008169457239137267	0.28606625196263724	99.57326726588883	0.0011322977063660323	0.13136472720303602	3
0.005068311109552547	0.2393787083963715	99.68291008237016	0.0005168383206680631	0.07212605980325482	3
0.01023989549024855	0.328668756884505	98.90955724470652	0.0007670535939904032	0.750767049324756	3
0.007529965514331105	0.18349271984001367	99.66610025345362	0.0008949929374039608	0.14198206825463028	3
0.04614440809463641	1.6658798763709761	97.76264728371163	0.0029705687627450887	0.5223578630600109	3
0.01409514693382356	0.3674600154928684	99.25388251049631	0.00449804311358964	0.3600642839634019	3
0.00925623215344121	0.2373319619931776	99.52336083850837	0.005178563761455747	0.22487240358357038	3
0.009844874575249133	0.7911383166960619	98.79465256606953	0.006047669613839939	0.39831657304531126	3
0.010903237470882612	0.36044726705078645	99.05467280955283	0.0034346532048279586	0.5705420327206705	3
0.009012390165023637	0.6546465985380939	98.89702395739633	0.0011479287722047143	0.4381691251283655	3
0.024223466624569995	0.6466942694644622	98.3975773265695	0.0014172263314862679	0.9300877110099761	3
0.018899250257136242	0.4528836323963641	99.3770120229163	0.002854856840981219	0.1483502375892146	3
0.02156563918581748	0.8935618143501448	98.1924586017539	0.003150471535514396	0.8892634731746509	3
0.011249554345850472	0.7679325877942845	98.60635604009836	0.0009471320971829152	0.6135146856643148	3
0.014216468765374546	0.7365801634241191	98.85250723483516	0.0026960799792391495	0.3940000529960972	3
0.013883976592370156	0.8086609546542403	99.04193460646357	0.0008143196608885627	0.13470614262894012	3
0.004694249985333176	0.11860386522855605	99.7637985216511	0.0007009733531912728	0.11220238978182392	3
0.011390970300550208	0.39280201487389743	99.05725800557363	0.002292643346866536	0.5362563659050421	3
0.23022624228993832	9.605915374368674	12.747954025627111	0.04255191365584873	77.37335244405841	0
0.3365214182514859	2.9463226639003324	93.36224990533664	0.0040412278871704566	3.350864784624373	3
0.3659693495777368	18.134427796418432	75.59552646235922	0.018083228149930363	5.885993163494678	3
0.28071017602271187	7.558400254459112	90.03836266885902	0.004481829074609538	2.1180450715845316	3
0.150034145145469	14.86693383550782	84.55595551201807	0.013008800180123648	0.41406770714852587	3
0.08468385302381275	12.468583326327407	86.9143711133231	0.02586652720063382	0.5064951801250626	3
0.13568329413983415	24.341207743188114	74.90282850262413	0.05789040066411078	0.5623900593838159	3
4.693960081280194	45.76651872940364	38.42464205244499	0.4520035412305258	10.662875595640653	2
4.451841145184547	52.180781070534756	31.80942221139948	0.8474519065380165	10.710503666343202	2
2.798648872854498	59.08027609870794	30.760660671944294	0.42803969920480356	6.932374657288452	2
11.610627973709374	35.11643449606329	12.827430301794676	0.2857601609231592	40.1597470675095	0
1.7759735942925514	81.80585592047706	13.888077361991591	0.23218977547695155	2.2979033477618658	2
3.711093715526306	86.35685228959295	7.049143998032436	0.08147188488543662	2.801438111962869	2
1.465766882639674	68.7616235532087	28.446465070794773	0.11271479793734289	1.2134296954195216	2
0.49314576613373273	81.13470791599627	17.82365562937814	0.03877787133107077	0.5097128171607852	2
0.9223922034758917	90.48826953475195	7.90980029475722	0.1118447193346731	0.5676932476802523	2
0.2837878223471368	78.33622998375093	19.761658921274194	0.45903446754756794	1.1592888050801748	2
0.18602745997775416	61.32051207041255	38.07585857311001	0.17306688437800258	0.24453501212167872	2
6.3588036144030715	74.5884869165036	2.054464490231131	0.40019449151817776	16.598050487344032	2
2.0888111714298296	87.93654130696848	8.720380609114976	0.3047929828857757	0.9494739296009441	2
0.6215370325094828	79.70486422997274	19.00588525328152	0.15447111566189387	0.5132423685743512	2
1.5384758369343008	84.43329305093498	13.401419971363326	0.20074746225835724	0.42606367850905186	2
0.05800327323081944	18.169116224732857	80.97920495966164	0.21904198406618916	0.574633558308505	3
0.08648297227769709	13.72021581876693	84.84569961822409	0.49487802647053797	0.8527235642607269	3
0.5311278863857726	60.980793209711784	34.31978786903498	3.3720555848751927	0.7962354499922744	2
0.2557982645718469	68.15637290200335	27.38290550889816	3.654317858623679	0.5506054659029676	2
1.256961000751114	86.29665406759435	4.112297576648269	7.137444803308868	1.1966425516973875	2
0.4680481154099641	79.7004616422127	9.980110313759601	9.295051200120136	0.55632872849761	2
1.4705386999142585	70.43041748398015	1.0722400966662569	26.3668091631748	0.6599945562645329	2
1.3167604690536432	64.19036988737952	0.8274266036263608	32.84931303333027	0.8161300066102168	2
2.2711503806758335	6.622559492042075	0.1571603142926201	90.10705114598689	0.842078667002585	4
1.751696021553982	2.5823169677913294	0.026895993616972678	95.37872235451768	0.26036866252003943	4
1.4117870668667454	3.121714314110717	0.03142189760897837	95.09946853214674	0.33560818926681063	4
2.213579574319677	0.9674005292826434	0.008706493180369675	96.60269961129208	0.20761379192521806	4
0.6350945580073953	1.3025225332013088	0.0041705405398497625	97.83875463942564	0.2194577288257971	4
0.28680350467297155	0.646624181872864	0.002057549391653318	98.88223061695582	0.18228414710668625	4
0.17605183488861206	0.24214299353110383	0.0013755025990345806	99.42496692591732	0.15546274306392105	4
0.1386107677879378	0.18432372269788724	0.0008579753491318546	99.56692768934083	0.10927984482421761	4
0.32596621438017914	0.24400083321432592	0.001305378690585198	99.29114721028924	0.1375803634256678	4
0.247546903548499	0.18778293977752245	0.0007641617044843437	99.48327170292428	0.08063429204521137	4
0.31952340314027794	0.2557047583045538	0.0008559428061423637	99.28362801320606	0.14028788254295174	4
0.20038712606563328	0.21162670207272596	0.0005166845448984513	99.31127648294009	0.2761930043766739	4
0.7644698283376405	0.4970719820665751	0.0016294142430464012	98.58413187356079	0.15269690179192305	4
1.387941660185199	0.44621164793635004	0.003330561274312781	97.952283785763	0.21023234484113099	4
0.6708663124819638	0.40811948285822297	0.001542924309801956	98.66874973421955	0.25072154613048653	4
0.12376133620397153	0.10482612482211467	0.001230133969923211	99.6606127539928	0.1095696510111998	4
3.266639888053751	0.8096549903772389	0.007348488163205498	94.71206513875794	1.2042914946478533	4
3.541138458795913	2.9650769671467825	0.009117059824101886	13.275833113948362	80.20883440028483	0
65.85844370011039	7.023878645322237	0.012575740673574266	22.413507892673497	4.691594021220292	1
80.36718219339191	5.156031254539213	0.005255638047923392	13.150338502032142	1.3211924119888128	1
22.855085082364976	72.69348184276211	0.1815630699242564	2.982812307719541	1.2870576972291048	2
1.2096126042069728	95.49265236025816	2.013477703509947	1.067724103558091	0.21653322846682796	2
13.454920214177449	54.67523463876943	1.9254897246871647	1.9837557811063617	27.96059964125959	2
2.998157122212991	95.943240220187	0.1228710613361927	0.6705294547645103	0.2652021414993215	2
0.6012012083628062	97.90173280756352	1.1533613709974695	0.17497237076003008	0.16873224231614672	2
1.825835824015336	97.7270433618622	0.15549641739085826	0.12709816818462907	0.16452622854694998	2
0.4747857504322694	98.8687470083245	0.15977105866879868	0.32794168351251457	0.16875449906192166	2
0.35360355743576666	98.84173194060467	0.4581641230494743	0.2095881550596337	0.13691222385044102	2
0.33420329054849696	98.80940059323568	0.45497145162124736	0.20260742353121852	0.19881724106335805	2
0.8102401859991002	98.63929901537163	0.13819984711690933	0.22918035343731025	0.1830805980750707	2
0.3055804756083919	98.87328016174675	0.597774139372102	0.10926146304767109	0.1141037602250866	2
1.018298751184039	97.75408047906048	0.4883301028545301	0.40056422846687856	0.3387264384340668	2
3.5504409793370653	89.96558499035407	3.8031238525543145	0.48818036932137326	2.1926698084331693	2
19.815744766389574	76.17193050836202	0.6620122126734356	1.6333722169299378	1.7169402956450208	2
1.9506016349276696	96.80886306602322	0.6582878418799594	0.23372986899798034	0.3485175881711949	2
3.7530665893694914	93.33433765153202	1.9573994249002722	0.4047532874391758	0.5504430467590362	2
9.896643980894602	77.01134261266512	0.226277584522118	2.82262495506189	10.043110866856269	2
29.10166430546913	37.715189350697926	0.20880613261730877	1.171004190338842	31.803336020876788	2
5.582685115562861	91.43192471464604	1.5544300664696662	0.28889647167425475	1.1420636316471928	2
4.703218854294118	93.62333870115644	1.1843950646662056	0.15482096268377382	0.3342264171994701	2
3.277966051459779	96.15328941929113	0.24934756540460964	0.114023202928959	0.20537376091553694	2
0.31130301902176755	94.39906223819429	4.817292003863832	0.27202391350654764	0.20031882541355966	2
1.427013846278822	96.0031534154546	1.6785837598638764	0.5031833962698208	0.38806558213287956	2
0.34115248619389893	89.88516778830851	9.301285851911508	0.27122074742371655	0.2011731261623783	2
1.1992340111917739	95.90997773833833	1.8754232365623988	0.6858273774481708	0.3295376364593147	2
0.4170019756008396	98.09310651516951	0.8956904390773988	0.40626958446128064	0.1879314856909677	2
0.9565563870871466	95.2605620066952	2.415965764150145	0.7294832914100572	0.6374325506574378	2
8.705894430308534	84.408958974576	1.4361798011162945	0.3621895769123217	5.086777217086849	2
6.113704682021334	90.44199366180578	1.2864484979127158	0.31774030388062857	1.8401128543795455	2
10.673950608727385	87.9481864353685	0.4137434377797902	0.24438754689626824	0.719731971228065	2
4.059144521278256	90.67779159562079	4.233019229695385	0.2005427100064288	0.8295019433991397	2
2.867568564505275	92.55806387419135	3.556116967858527	0.4346526254916853	0.5835979679531405	2
2.013750101028942	96.78331959691363	0.4662516417383388	0.39444536529862567	0.3422332950204805	2
0.5358884894230862	96.6617290916498	2.477573778759511	0.09084908340585002	0.2339595567617409	2
0.800055805934655	93.10408805770399	5.703577345811341	0.15409646197651583	0.2381823285735183	2
0.7080370835356606	90.48196966798547	8.407718351019513	0.15666777515268926	0.24560712230668477	2
2.1204559559773317	95.537707378026	1.5560621490628725	0.2634784016882497	0.522296115245518	2
1.0462624954839292	97.68849997779444	0.7825216747645407	0.11240931237977358	0.3703065395773219	2
1.3428042495638488	94.52572680283183	3.439946320476852	0.20610159314032053	0.485421033987135	2
0.6341996405017027	95.31481145671847	3.580468217326106	0.13664301406578824	0.3338776713879492	2
0.4241823687926899	90.6328379788498	8.446899142645583	0.08380521528855088	0.4122752944233891	2
1.4924923629142561	96.64008785611068	1.0662594449468104	0.11339297934102721	0.6877673566872189	2
0.5124580622061129	74.10121665115878	24.90695312946433	0.13061398641844188	0.34875817075233845	2
0.5016807809086617	78.83678534598214	20.019733960705047	0.04598863257976442	0.5958112798243768	2
1.2237734316668847	89.90813633432445	7.821128896466538	0.06435544176531759	0.9826058957768338	2
0.6298911079099644	94.81524086538144	4.011663007196191	0.061603212801790465	0.48160180671059943	2
0.8816536287794887	95.38594893588467	3.204437129178196	0.05329997794378403	0.47466032821384607	2
1.0547584974617992	86.01679592334001	9.327923689262956	0.14032081183184228	3.4602010781033794	2
18.403645778748086	31.195640898367106	0.6977793144623486	0.09448288084240189	49.608451127580054	0
6.333722564742324	84.80745006275835	3.248070789731862	0.08785832139805953	5.522898261369388	2
8.170405785710237	89.55752505333052	0.7626063043517111	0.04122561450827327	1.4682372420992609	2
9.802129953514251	79.54974814616354	9.99709325302285	0.021911480953687796	0.629117166345652	2
4.251118919614138	90.76475515843015	3.526329523389261	0.05345835988768784	1.4043380386787938	2
1.3396018561187384	91.63822439844324	6.720839949416248	0.04721590617537165	0.2541178898464139	2
0.24303222280034764	90.01076307753678	9.357017617038695	0.08679209323003259	0.30239498939413206	2
0.2574695460404569	94.59648100430003	4.810841494435858	0.06611773515912107	0.269090220064535	2
0.21868062759622725	91.71932877742634	7.828189650800639	0.036249959211619574	0.1975509849651768	2
0.19725689658020498	83.58926171651893	15.577513986027752	0.1352912534897755	0.5006761473833266	2
0.6489154301738024	67.09441039876242	31.93196593013368	0.07530408628656414	0.24940415464353907	2
0.10743309997934039	30.51057132881715	69.27914693775978	0.012535860845175453	0.09031277259855532	3
0.4489855565541935	56.33167709460697	42.88611174279604	0.026826195913068694	0.3063994101297297	2
0.6409570539535087	78.13081393582553	20.39471338890885	0.08838033004610242	0.7451352912660051	2
0.4510018971978694	39.188634443354715	60.051574379053605	0.037967305497368466	0.2708219748964235	3
0.47852997022737365	47.87876185263751	51.28586344063733	0.038525363767570014	0.31831937273022304	3
0.5441678128317238	46.41928309137211	52.62287080744713	0.05887038912905034	0.3548078992199798	3
0.4371002806199273	43.936007246401836	55.05370457655182	0.05850764785151574	0.5146802485748921	3
0.6027847171834196	46.27913161869057	52.57838471700577	0.10862829166163177	0.4310706554586097	3
0.4562317078742125	47.015060098863415	52.20448038461433	0.045352472497647185	0.2788753361503975	3
0.405297754644918	55.71617064013677	40.94836158425025	0.25146598111411717	2.678704039853946	2
0.39996031227374174	72.39130742938417	25.739098087791362	0.5422747730757029	0.9273593974750265	2
0.7635462139038038	72.94362048962239	25.164864171322343	0.4221054311011399	0.705863694050311	2
14.223117401135868	62.85781545433229	2.376384251263317	0.5821157785122507	19.960567114756287	2
1.5179697122914493	81.11371772011012	16.784055675927746	0.07622963092408402	0.5080272607465945	2
7.737197493279551	89.06929374322556	1.981234760516638	0.20322401645240248	1.0090499865258313	2
1.4040325761341639	76.3256061695389	21.515036883864518	0.06245388666904587	0.6928704837933624	2
1.4190811141477022	95.329956383776	1.7328898753042346	0.8305026703291885	0.6875699564428602	2
0.3869154559255097	80.47382884052622	18.578685864649856	0.20420804748085214	0.35636179141755414	2
0.20123983583706212	62.52261144386464	37.01691650386326	0.08077204802471136	0.17846016841030612	2
0.26941137838799367	79.15329036775385	20.01063252748068	0.2099033214145419	0.35676240496291917	2
0.21365669902295437	64.56542046571165	34.559434638557235	0.29890204659403996	0.36258615011410134	2
0.2901876228504093	55.337914239445915	43.70300368153857	0.33827443597828577	0.33062002018682257	2
0.1405687057520159	30.315053202995184	69.2805657075067	0.09506323141025708	0.16874915233583695	3
0.08984034701062726	32.26223451333207	66.72989463047263	0.11563845694605657	0.8023920522386269	3
0.5753614192668036	87.79333351254095	10.79473287972856	0.12871682774660273	0.7078553607171029	2
0.1928093696950885	51.87582523044975	47.21724264034997	0.09638268355975978	0.6177400759454246	2
3.0221276761825755	50.189755421649664	39.38666631076038	0.1136383261005049	7.287812265306889	2
2.166890542368346	56.8885800417789	39.10631723139733	0.19388380635149152	1.644328378103935	2
2.511352624979987	75.19375826067555	21.301406002054716	0.057999218648837336	0.9354838936409201	2
3.272605356497091	66.8046212867914	29.2020901767148	0.05615801707388187	0.6645251629228159	2
0.8429439698763052	52.12968981786125	46.63240832585223	0.06332282336781404	0.331635063042392	2
0.7020639903307281	66.45737877626875	32.36425500378019	0.12005434661512279	0.3562478830052214	2
0.40002168929871973	90.44351368125689	8.81278684260374	0.06490174978504584	0.2787760370555987	2
0.1627062358496669	45.54931234276867	54.08297622051318	0.04828166316869842	0.15672353769977698	3
0.3787688046873717	90.59756568270902	8.54217910710292	0.07612672267964406	0.4053596828210309	2
6.524284919888021	27.435079780702022	10.628095215330818	0.10603052544847347	55.306509558630665	0
1.92231531560555	84.87026926757822	12.084967585932475	0.08964868716927474	1.0327991437144806	2
1.9082536755012944	80.82214799237997	16.507847947455094	0.05768377691320619	0.7040666077504337	2
2.276112026235418	90.85186369742627	6.171677767591456	0.04897607792068425	0.651370430826161	2
0.22939267385278	82.23960918805068	17.318367216267198	0.03157168861838344	0.18105923321095863	2
0.16734458354465107	76.33621987205302	23.29085156041696	0.031230775972848554	0.1743532080125417	2
0.12988909051940825	88.11485983081513	11.307330003654606	0.20495579978624098	0.24296527522460212	2
0.282827801108742	92.61867849963404	6.583153521582739	0.1666791618628718	0.34866101581162284	2
0.15070902534248753	74.11084230767563	25.399582251617115	0.09934533685439632	0.23952107851038118	2
0.28425945907856137	89.0184488395321	10.05346271018462	0.13793935976113478	0.5058896314435741	2
0.20114574978064917	56.49535785598212	43.03661520200453	0.0868081456435181	0.18007304658917922	2
0.36872166839597653	71.67308055002867	27.35926693894587	0.17073555632305681	0.4281952863064353	2
1.7216326068455805	94.66497436002278	2.660030465501371	0.38157624000984863	0.5717863276204254	2
0.34999199918819945	52.39571079496632	45.1903724615675	0.1030094590638058	1.9609152852141913	2
0.5285179534780946	75.62009588377904	23.45944121624798	0.11676306411567502	0.27518188237918745	2
0.42781560901899196	74.69182649199102	24.33763496655255	0.28416814170449317	0.25855479073296356	2
0.38340163289644075	66.43269627425282	32.194598966442456	0.5825872304324414	0.40671589597584334	2
0.3774945837514321	76.49326260952878	22.270333685511762	0.24499292922035626	0.6139161919876536	2
0.30943992679661253	39.03924298174577	57.753329637296616	0.3736825004838604	2.524304953677131	3
0.6383039627324674	69.83531564084488	28.078741742844432	0.5874369198085697	0.8602017337696319	2
0.1423654016675703	69.29502331997809	30.212731172750306	0.10386440315872777	0.24601570244530158	2
0.21416024757454044	50.085583591966234	49.405942686982605	0.0576254713470751	0.2366880021295333	2
0.4541346991643931	89.20797113831624	9.555541511709777	0.20061214483543818	0.5817405059741573	2
0.1448805002637199	41.90182009231304	57.773425834964684	0.04750912711088504	0.13236444534766986	3
0.2538129232913193	78.09644634879784	21.339687860744895	0.052969916318752766	0.25708295084718924	2
0.16657851380473943	28.97670046709476	70.17556094287232	0.022647349277364743	0.6585127269508195	3
0.15771153744892344	60.22640942081878	39.01213886616951	0.07131435691547086	0.5324258186473164	2
0.04706919690872128	17.66454329834792	81.76400744382657	0.031579638731131746	0.49280042218567904	3
0.126514633433588	39.87230480223475	59.76889260002414	0.049436063565050446	0.18285190074245944	3
0.034711994641948095	10.6679510326732	89.2361462170241	0.015001965103814146	0.04618879055691691	3
0.0869652762956821	16.242209741730317	82.6185680963857	0.03031869008013767	1.0219381955081548	3
0.08543613641042098	11.278487002448328	87.75836137479824	0.03450791644458955	0.8432075698984156	3
0.17606874733990346	40.91407096361908	58.5444282611439	0.058413743996707894	0.3070182839004112	3
0.09135627990990718	14.29039467541862	85.46141044825137	0.05023422147085769	0.10660437494924048	3
0.05676498223584542	20.58935303426376	78.675801326477	0.03556342582319368	0.6425172312001904	3
0.027321326296121412	6.938592971711222	92.7305826673878	0.016615914129749384	0.28688712047512344	3
0.10454880358841794	12.60713869513557	86.16646250904778	0.03880392988570631	1.0830460623425313	3
0.20513056449269917	42.05137656792598	57.08549559426939	0.10760277417055499	0.5503944991413995	3
0.1678997104489711	20.91511840027411	76.77090238239425	0.07173845381687834	2.0743410530657846	3
0.061528323540184074	15.742604973367715	83.23463727907648	0.03069158156355905	0.9305378424520638	3
0.1575738175460667	7.088975099986159	92.0908844743496	0.04709577168484403	0.6154708364333408	3
0.28960901387519805	20.188879169042416	75.15509599785553	0.06305144679419328	4.303364372432679	3
0.5350101233098794	41.744219807275186	52.141137446022825	0.4198126073499445	5.1598200160421674	3
0.9906247135522066	31.377562808408094	58.684106916875656	0.3290765882653986	8.618628972898652	3
3.1446864950507423	14.104289506594275	2.5718947792413354	0.16884342350794282	80.01028579560571	0
8.517674849492844	78.98728227651426	8.254770052482323	0.7717128585139768	3.4685599629966117	2
1.2869163582715373	81.48047751151203	15.487819030445497	0.06049442756879893	1.684292672202133	2
0.531699155718374	32.39640257027846	66.6378680577668	0.07778899833771799	0.356241217898663	3
0.18788950817837874	42.83976572483108	56.19829611381106	0.15115893073094003	0.622889722448532	3
0.28775815440039526	30.43091421334611	68.03774129063657	0.1541291233989383	1.089457218217983	3
0.29529719766727286	46.49420731930215	49.81421631074702	2.6698532996038824	0.7264258726796513	3
