N1	N2	N3	R	W	anotaciones
0.00737203099541439	0.013758137324300816	0.007610842591332966	0.00014870844008222945	99.97111028064887	0
0.005510347542405452	0.011557939944582344	0.00243960184159033	9.677301393426865e-05	99.98039533765748	0
0.010217867458408868	0.014569325255105446	0.0026813716155251943	9.328549036855784e-05	99.9724381501806	0
0.0250845277143868	0.015307442609366841	0.0018836440135344597	9.225765621232623e-05	99.9576321280065	0
0.05955558075503232	0.041995441983683095	0.0015682375225669098	0.00024637150539555744	99.89663436823332	0
0.07840446557424757	0.010600716155804626	0.0002698102762288307	0.0003551866399512266	99.91036982135377	0
0.2647563493910905	0.02116094447895878	0.00014125562735939256	0.00027606007824188715	99.71366539042435	0
0.8939955380900533	0.1131862893632904	0.0007106283814511902	0.0007048966202025369	98.99140264754499	0
0.263988404274873	0.023718695121111376	0.0003771053355858782	0.00037189027462260395	99.7115439049938	0
0.621837235664461	0.04663491320299327	0.000690179381027934	0.0006723853587155934	99.3301652863928	0
0.7066962255180543	0.11399574928868025	0.0010256514144914239	0.0010535773348386273	99.17722879644394	0
0.19158426199705494	0.033947724204779615	0.00022865042290723137	0.000520770699782263	99.7737185926755	0
0.1466443624000256	0.031115190603398398	0.00046131878596408017	0.0005375194746022491	99.82124160873602	0
0.2928361753005382	0.0993679338200466	0.0010804739200630607	0.0021453369810087997	99.60457007997834	0
0.2716746682325024	0.05770380509241013	0.0009833435381108903	0.0014921559876705508	99.6681460271493	0
0.7660314780704608	0.11278276472932053	0.001199596651634142	0.002066241658803835	99.11791991888977	0
0.2765875593415312	0.04111836832389373	0.0020551910177142815	0.0010522818274826332	99.67918659948938	0
0.5303502238748621	0.07820658612693927	0.0020289792781017285	0.0007497617186575391	99.38866444900142	0
0.12887599606433237	0.054628601165031924	0.0007920087930687015	0.0009563818014556732	99.81474701217611	0
0.27503712993186435	0.013062381874168928	0.00012308310921416052	0.0004243669567541924	99.71135303812801	0
0.05729982018372019	0.005122009927713467	5.26786488487992e-05	0.00050090415887513	99.93702458708084	0
0.5141049873292863	0.020980973085759528	0.0001044399214897672	0.0004926127896074756	99.46431698687387	0
1.2308661308928297	0.035462462017551634	9.0302782617789e-05	0.0006035484686176826	98.73297755583837	0
0.40121115444282174	0.09851055557480297	0.0005368123045110529	0.0004440052344408128	99.49929747244343	0
0.4040328711708536	0.10129058700769711	0.00030651592772142376	0.00044284657082830156	99.49392717932291	0
1.2148270500986869	0.0765507422863973	0.00020802687450694463	0.0006628073447773673	98.70775137339564	0
0.6871064669345279	0.036011965514745	0.0002057806482263576	0.00014166275316686254	99.27653412414934	0
0.26827335027759797	0.10625363163576254	0.0006717045458480351	0.0001430427823364651	99.62465827075845	0
2.424571123776616	0.1745150412922253	0.0005954176340583885	0.00029215484126802	97.40002626245582	0
0.5281126949997477	0.1200987661344944	0.012080430139132738	0.00032750819808719526	99.33938060052854	0
0.14995239678414177	0.09463577529099951	0.003116982804879573	0.00011041992436875056	99.75218442519562	0
6.891770096583189	0.28871903166937063	0.000892668608561976	0.0013455442693511735	92.81727265886953	0
2.133131838342121	0.14840970564865666	0.0013335587116162497	0.0012097936739232692	97.71591510362369	0
66.24434720289048	4.339052247799342	0.010497359217405897	0.005215222611171955	29.400887967481605	1
68.14839835992963	0.7679634579381601	0.005095708496707342	0.010133186218506219	31.068409287416994	1
84.35590914875999	2.735795156974532	0.005289778133402875	0.017860093642076812	12.885145822490005	1
89.58481363365595	4.127536592602732	0.006185935320272871	0.057880419545387266	6.2235834188756645	1
84.2460450393026	7.478193330428749	0.01378022384291774	0.29975816979650116	7.962223236629247	1
75.71050950484961	8.50913341649447	0.02165061288267999	0.2206920425247417	15.5380144232485	1
86.22449940420151	5.483576111598858	0.04728095801019518	0.14851029712661679	8.096133229062827	1
74.30309289309196	13.245658162892735	0.17783746856266114	0.2154984812433095	12.057912994209335	1
51.11540654050777	39.72327361069317	0.43698130101184357	0.16904924372855937	8.555289304058654	1
79.13874218981827	14.77337256342143	0.03130649373616995	0.3125679801798415	5.744010772844274	1
61.19020887643295	33.26838672010475	0.25426248772647525	0.6563713481460578	4.630770567589774	1
33.54616835783856	59.49365760475316	0.5548523307065828	0.8319254699343679	5.5733962367673335	2
60.78966077741963	34.015376828931714	0.1625392431555336	0.5791796864449311	4.453243464048173	1
14.108976190556785	80.98495012361231	0.31977032778437925	0.3058978229442753	4.2804055351022505	2
4.493462031449858	93.53630839347908	0.44680050605283267	0.05955621823541658	1.4638728507828147	2
16.04203719929433	82.09137841988351	0.28783388918792674	0.09344648160805227	1.4853040100261667	2
11.428506064249865	86.06123204338517	0.9681454722032387	0.10198819859939963	1.4401282215623086	2
3.577239618265061	95.36167885678124	0.46432867086240515	0.05946657059240723	0.5372862834988996	2
2.510611930604306	95.14680201698647	1.4096134606167698	0.03649219754282423	0.8964803942496422	2
2.9721607701668296	95.59852429392815	0.6779241737983513	0.030721957313870354	0.7206688047927936	2
0.9080038012150058	97.79975162070787	0.7451435746496353	0.009812268249884754	0.5372887351776243	2
0.6342311556145807	98.81672439108976	0.253314568546501	0.0067299242614987775	0.2889999604876503	2
0.7310428893144851	98.3530773953543	0.29339819727965144	0.007589406263511243	0.6148921117880535	2
1.2579085549257523	97.97991255508343	0.38181342422648756	0.008020723629559691	0.3723447421347415	2
0.6139237577267412	97.70912210909557	0.6268569361365603	0.006534694028030291	1.043562503013087	2
0.22082311791802842	98.68161351632175	0.5743900416896734	0.0011292983172565367	0.5220440257533003	2
0.4149297048580156	95.44657209670586	3.63620509970657	0.0021273077277793708	0.5001657910017577	2
0.3931155495180267	91.72390831312336	7.3463662493608055	0.002026049575169182	0.5345838384226597	2
0.36184723807027713	98.70925709976682	0.7051104277202238	0.0027560220949268935	0.2210292123477335	2
0.2775177709598559	97.50004140498889	1.951410780773219	0.0023126925240689366	0.2687173507539772	2
0.248435601575026	77.8600280907684	21.588163825696558	0.005503200140525399	0.2978692818195052	2
0.3250094753610205	98.29127833037232	1.1791418247802268	0.004691465524466394	0.19987890396195107	2
0.20835874499729154	68.6387343343914	30.974468784382285	0.004321645502669628	0.17411649072636323	2
0.4902794289924058	84.66012852899215	14.592254648471247	0.021434456515669876	0.23590293702853743	2
0.2858140703970862	77.15684005354794	22.29305085610482	0.012801282190183075	0.25149373775996703	2
0.28497959850581617	2.1427359672574244	0.17845982071109825	0.010119969012163662	97.38370464451349	0
13.953378671503097	28.057124281270262	0.4528402804227665	0.06269382852795073	57.473962938275925	0
38.74817642658875	47.007590211925894	1.7809654016961416	0.274115924476362	12.189152035312869	2
9.433904529586707	82.24185685363419	4.676701321258332	0.0317580875430426	3.6157792079777074	2
5.764110242377859	87.76334493186447	3.797605039431172	0.06178555829440488	2.61315422803209	2
1.4158470911090035	96.56253152529206	0.9603806550378019	0.03222794136582345	1.0290127871952963	2
3.876703697722987	93.40676444002021	0.931485012600979	0.049957344100307596	1.7350895055555253	2
1.2008108897818768	80.73240518493662	16.87780374793333	0.01698571694508988	1.171994460403076	2
3.0174520130012277	93.93520228179459	1.7487204989650402	0.021528360483039053	1.2770968457561447	2
1.556453178433355	91.38627761276025	6.0248765624752485	0.010338264853775054	1.0220543814773624	2
0.9580553527712748	87.35399789714941	11.03008851049457	0.00572144852874499	0.6521367910559884	2
1.3449570200133332	79.49116130159439	18.705273610226676	0.005929758335790938	0.4526783098297964	2
0.5276423547510927	87.25940239890664	11.882154067561105	0.005098066281079041	0.3257031125000958	2
0.21449405836034716	65.58419888007059	33.923823678263155	0.0065205722211423255	0.27096281108476433	2
0.37336516643638296	79.79079711009913	19.329541450002313	0.0022676107059553747	0.5040286627562285	2
0.13364946392068108	23.230300504728458	76.29247203159582	0.0026912311580102205	0.3408867685970139	3
0.20055822800937473	30.802327462696375	68.70003736476606	0.003966510565643107	0.2931104339625347	3
0.34234030946873795	27.69911092278814	71.2234563532679	0.006031473900087226	0.7290609405751324	3
0.29898816792341093	22.585040830902724	76.75384433131465	0.00858181472844359	0.35354485513077577	3
0.14350699746860576	15.577198797412608	83.99825534556051	0.004183173013193153	0.2768556865450846	3
0.31710335928914896	27.081179826024776	72.169697086863	0.005259467301235554	0.42676026052185206	3
0.19756283859878893	30.0002101345614	69.5723031617679	0.004200321288531243	0.2257235437833671	3
0.1554812070500904	11.67831237761163	88.00705186702078	0.0025388583941130076	0.156615689923391	3
0.10593614235916461	16.0404480826127	83.75118924043973	0.0014172933239801752	0.10100924126442198	3
0.11075625118074676	10.126570066194676	89.63469165403146	0.0013550748727490138	0.12662695372036892	3
0.10858239406782001	9.676362331166787	90.01102588938835	0.002088615135636816	0.20194077024140006	3
0.10842128808392883	8.285195404124156	91.44699149798402	0.001982027505265898	0.15740978230265668	3
0.20051168110967427	11.51540569614654	88.07011148928177	0.0016486927884978042	0.21232244067352235	3
0.10613284476096924	10.878997073934082	88.83545897290338	0.0012827203548782264	0.17812838804668255	3
0.29384241016412893	16.469313599246625	82.45188013784511	0.0026015677325249204	0.7823622850116058	3
0.0818599439489252	5.755218984479552	93.98685030582119	0.000857400819843605	0.17521336493048	3
0.1218227097541134	6.4356571593455385	93.269914235338	0.0011446715307862328	0.17146122403155237	3
0.0962120041645907	9.628319691576872	89.8923671138714	0.0012303398964503276	0.38187085049069874	3
0.17235920434920374	12.82460319565418	86.65498369687909	0.0021546575754395354	0.34589924554208323	3
0.09827546084307962	14.558239106610154	85.09107076304892	0.0012038883900026686	0.25121078110783884	3
0.06375344560410078	7.899442925293709	91.8256489373509	0.0012964431798304509	0.20985824857148405	3
0.06955605749582319	8.489721482334941	91.15420692840641	0.0011365537454753806	0.28537897801735784	3
0.10391644379941439	6.9848127479618745	92.61503093151788	0.0008061033997445426	0.295433773321073	3
0.13266799929102113	6.30174133880685	93.13070754572762	0.0012615888107463738	0.4336215273637677	3
0.02197048209813839	1.6144113904341624	98.22650003166203	0.0003443456074177124	0.13677375019825602	3
0.09052282787821105	6.332917685375524	93.21392773169099	0.0007831107307807042	0.36184864432449537	3
0.07687187587855648	8.734575415737101	90.76010188333973	0.0008126048191360604	0.4276382202254554	3
0.0452887883179519	4.083242346326009	95.60125482526476	0.0006751763843405447	0.26953886370695224	3
0.05219675192780082	5.33338678785452	94.49460193590106	0.0005342358094619122	0.11928028850714846	3
0.04929771436810088	4.345661200924578	95.47270274922823	0.0003835875349646227	0.13195474794411768	3
0.05000345897370309	4.93170167044802	94.88598868168948	0.000426097230301401	0.13188009165848213	3
0.052913337725278085	4.705408493393612	94.94810980907967	0.0011901505260653116	0.29237820927537433	3
0.09645905257327321	6.691908574013676	92.96760070454408	0.0006503618042256113	0.2433813070647574	3
0.10635646646742433	11.143622453258732	88.4383018567091	0.0009747287449665963	0.3107444948198012	3
0.0655360166082834	3.1759654660774057	96.53278020001585	0.0005072010621982831	0.22521111623625178	3
0.07757312230197022	7.0250505922564335	92.59987581662902	0.0005095933079228808	0.2969908755046582	3
0.11806423825113435	5.282713732046124	94.36913327368349	0.0008020067517718717	0.22928674926747622	3
0.0570196604028969	5.385913328562611	94.3459460648662	0.0007166982105141431	0.21040424795778015	3
0.06701035416771481	5.104174526948903	94.66520422443004	0.0004976831717117746	0.16311321128163284	3
0.11472753184484617	6.645473409952022	92.95224466437737	0.0015549437706962686	0.2859994500550729	3
0.10674207455616824	5.518937286750821	94.16926562360551	0.0006311254776360132	0.20442388960985974	3
0.08948801949824327	9.48049262441566	90.15763612421675	0.0006187478379185691	0.2717644840314475	3
0.12956505820019057	7.895549618346953	91.75611629810291	0.001051480241963701	0.21771754510797942	3
0.07372103021724669	8.787469003585366	90.9302506448872	0.0006769107531451703	0.20788241055705184	3
0.03835225165240936	1.8588077456146723	97.98989495100929	0.0005900393077061485	0.11235501241592198	3
0.18146347765923082	7.233964274246506	92.28251768450254	0.00145640360826505	0.3005981599834386	3
0.04245193962064068	3.1789427278259237	96.69119036608636	0.0004206001311782264	0.08699436633590797	3
0.1365509862930743	7.163743091039988	92.53493062877185	0.0007350408312452261	0.1640402530638488	3
0.058159399631267324	6.456728050095495	93.34970592978327	0.0009381839043439685	0.13446843658563107	3
0.0834430526511028	9.12579423641781	90.69149474258741	0.0005728986689708402	0.09869506967469255	3
0.15063048680781163	4.940301010955074	94.66603364442487	0.0013509718404824944	0.24168388597177118	3
0.12511077748530763	6.155137737737182	93.5734160271881	0.0008789992131979477	0.14545645837619575	3
0.08629012098177176	7.400863479131938	92.15790837854613	0.0018015917688702385	0.3531364295713073	3
0.07371733216951168	6.920600962785814	92.53395469238184	0.0026926085481026605	0.4690344041147352	3
0.07750118486753182	4.430902121598176	95.32855330744235	0.0007847339349724577	0.1622586521570022	3
0.03687904552711848	2.843930086886546	97.04151289247095	0.0003399143280695235	0.07733806078732527	3
0.03658876507923879	3.8221156979375905	96.05903161868217	0.00047162802941983514	0.0817922902715932	3
0.04872135286204449	2.3642903639001696	97.49763567779188	0.0005859137001621112	0.08876669174574212	3
0.03959856372483513	3.142981266166342	96.53342550002527	0.0007211043566810906	0.28327356572685203	3
0.04735103752614013	3.2881556126487586	96.50576285300957	0.0013179078829572526	0.15741258893257165	3
0.07349703879960572	5.7767623562130685	94.01746831863493	0.0012502011067214538	0.13102208524568257	3
0.06549934586954008	3.6047811204751286	96.19954135177719	0.0009115820134380835	0.12926659986471278	3
0.06583258793646012	7.594569457775405	91.37087699891525	0.0023921434309442705	0.9663288119419456	3
0.060847784892579	7.780175395742865	92.03154325729874	0.0011209921623350427	0.1263125699034824	3
0.1079973271786676	7.72994065328131	91.05161377018807	0.006740936560143435	1.1037073127918182	3
0.07105360655275075	7.700980391377992	91.49220710644941	0.001559349899692602	0.7341995457201766	3
0.03676556023199578	7.97757520899911	89.47661201184336	0.0032815638049209397	2.5057656551206096	3
0.07224929298233006	7.065434462295108	89.89417892725525	0.0029505354643196884	2.965186782002989	3
0.0440226625589088	5.574648866325132	89.90971379210097	0.0031970364546701833	4.468417642560302	3
0.04412754944390429	8.296610664727064	80.1155516037039	0.0035692436321325713	11.540140938492993	3
0.08106299499937038	19.579078206191642	70.78603620922385	0.005357170894999986	9.54846541869014	3
0.08240220744266354	6.6990338421775615	73.22309606365225	0.0035192350428815697	19.991948651684652	3
0.044388927681856184	6.495306081299423	63.98743402039965	0.004312763268151537	29.468558207350924	3
0.07946407893183262	7.838305702575086	55.139526556790074	0.014699091991214564	36.92800456971179	3
0.08113994873875789	5.921703706813107	40.70035524979438	0.008362432314669852	53.28843866233909	0
0.10945716803054631	4.279481190926965	68.64391668842855	0.004878917917345405	26.96226603469659	3
0.18928057127973993	8.987999214680578	62.10956246646467	0.008560884368912738	28.70459686320609	3
0.24434802145495976	17.426837159943233	44.70324359430768	0.015024667410034451	37.61054655688409	3
0.11987532509994045	8.462586234369148	17.861464500860606	0.02150765583608542	73.53456628383422	0
0.27808132925751644	9.03866740068405	19.668925046248283	0.02563064165096417	70.9886955821592	0
0.1669828969700739	2.3735728524907804	16.722133877973604	0.026216232796367048	80.71109413976917	0
0.09133079554057899	2.47770604116472	17.53689741649768	0.016818299190158585	79.87724744760686	0
0.6078921339371297	2.854698168829462	20.742938790930737	0.08779459541002277	75.70667631089265	0
0.27130923083984865	5.111162504946941	51.4198568357041	0.015987704630523618	43.181683723878585	3
3.085735349399555	9.061124121154176	20.319922087448173	0.11734250944720724	67.41587593255089	0
1.106616138507838	4.225395433189554	8.65976226981787	0.05370646217274293	85.95451969631199	0
1.0783972545646479	3.8852772282114105	12.892357992507353	0.10906481424218074	82.0349027104744	0
0.8033810950443155	3.56320500985481	6.792083810943902	0.075829958361913	88.76550012579506	0
1.5330237519462002	4.1124898030543555	10.337607389991348	0.18579517574866458	83.83108387925944	0
0.8163423783256346	3.2832030377370627	3.099870809509034	0.10070348316988922	92.69988029125838	0
2.1942391674082633	2.4312405667463146	4.0739172088704425	0.09510825486621913	91.20549480210876	0
1.0787584814480413	3.5486305364072406	7.140269976523317	0.2627304050523647	87.96961060056904	0
5.3407034106385805	5.294079928884776	6.030752181675477	0.23632148869101471	83.09814299011015	0
8.641558430819643	3.374600510135787	8.809297935751806	0.2577671029856967	78.91677602030707	0
17.280347768705834	2.4194105989376156	4.6455030825714445	0.10379492480846772	75.55094362497663	0
0.5520597890559041	0.8805485826968813	2.33102484950326	0.05637330499222462	96.17999347375172	0
0.6950289995902488	1.7876175798920944	3.5095182485925824	0.05906480372943647	93.94877036819564	0
0.4370798728075052	2.4405825522619162	3.8232975688246933	0.09857072198348796	93.2004692841224	0
12.838150967196786	2.166198686755734	7.648248105515715	0.19218502715870528	77.15521721337308	0
3.680340446816479	3.278678788693927	7.180201126375688	0.2790439502040115	85.58173568790988	0
0.6812592073169761	2.5413671917674714	5.062215337884402	0.1528065669968153	91.56235169603434	0
1.311453706172489	2.8088110192598217	2.611835317142286	0.10179714153051288	93.1661028158949	0
11.539002101938427	2.2829656779746483	5.195785398794961	0.2229343720593178	80.75931244923264	0
8.735089060963933	1.914674404569267	1.5125054528255601	0.05729299571842953	87.78043808592281	0
0.8015575899634462	1.0831170429927035	1.1728357165575556	0.034449319683041886	96.90804033080327	0
0.38397787623918245	0.7105702333094823	0.7779088119252145	0.008666497086960113	98.11887658143915	0
5.210860652605202	16.53398239055925	42.64812639470457	0.06560090257449416	35.54142965955648	3
15.755941896855422	25.733142883907778	2.904764931658923	0.16768896679462197	55.43846132078325	0
20.66491176987384	61.215045963815044	2.042030283697112	0.07582330110431021	16.002188681509686	2
20.733527546369395	35.40164823744749	1.267023035171329	0.3017124703606214	42.296088710651176	0
6.222548694910059	11.5431067342771	1.1674387208924035	0.2849077753458761	80.78199807457457	0
42.94115467604628	46.7883291797317	5.364651645096608	0.4738366827874649	4.4320278163379445	2
36.200689245985984	48.87390400187084	7.969517334923662	0.9890039722214459	5.96688544499807	2
8.277611315346975	62.9346475011537	3.8255358990261534	0.9067233446131735	24.05548193986001	2
11.239865112064617	64.25856561460853	3.842435916584012	5.456252342490933	15.202881014251911	2
6.248298378768153	67.46171758611207	3.693071101630754	18.245502231894374	4.35141070159465	2
3.059397979949659	62.45812970840853	1.9784385338912378	30.507625041799475	1.9964087359511205	2
12.64678183113579	52.74046500296576	2.1316404194261396	23.211882865528267	9.26922988094404	2
4.480943190414016	80.76332709066753	1.058011079422231	10.751756220825632	2.9459624186705824	2
5.214300139846576	79.26267902029065	0.7893818228837359	12.998385824963815	1.7352531920152132	2
4.423172122245652	86.50375175837225	2.1791003208050475	6.058241465779987	0.8357343327970655	2
8.441601426861205	48.34696152213831	0.47665098246635684	40.78325875220262	1.9515273163315032	2
2.805743906943807	86.4879783050192	1.3561474197408252	8.727220140883771	0.6229102274124099	2
10.216166680813018	51.753624959426844	1.0507134926719937	34.304345031752746	2.675149835335381	2
6.315798577986133	83.01083371625599	0.546955422993225	9.21539502163114	0.9110172611335325	2
6.167408118921071	76.78538799580467	1.4154446503993012	14.719838404472348	0.9119208304026241	2
7.141663723887302	65.84617477385811	0.6979958058122163	25.35139405828824	0.9627716381541283	2
5.778306080085118	60.75026518582379	0.6922933444042828	29.95020724484051	2.8289281448462837	2
5.982985050564406	84.47362176552636	0.19534698361304592	8.58411653648702	0.7639296638091841	2
8.752494689421107	73.35222525825488	1.335626746033972	15.162541795699946	1.3971115105900953	2
8.885355666184688	73.31700570862174	0.3164100060810766	16.172749276602648	1.3084793425098493	2
11.33915838172925	65.3532663361031	0.5462514836853586	21.30080017115527	1.4605236273270301	2
9.735848061082965	65.85595919051073	0.36346192465891863	22.39003416919478	1.6546966545525887	2
5.022107556733622	89.30103631663414	0.43167940427397933	4.1567042389719315	1.088472483386322	2
4.412862314633538	90.79711639978225	0.3070844332450954	3.63653250907758	0.8464043432615118	2
5.606649321701964	90.10653172702206	0.17804597775078881	3.277392054749076	0.831380918776112	2
4.230927941804645	45.671870110627296	0.28070117705695874	0.6224713832396803	49.194029387271414	0
6.49861960251993	91.89537753427919	0.39902735955340046	0.5081866195907655	0.6987888840567315	2
0.872491537157877	97.89186849846008	1.0516330263281677	0.05865382058290119	0.12535311747095174	2
0.8075085186683517	98.98506211046674	0.07572372029107499	0.016728689892943665	0.11497696068087834	2
1.4378276316361838	97.53459048053035	0.5207080783249359	0.08998670707770423	0.4168871024308296	2
1.400585188379677	97.814492826397	0.4744842286167015	0.05277805911599692	0.25765969749061723	2
0.9064730701237353	98.72413897997063	0.1828213840974916	0.022583260283524007	0.16398330552459447	2
2.8454083944866007	95.77785166563613	0.9531934169738863	0.08239355961496739	0.3411529632884074	2
1.1362031654877063	96.67776734170155	1.0315831577125547	0.0668835532372997	1.0875627818609	2
0.7674519046710957	98.00742596624275	0.8131718435928452	0.03488810416836572	0.37706218132493197	2
7.247397328335745	89.41506657674373	1.264031232738074	0.5535228714501977	1.5199819907322505	2
4.786889314518718	92.55418754876229	1.0881810328686983	0.259253509130102	1.3114885947201922	2
0.9863669722447556	2.108406499378286	0.09304796749775401	0.3304606398537981	96.4817179210254	0
33.27789088169427	57.27034912790639	0.7227803332818263	2.3854989579881614	6.343480699129346	2
17.74292634716676	54.67645699602943	0.4806063538287041	4.2854907338893735	22.814519569085732	2
26.398105324133684	61.358880633782775	0.33845243544929005	2.777810390619046	9.126751216015206	2
11.194242646984472	76.77534436432101	0.6155063613271377	5.994109330067407	5.4207972972999645	2
1.3554793447750697	94.50411646059214	2.4432549694017607	0.8500943703923571	0.847054854838646	2
3.345190768928865	85.83856056397259	0.5022754936656066	4.434836939642553	5.879136233790369	2
1.9776725990878403	91.4871442552386	0.6869216847736159	3.3447068418911394	2.5035546190088036	2
1.4372534661632053	94.51881112805597	1.1257482571257285	1.7573128407244738	1.1608743079306074	2
7.888533962717702	75.03788768835406	0.8126065231631965	9.979230496589961	6.281741329175072	2
4.774363408906081	84.17576383069577	0.9483050346894863	4.413509621231472	5.6880581044772	2
2.269634279721339	3.9569237811624713	0.08437677013312898	0.2138131454161109	93.47525202356695	0
20.566395075890227	28.44235153043651	0.09594303075588857	3.445982288854214	47.449328074063175	0
11.458678851410307	9.276925839368255	0.04090817094774287	0.7801193682987759	78.44336776997493	0
36.863384887621784	26.443722928123943	0.09459967042658705	4.0967069603625585	32.50158555346513	1
32.30109989365516	40.74032304458793	0.5449408287233093	6.648643016207798	19.764993216825804	2
19.046487425768575	46.39120571477147	0.2139815747000493	5.274075999802475	29.07424928495744	2
5.736857730249688	75.32043606001494	0.7059871849576116	14.19095799660101	4.04576102817675	2
4.960529245501979	66.497446333489	2.013099295113925	22.839847691689997	3.6890774342050916	2
2.564761149681367	80.12735970910781	0.7981160439021254	12.756920889240856	3.7528422080678365	2
2.305063108112372	87.21275145215849	0.6324164698066832	8.220604897339937	1.6291640725825205	2
4.296746031139767	71.13352891690977	1.5760305330738305	21.650518757643333	1.343175761233297	2
9.53107436229757	51.49678821796431	0.6820701193765598	35.11295933623921	3.1771079641223525	2
4.0031420483197	76.41815063681409	0.7480270401815966	17.096487863442476	1.7341924112421314	2
7.4538194701376765	43.341714993850985	0.9300656438910848	44.4081309291021	3.866268963018177	4
4.435104171285033	62.35644279266148	0.9204570843720388	25.77340804348061	6.514587908200826	2
3.841393276447373	77.0298561715762	0.8198819460500821	16.84461557644158	1.4642530294847598	2
12.828352636473127	44.81478684352643	0.46980353351894516	38.31979200782568	3.5672649786558113	2
2.9368505136983534	67.55912267155149	1.2679589853975521	25.907528122829266	2.328539706523338	2
1.6104749401080976	60.060710413364106	1.106802188884416	33.85848932911563	3.363523128527764	2
11.051569290884864	64.90613990121075	0.6432989685214623	21.197506454155587	2.2014853852273286	2
3.8260435915467434	84.4681694107345	0.5059097515043344	9.366981230253874	1.832896015960566	2
6.135581145970564	78.37628010510358	0.6175126519366952	13.896828482703691	0.973797614285467	2
10.826172455737762	80.42445357250575	0.3893763799140004	7.309589197503964	1.0504083943385134	2
7.181683493807214	78.57272284842331	3.1990342031825207	8.308792793705516	2.7377666608814457	2
10.762330108200363	81.32448165930359	0.7325517717959406	4.1497527306776485	3.030883730022444	2
11.395962429544038	79.56980700008852	1.3265175874187576	6.502135251421853	1.2055777315268459	2
10.384965385059612	76.77801681561935	1.3778428907734603	10.323840038019453	1.1353348705281254	2
6.140456123321864	71.61883098783653	0.7021169504519534	19.588976090611133	1.9496198477784932	2
3.644222996541414	63.09589881157007	7.379140455105415	23.604034625608733	2.276703111174368	2
2.208592958904477	30.14300109387001	0.9478132445380334	61.209361637652336	5.491231065035146	4
5.241737138097358	43.93469366878513	1.1997483305071333	44.74196762948415	4.881853233126234	4
8.229945569811163	43.59014350162622	1.4708987179152118	41.672313390168256	5.0366988204791605	2
2.905492481999998	37.4067753716083	1.2795760788979216	51.72783777596117	6.6803182915326	4
12.624106200322935	14.811980986203752	0.4846912525919885	63.923740235080494	8.155481325800833	4
6.146733252191519	9.467134026354728	1.0366250200581513	75.50974470769562	7.839762993699982	4
14.506386074565608	25.351326159791142	2.07203167551513	43.092003923647795	14.978252166480315	4
3.74911530376554	11.308054979875408	1.4135495945510594	59.25981254436311	24.26946757744489	4
0.9324888541431611	1.5611478992004537	0.18076409818597192	0.5905466386900602	96.73505250978036	0
6.996759597778157	4.865719747538899	0.3671303735501762	4.314402665719021	83.45598761541375	0
56.377240657328024	32.337965072575265	0.6491730862319056	4.225935576226911	6.409685607637895	1
17.9909253423686	61.90839593370151	0.768308020116305	7.962626837624688	11.369743866188896	2
3.984121191008701	86.15779405299065	0.4320340168898292	2.4879360664219785	6.938114672688838	2
1.6047728763890892	92.15534910840343	3.211730327995014	1.9013797269455945	1.1267679602668788	2
2.3598428306604435	93.56974706812774	1.0973872361210748	0.7915005724163401	2.1815222926744147	2
7.029561850429887	89.19557700151512	1.6988418746185039	0.360412361850263	1.7156069115862569	2
12.279116463245073	84.28057635750386	0.9515925948618408	0.21106188300562137	2.2776527013836065	2
1.5134338337728541	89.01378102119298	7.602417285930247	0.5363173054633982	1.334050553640518	2
1.6423802717428315	90.17636968100004	5.051910319677722	0.9654062237109953	2.1639335038683942	2
4.770990914513364	87.15392740624414	5.018487618198213	0.9545592666749049	2.1020347943693967	2
5.528618514470996	84.91527598435258	4.904196367704882	2.0756386834734464	2.5762704499980997	2
1.1088930749309918	86.66868956589298	8.350583826986425	2.3354189329613906	1.5364145992281948	2
3.819996788270321	86.73436267377181	4.657985971477972	3.119700848499172	1.6679537179806945	2
3.0328615660217224	89.64836361856368	4.56448611828298	1.3816490312558594	1.3726396658757558	2
3.068006508085259	91.22125265001854	3.7621133504694475	0.59910554423234	1.3495219471944133	2
3.6088457059206296	89.67088133107816	3.75229034199324	1.1069591506843737	1.861023470323588	2
10.235372810876598	80.30270566248457	4.495073932525019	1.8509448624890594	3.1159027316247685	2
5.405624112082029	87.08090410747675	4.129117659371488	1.167591737464605	2.216762383605116	2
1.5908948470655253	93.28441024642709	1.9527221571330997	0.9924753255999094	2.1794974237743823	2
3.0118637917538122	81.46461929612899	12.423763080229346	1.6009377157792337	1.4988161161086102	2
4.358211039479869	83.34355437124269	8.787025549750847	1.3229529932347253	2.1882560462918565	2
5.359150795527985	79.48451799008922	8.570821524668723	2.6222380546009916	3.9632716351130948	2
1.1433785924619693	78.70772400330918	19.00230637196229	0.32959027396795487	0.8170007582986207	2
4.2871867211632715	81.45273112180334	11.247957074412206	0.8644726306935633	2.1476524519275952	2
3.7699755189122377	84.2363271492821	9.766434756556437	0.4372513159209972	1.7900112593282285	2
1.1489697562554066	79.36569321816468	18.181359219567028	0.3299791781690671	0.9739986278438091	2
5.98019027813841	75.03710884836211	17.123699691577933	0.26915343194992236	1.5898477499716295	2
1.6316398743281897	59.11196578652746	37.36519820412126	0.11668395940848783	1.7745121756145923	2
5.936367182487413	77.80766807431034	14.445898499826454	0.09563270010969231	1.714433543266108	2
4.322719773974897	83.62390708977586	11.255097644162808	0.10110137340337716	0.697174118683054	2
2.405550867018242	87.4710708084698	8.95275518518167	0.24699066801536174	0.9236324713149141	2
3.159856005140218	80.11326397502111	15.559554366796323	0.2500056826649374	0.917319970377402	2
3.798509501339621	84.13826637406693	10.459661511024706	0.23620890276320178	1.3673537108055343	2
2.032471860986305	47.449408288612794	47.73061870264934	0.6275548466865205	2.1599463010650584	3
1.4771637152507249	84.51260263687874	9.118723528830012	0.8012253655549176	4.090284753485611	2
3.258254483249394	90.54207096857725	4.581291660237655	0.37256318872785743	1.245819699207869	2
3.3697453251513285	91.875999334998	3.250378517287457	0.339972466320533	1.1639043562426785	2
7.423306907676665	88.5043417399958	2.746390198860622	0.11126616928386412	1.2146949841830568	2
6.976369433628799	84.8698823223658	2.380080800314871	0.3562624704948796	5.4174049731956595	2
8.505390176393451	18.626629366261213	1.5294998468018275	0.37690276353968877	70.96157784700382	0
19.37880467591462	65.24490899845927	3.3754823047456153	1.8270648147810282	10.173739206099484	2
7.076695538291279	84.32602181495625	0.47251886349297373	0.5596160135011163	7.5651477697583545	2
24.376711156801434	68.26930863615942	0.612077508664064	0.39662769158470346	6.345275006790378	2
15.213099641415932	76.63115662781935	2.3847725080144615	0.723570916987339	5.047400305762909	2
16.50864284809575	71.61907424526217	2.5411784571317533	0.741683846658394	8.589420602851932	2
16.554787617086756	71.88814086723902	1.5947235745843606	0.7843764527707966	9.177971488319075	2
12.422736769588134	65.61902828459185	2.1878906491062904	3.279786376490391	16.490557920223335	2
24.53272011753704	52.279225621612355	4.949523118526676	2.1893837930954776	16.049147349228452	2
23.046390054770786	55.7476936110448	2.1559839062885255	0.6489059832835045	18.40102644461238	2
28.26157799942447	47.292865733237136	3.0830103821434083	1.0238177917397322	20.338728093455266	2
23.790225428773784	48.66400366417686	1.463588692943828	1.0173084307426674	25.064873783362845	2
23.624294477182403	46.11950171763311	2.776080707585007	0.8023756144729971	26.677747483126485	2
20.876800625257736	43.914126069675866	1.4983998380756611	2.0394644430468896	31.671209023943845	2
19.86997509877843	48.61900016058942	2.605739961697171	1.854024485089435	27.051260293845548	2
25.71645279777577	54.047226826669124	2.314542192423739	1.06592566993807	16.8558525131933	2
23.796627145528717	49.52528491852159	1.8203212930787118	1.965387839009659	22.89237880386131	2
15.76611389740082	41.877847338638276	4.718797198309441	4.290882688899807	33.346358876751644	2
9.85199215816495	41.671632219650945	3.7961170760619916	4.849141580177912	39.831116965944204	2
18.82535928721793	57.34370291385728	1.6381457133426953	2.9141761511804942	19.278615934401603	2
18.026204293199882	56.830209049856606	2.854016951338151	2.3591500365668376	19.93041966903853	2
22.579426506736933	45.777710486375526	2.93613383476292	2.0738934336617434	26.632835738462873	2
20.710786443855365	57.16118177488845	2.5910135566754264	1.6009311369242343	17.936087087656528	2
12.360113814145745	64.99410356819823	3.1177889237038903	2.9837667572716886	16.544226936680445	2
11.18960561033331	50.66226476742851	9.638919708080863	4.816559094529675	23.692650819627655	2
17.311983081934663	57.54431920884725	3.1537061469640277	1.359823800699062	20.630167761555008	2
20.0914075689087	56.81627201031333	3.331258940119068	1.3985282361045355	18.36253324455438	2
21.349965048288706	47.02836720751342	5.030339942679954	1.112233331002045	25.47909447051586	2
23.449740460982973	44.199639085671606	2.3315855795712133	1.8023548516656638	28.216680022108555	2
10.713825859528251	65.78173436498666	7.854537989012835	0.3697099837560933	15.280191802716168	2
15.890690411815925	56.26144843687435	5.82231608879541	0.7625311909498883	21.263013871564425	2
8.268948479631138	72.00895554663788	6.271535160585223	0.7851223092772244	12.665438503868545	2
13.595156354176885	69.46960189235097	5.008748654131733	0.9870900924889983	10.939403006851425	2
16.88439044114422	59.62750745785779	5.909127998393172	0.8884243001343732	16.690549802470443	2
15.185552998062546	62.19922846634552	5.107094721742621	1.2324214091421204	16.275702404707214	2
10.280384455982496	57.84733605683656	10.972589184846312	1.7429260742485413	19.156764228086086	2
19.54397821893849	58.11076806243219	2.656090631646894	0.9530711010183524	18.73609198596408	2
7.523539248267011	65.85372458886293	1.5495729411866064	1.2453728549023264	23.827790366781112	2
9.379789496055114	69.67142472810134	9.1613039951165	1.6094434088029508	10.178038371924103	2
20.9057961901216	46.648851254278924	7.3767436773414	0.6847646496547563	24.383844228603326	2
2.806123736792611	44.39784234947945	41.242954830716904	0.43228068210677495	11.120798400904244	2
26.994762760942187	47.363095886470965	10.70795375350038	0.892470103957914	14.041717495128541	2
35.95145916042648	35.1124277309011	11.698452282507215	0.5229564418108725	16.71470438435432	1
8.946566129758653	42.58003989228254	22.488369623228717	1.7640623264029769	24.220962028327104	2
12.47013677695383	22.48494740153088	14.487909054993764	2.454521276384091	48.10248549013743	0
22.18578889142705	39.03263105120753	10.369280739911883	1.0144763358577715	27.397822981595777	2
14.056307054143424	22.85505992202264	21.968698937974466	1.003203937888117	40.116730147971346	0
14.051601744806627	24.840041446352377	11.204128996974228	1.535181281661556	48.36904653020521	0
27.343589599559483	26.16809310832365	8.3669874846846	0.8379792032126222	37.283350604219656	0
15.383992230052637	19.874014210281008	6.267081927812382	1.6328402693050053	56.842071362548964	0
21.341063706904297	39.28617615906775	7.824148646680867	2.107547250212115	29.441064237134967	2
23.6758965587992	34.772080067387904	7.627244968008112	1.614162878316795	32.31061552748798	2
28.432951475616186	40.31649381104699	7.984314444534533	1.568024923015527	21.698215345786767	2
4.842397872315925	41.62725939882288	10.356089275802637	6.715173175148077	36.45908027791049	2
16.462273247433238	47.711821063975066	7.833041093814841	1.9634697417147937	26.029394853062065	2
12.50892037034965	53.930223713651415	3.9014944470692003	1.676656728615087	27.982704740314645	2
9.08846348845425	54.182974109463224	8.812726250275318	2.3753346824124697	25.540501469394734	2
5.512161158263427	29.249482690757766	13.792148196918475	2.446137901840608	49.00007005221971	0
6.275571287747793	49.50484378768591	12.24374782135512	2.4474769125572005	29.528360190653984	2
17.43545451366693	44.58398492362615	10.44618131948818	1.573591388630938	25.960787854587803	2
19.744914178562272	42.938474211201594	7.092152209384876	1.3162341727215126	28.90822522812973	2
6.263246235087926	43.91381347544138	1.583555516731415	0.28530583978810053	47.954078932951184	0
5.517130758169044	71.55617256813922	4.414682989932803	2.8080091592330927	15.70400452452584	2
28.42271950310808	59.095301853597846	2.7585773563177134	0.8516411688145868	8.87176011816178	2
24.948252784437187	53.61379880201256	2.0766930775547547	0.27153412793538423	19.089721208060116	2
10.885945023536765	74.451507819437	8.922106905383831	1.8962704508112331	3.8441698008311875	2
4.790556054090455	23.19557261110214	11.33786893345485	0.3117528894731492	60.36424951187941	0
3.0776219698343725	84.8682660752033	6.342680662418003	0.8715018520354868	4.839929440508847	2
6.6992738362457	80.20964153163739	8.05537545707268	0.12856507864101935	4.9071440964032265	2
1.7999221081481462	58.490256343473966	36.852974790238925	0.6155796567952956	2.241267101343654	2
3.1360139231854642	86.56218891866853	6.47061926683573	0.8597239552382707	2.971453936072014	2
2.566388496450718	83.96859323993928	6.767842992748376	4.990025500629203	1.7071497702324085	2
10.463000359253462	74.25026717848947	0.32091392838687904	13.576656857044547	1.389161676825642	2
10.718687032087933	58.89935215934942	0.5606685518472226	28.571841585265688	1.2494506714497384	2
21.800609042190665	47.880042255161875	0.07432900884795758	28.18424999217124	2.0607697016282565	2
2.9709180884842303	19.715387330947678	3.0592993255039604	69.3487127635369	4.905682491527226	4
2.6342145658585934	9.704332467236659	0.2864171142479346	83.69765386734957	3.677381985307248	4
1.8719288719410114	6.665077151241015	0.06860023395580367	90.9353202006403	0.45907354222186486	4
2.1195777081924954	3.8316218809089047	0.2476725270400781	83.77708491009292	10.024042973765592	4
1.0707301861961263	3.7708160264134483	0.49366730786405194	92.53569044179666	2.129096037729727	4
5.056833707315868	17.190051714416985	0.13400939751913454	74.68888362066915	2.930221560078871	4
5.169047149361926	10.666049160530187	0.04449290043533628	81.59322727751733	2.5271835121552013	4
1.204112622946495	2.4365702171869583	0.13278877136207798	94.48370404265046	1.7428243458540094	4
1.5133493205921729	5.310465398449788	0.06802165528278549	92.79115644857909	0.3170071770961726	4
0.11531024630266884	1.4726752977689237	0.02461002672268966	98.08416534390906	0.3032390852966645	4
0.14066414172844585	0.3683964033444026	0.013803784609687009	99.31190959510356	0.16522607521390198	4
0.19616385356536134	1.2834426118305073	0.022245941004571456	98.44408561817347	0.05406197542607938	4
0.11242976224346252	0.3390442320785417	0.0060974177219220126	99.50372675815704	0.038701829799037475	4
0.08817078520982849	0.5029059639768495	0.01269517335672278	99.32604217213134	0.0701859053252635	4
1.2932798459911092	2.766409766429316	0.06374431233562847	93.78255290524793	2.094013169996019	4
9.431461138161405	3.3762651509695414	0.02233318828089067	86.24723765058093	0.922702872007234	4
2.6911125773221976	1.954595920356577	0.025405566356929896	94.99481797067475	0.3340679652895665	4
20.750759956204025	17.512150744619838	0.14622778428549837	60.57572629364697	1.015135221243665	4
3.195156786688521	3.449055535709296	0.008889427362809933	92.95426845321406	0.392629797025332	4
