N1	N2	N3	R	W	anotaciones
0.02847127025277304	0.013178030509928499	0.0017069721162268768	0.0036281370674089907	99.95301559005365	0
0.09409812764559863	0.021460162714934172	0.0002993278045600743	0.0009434359850228616	99.88319894584988	0
0.0322803660831991	0.011465268170391668	0.001265473633806065	0.004557706057864299	99.95043118605473	0
0.11565675585977352	0.036147429268725835	0.00119985057136037	0.004561500061035784	99.8424344642391	0
0.1770814154511515	0.02003153965803346	0.0009827932567361406	0.005579649967382818	99.79632460166671	0
0.028666095875391373	0.013480663458656231	0.001720746234459893	0.0031131720203559487	99.95301932241112	0
0.012783782177195224	0.006823090616553809	0.0009496989148135216	0.0008069777447762675	99.97863645054666	0
0.17439333786222402	0.03760182941176156	0.0008456215353935178	0.003248773860310423	99.78391043733032	0
0.0824396428371146	0.03844129613514918	0.00039459148793200287	0.002416737394192627	99.87630773214562	0
0.11247675463879044	0.02183722938505199	0.0006580149091275877	0.002561016381038801	99.86246698468598	0
0.821448912835724	0.053237179005289376	0.0002499311717355421	0.008006174897942113	99.1170578020893	0
0.7518128314440657	0.04521283579889301	0.00016470662781055057	0.004230352781157048	99.19857927334807	0
0.6561252236860053	0.05183133248881505	0.0002547599154091819	0.004254284325351166	99.28753439958443	0
2.313386453588928	0.15056292056511547	0.0006327953939078889	0.00860476712423443	97.52681306332782	0
1.4672196322253777	0.07260959855135793	0.00018634118746072888	0.0036834960506220223	98.45630093198517	0
9.56556354871283	0.2107641715849687	0.00041962560423383204	0.004730466584018688	90.21852218751394	0
22.436892101445725	0.36239192842485224	0.0008034961661283246	0.005539652388514197	77.19437282157479	0
15.703343075432008	0.3377293315573148	0.0007254206854382264	0.004430533718808161	83.95377163860643	0
2.798374057239917	0.38608555108083553	0.001156332041584898	0.00896922722259449	96.80541483241505	0
4.591577928760527	0.1135250914954921	0.0004909419123562922	0.005495502053461527	95.28891053577816	0
1.8373789704145889	0.48136905472273595	0.0012021637018747417	0.014084185469436622	97.66596562569137	0
5.736065563218181	0.20504053326899507	0.0005631962595073369	0.0157094357017193	94.0426212715516	0
0.9058821065835644	0.17081135902859843	0.0017078596397946814	0.01653938859987798	98.90505928614817	0
0.22133696039452377	0.053456070531992236	0.0010248207422112548	0.008439421255286563	99.71574272707598	0
0.9515974204787583	0.14537156938607185	0.001583943095964986	0.011125437851682045	98.89032162918751	0
2.032064435647722	0.11281992710160856	0.0007117559072796078	0.007698676956808101	97.84670520438658	0
0.8055805429439846	0.10370259515146603	0.0021517710850151098	0.012172592891805036	99.07639249792773	0
1.1839317497764485	0.2598476096071615	0.0005842318567413542	0.014881503864923125	98.54075490489473	0
4.410597539885874	0.4807694232761114	0.0008473387980033476	0.028097341968989595	95.07968835607102	0
5.788734390313029	0.2688230925138859	0.0011301336343319758	0.032753623810669	93.90855875972808	0
6.423338320875748	1.2459085726413095	0.002363203718226261	0.037826231906687595	92.29056367085803	0
22.737418182500836	0.623157941846752	0.0009887470248603775	0.03587115351705089	76.6025639751105	0
33.55707127258479	0.9722347825104916	0.0008772948943774921	0.04232886617159166	65.42748778383874	0
19.118602973289537	1.0540976046123822	0.0013826538934047698	0.05154632857827042	79.77437043962641	0
36.305114190102515	1.3210174739226388	0.0019605222719611343	0.04053358411012103	62.33137422959276	0
69.70409099386828	0.5530880068207702	0.0006252120774939435	0.03148623370073241	29.710709553532737	1
69.68277496745205	1.8526053268248739	0.0034015107035680232	0.06791354554505435	28.393304649474448	1
54.348128401645624	3.4211845687534366	0.00492329549963685	0.3134783231943019	41.91228541090701	1
56.16668227171688	6.841391942737975	0.00566735353942945	0.3719083256255809	36.61435010638014	1
7.745702224869781	2.53052011280444	0.00994773380092748	0.22983332359169098	89.48399660493317	0
55.70647195246973	1.6608423037524258	0.0029496813430216003	0.09975766785172734	42.52997839458312	1
73.5664519009355	3.489968370874092	0.0027424239770587164	0.08538292568534779	22.855454378527998	1
89.29110465183786	1.2903770580980511	0.004593354346811244	0.08419617382239024	9.329728761894902	1
80.18875314399595	2.1774024058774493	0.009274029350606228	0.18514097324975406	17.439429447526226	1
86.60669247556211	8.853987302449058	0.0998869797585928	0.15583035723561406	4.28360288499461	1
68.18720901226885	16.629168674348342	0.12511679643040868	0.3257616009019965	14.732743916050403	1
58.904670831343985	10.701822410259993	0.5289670896851895	0.357941960293103	29.506597708417726	1
53.85649158895326	25.191912680027894	1.506947785759004	0.5264638074199373	18.91818413783991	1
39.66313825941214	40.44673826224287	4.24822801098139	0.9581892562012022	14.683706211162406	2
72.21922495514951	13.255411977436788	0.6471568251815063	0.5063853647505112	13.371820877481685	1
26.357934644289717	61.188164754858946	2.2483927258071983	0.3843153494499037	9.821192525594252	2
34.41182321092789	54.66537713577916	3.7072144139114034	0.5977438870958877	6.617841352285654	2
35.94357362826069	55.358073667160866	0.5183257682768808	0.3182615091797656	7.861765427121814	2
8.589470824608911	81.19555361297408	2.206566071762866	0.5431362370576526	7.4652732535964885	2
9.411913126478307	84.08613580710337	3.406526269389745	0.35239550884981735	2.7430292881787643	2
6.1343365374791885	85.19467293782859	2.0831980297482273	0.25661363231460593	6.331178862629386	2
12.034050355012957	76.87255972325953	0.6912493678522712	0.35345090319658623	10.048689650678668	2
7.472234351476971	81.29991593822187	2.113903029120645	0.21520200499872133	8.898744676181797	2
4.337269663360342	81.36477670959917	9.806355777348855	0.11898452774135651	4.37261332195028	2
9.719877917965945	54.00842391307824	1.1256545878602526	0.3851214972225164	34.76092208387304	2
0.5420165215967631	0.5777458566965248	0.008531504168717166	0.010060458602230716	98.86164565893577	0
34.54401618165546	7.801157259746881	0.05339862841420272	0.16621941270622922	57.43520851747722	0
52.435865191237106	12.33135767076947	0.5051031108492974	0.3017638339025215	34.4259101932416	1
6.955421746519298	0.9803971662408343	0.00499156569746226	0.032343723240363276	92.02684579830205	0
41.72139829613832	7.529181816156029	0.03295929708222532	0.06654468693090775	50.64991590369251	0
57.44726017246696	6.054117826801493	0.0843949404579877	0.17287649555124265	36.24135056472231	1
52.86413372161671	2.4242919819990583	0.07344530684270485	0.07351527524322506	44.564613714298304	1
53.48067185891573	4.31768263990913	0.033200569687275056	0.09721535112283257	42.071229580365035	1
42.454848599232825	16.153906876242704	0.298149096768991	0.2233104386843192	40.86978498907116	1
80.30774594612573	7.452459503384199	0.25419502287631074	0.07529330290856463	11.910306224705183	1
61.016572822241585	26.176302119471593	0.25193433714180513	0.12152361018080407	12.433667110964212	1
34.87995372713529	58.178667404277085	0.606751641500966	0.1887994055749822	6.145827821511689	2
21.058360572033095	71.01444036394373	3.4323591917331817	0.08627283921308629	4.408567033076907	2
21.13024395856236	66.53114162759863	7.323430332609296	0.1685196224744151	4.84666445875529	2
3.8681169754580655	91.70801785371042	3.5498806473370843	0.03595452605763925	0.8380299974368053	2
4.323987640749938	83.58956459269042	10.998610480707972	0.03809498945395273	1.0497422963977094	2
10.156317853972187	81.79122046598611	4.502248009301711	0.033327097448180035	3.5168865732918158	2
3.2358399207682758	75.73990777055984	14.288904261142015	0.04267922431078063	6.692668823219088	2
15.515765129411676	65.31034034085297	8.74391518410611	0.04401002816837695	10.385969317460866	2
6.601964513644426	60.105168579072654	23.588524928731164	0.0166869181665862	9.68765506038519	2
13.772926344327699	72.70719970020929	9.795481956426775	0.03580899797029178	3.6885830010659406	2
2.2392737594976	77.31737134541285	17.09719566262791	0.059524607417665215	3.2866346250439604	2
3.641476232114581	77.26727556942213	6.00423730712715	0.026380807043705445	13.060630084292418	2
1.2846325929501605	53.11320348836696	19.72714346557455	0.0329065006424719	25.842113952465855	2
1.6187976949655976	58.50335769945897	34.84969515961058	0.028094884680359467	5.000054561284468	2
16.408934351397182	24.022975316990557	42.41578338712196	0.014983644860557888	17.137323299629752	3
0.48102153958471766	24.472155889189963	62.38412799697946	0.014988095214493359	12.647706479031356	3
0.5624753073272587	15.555061875766924	73.2394817202118	0.00871839912009531	10.634262697573917	3
0.3022797394188663	9.498744144411534	83.96379970765709	0.00554115777224487	6.229635250740249	3
1.5106579739038422	30.56157109948178	55.76716604779941	0.017130707267391035	12.143474171547576	3
1.7788806797552923	10.390790816905232	83.67507283906308	0.006567762580608546	4.1486879016957845	3
0.14458622260616857	10.360633099583112	87.89792140545794	0.005874963646810831	1.5909843087059616	3
1.291417023356279	31.680422741557514	62.23066188240816	0.028093321541480396	4.7694050311365785	3
0.3133549831064486	14.938437487230734	83.48474860375026	0.015363343844062325	1.2480955820684785	3
0.1749523217227075	11.327086407254862	80.48008182820706	0.00626867918957706	8.011610763625802	3
0.43673051874233165	18.858283984915637	67.1592284201432	0.012466139538787047	13.533290936660041	3
0.368373716388168	17.608980797380337	65.197828734696	0.01894412686155629	16.805872624673924	3
0.16777897595460467	7.924803533169373	86.35978029938896	0.016083982871472776	5.531553208615584	3
0.2534343128675465	19.01867505292341	70.15649674090825	0.01824961616553432	10.553144277135248	3
0.6969937423521277	6.780368119466288	87.79194314513346	0.008365578495002673	4.722329414553126	3
0.2536552145102565	8.515388784800022	83.99771075920172	0.013118875635184083	7.220126365852798	3
0.1867660162324092	7.674065515710021	84.38978167635234	0.006780026609026135	7.742606765096199	3
0.0862409441148053	9.428534928439603	83.82330913445317	0.004323967061454999	6.657591025930963	3
0.16706377316320808	7.328315677717891	86.38133388798947	0.006777914702030793	6.116508746427393	3
0.11901718309841833	9.130802390091015	88.09697358110591	0.005625483863342598	2.647581361841326	3
0.16358756734957217	11.387085065887348	80.13217483830881	0.012269804739693016	8.304882723714577	3
0.07361880889819453	4.438887719610284	91.91947295019553	0.0035891125177132336	3.564431408778288	3
0.40750211695267735	10.714001972071227	81.12015580035076	0.021566538676226956	7.736773571949105	3
0.7818345490138939	30.146112738476155	63.9534760630726	0.19845006688724223	4.920126582550097	3
3.711466526034344	34.18957461726138	9.148160223249441	0.39310330486391365	52.557695328590924	0
1.0907152689586235	26.43231309318549	69.13322536946053	0.07740975124405357	3.2663365171513017	3
0.6725745740987595	25.090188855175033	71.50339405136819	0.12121124381404769	2.6126312755439693	3
0.9458584213878808	24.38440576929973	71.79053485904988	0.1655158380977166	2.7136851121647934	3
0.140520214287113	10.094014001728118	87.81794428925032	0.08030308491588121	1.8672184098185398	3
0.1735812495959224	10.609233759918165	88.3140769439266	0.07234689316709535	0.8307611533922165	3
0.7195254928463094	28.455608424654866	68.57125882465162	0.04801022400121861	2.2055970338459874	3
0.21924294416584256	7.967868501417021	91.48738304724125	0.012376212689916904	0.313129294485954	3
0.1399309379292055	7.47644951454088	92.10830107943845	0.01709387268304022	0.2582245954084246	3
0.47306102123632743	10.461294856404251	84.48204549725614	0.014837385798172805	4.568761239305134	3
0.09800709629130455	4.860430374866089	94.50447000661109	0.03672917544609739	0.5003633467854229	3
0.17992909422378423	12.115838493915057	87.14785479968742	0.05083303350798434	0.5055445786657625	3
0.08088723185998864	5.039090245874476	94.00420714721204	0.029116680183119085	0.846698694870375	3
0.10585336248352357	8.173724725033376	89.17052287684626	0.13562670978922128	2.4142723258476235	3
0.07657888693265619	2.7676115077413956	96.60450435041454	0.07917445061531277	0.47213080429606563	3
0.1164372433954653	5.193697100232298	94.18622129921653	0.03456073779234557	0.46908361936336634	3
0.42388824541027303	15.157956452068447	82.96941474526827	0.238071263748059	1.210669293504954	3
1.0366215232209919	43.489668128829955	51.49941756973858	1.0995456314542442	2.874747146756227	3
0.39649935417331694	26.159340161535454	71.67388029059907	0.4338549535808825	1.3364252401112644	3
0.6896251840288359	29.93536500609071	67.97168538214238	0.43089323262199597	0.972431195116071	3
0.7262444235310418	14.453525019886573	83.22282126633722	0.16413258718798085	1.4332767030571698	3
0.16453755641661272	8.717399381274337	90.58896962861863	0.01576827325660327	0.5133251604338257	3
0.2236778077728655	13.44979703394584	85.8583206795281	0.0634193149584947	0.4047851637947129	3
0.15521941370449685	8.045210774717535	91.54303577557445	0.02223115233913003	0.23430288366439955	3
0.14392812885139253	8.17290178569721	91.32286982635657	0.02187412689556418	0.3384261321992576	3
0.21325303556130357	11.412112999971415	87.98931888322376	0.04694254056983664	0.3383725406736714	3
0.31639268823097616	13.147499268785309	85.06856877030494	0.04311320322621837	1.4244260694525672	3
0.05408892302469345	2.848179326236051	97.01108355080451	0.00896062366625592	0.07768757626849625	3
0.2653512728969341	11.734202829772755	86.94450039933008	0.08372278079795266	0.972222717202271	3
0.5968096132565069	4.250998387583059	94.79290991622221	0.030812696193611776	0.32846938674460857	3
0.18397999617142577	9.399904631488562	89.6167824336024	0.04967534544373575	0.7496575932938788	3
0.06930375827592677	3.066234219427936	96.64595253892108	0.020577587659392372	0.19793189571567396	3
0.06740919192150084	4.507340437586501	94.96870542006947	0.035089272930712546	0.42145567749181545	3
0.06206820954319362	3.216925146075321	96.49910505319828	0.03338603593935573	0.18851555524385677	3
0.14760205243369182	8.301061653006094	91.06315041325456	0.05666296892276196	0.4315229123829116	3
0.4265902792567353	15.117797988796983	83.42012994997113	0.3973788746211163	0.6381029073540547	3
2.0492656530734683	26.86424668396533	58.365994538365065	5.709347085672072	7.011146038924059	3
1.3242454340598246	37.669207115489996	58.14484027939668	1.6084432954616614	1.2532638755918417	3
0.5191771766764324	15.183007424550887	82.92976032985652	0.6603924372832457	0.7076626316329112	3
1.0308561913460574	33.296125101127025	62.81900624102986	1.5946412398893024	1.2593712266077544	3
1.2790525522617615	33.879047415916084	63.584200240481216	0.23828642387039237	1.019413367470561	3
0.6291739721800088	23.542457953886135	74.97194709330257	0.37569776375109487	0.48072321688018393	3
0.25842886911790364	10.808047453035426	88.66024976019006	0.057510528801201326	0.2157633888553991	3
0.1490474814046496	11.687071896424643	87.6976826571139	0.11066506581902415	0.355532899237803	3
0.047563782368896905	4.833724703314971	94.91098423006265	0.0237999301729268	0.18392735408057126	3
0.14159646235713536	5.903188212889647	93.81537891950916	0.0652972604747452	0.0745391447693218	3
0.030471555487525365	2.1190162094417806	97.74694847459818	0.023441201177992033	0.08012255929449194	3
0.05664620674060457	5.589915615514589	94.05182958218502	0.043133605186066175	0.2584749903737163	3
0.10791789418769476	8.795203126893746	90.78832981883042	0.03917802244179886	0.26937113764634585	3
0.08836545104605095	5.002074939924659	94.73874901656927	0.017579507708776226	0.153231084751221	3
0.10436948857676795	5.027337190864832	94.56672963101903	0.034411943486718985	0.26715174605265407	3
0.08013087146876079	2.759737105628201	96.97126310566675	0.01760972142759919	0.1712591958086859	3
0.09982609923280482	2.914120701875161	96.77891189787124	0.049421377324586485	0.15771992369622384	3
0.01318779635729891	3.2494053934528733	96.53978175667778	0.018263013188164104	0.17936204032386738	3
0.0255774733304034	2.4969858014455517	97.38245967507753	0.005376364318176351	0.08960068582835462	3
0.04145549480417595	5.097444209753198	94.52120422619753	0.02324540907305024	0.31665066017205173	3
0.03687082465066377	3.2396508398629167	96.63437138576998	0.013417660407925415	0.0756892893085013	3
0.1328768782562228	7.455998191911176	92.20020947401868	0.026424056309752267	0.1844913995041642	3
0.061041598290611	3.0468284995488535	96.41156078547635	0.030852277307825585	0.4497168393763529	3
0.0623579578876066	2.500052174043661	97.2396320353479	0.018423510115445393	0.17953432260537297	3
0.14724054597343636	2.4665255800634376	96.65666081829188	0.020341939757407102	0.7092311159138437	3
0.028565117313315787	1.3664451526760297	97.92271698624273	0.033610571755652414	0.6486621720122783	3
0.08764935769515884	3.910385467381966	95.61821200504885	0.06553246920830808	0.3182207006657019	3
0.21432637572564894	5.306525284584606	92.58683504770883	0.6307803315280369	1.2615329604528596	3
0.31280629894745754	9.403662237590122	87.08616819679402	2.143818361256612	1.0535449054117727	3
1.7497746393538924	63.80899172587217	28.731631267560243	3.2503284258794625	2.459273941334223	2
4.395057286916509	76.98011617109415	7.870312704509591	8.738020194399352	2.0164936430803686	2
4.66828587945667	63.22355159506722	2.954133025650852	27.73371165860801	1.4203178412172617	2
5.613805786689447	62.7426959435069	0.31046531968926183	29.28715300045665	2.0458799496577504	2
3.191683666171115	63.95417878089452	1.4373778639625034	29.258490848964495	2.1582688400073606	2
4.151556356012607	25.713139170115205	0.33580591878144833	68.804832815044	0.9946657400467391	4
3.122724439335909	41.02768571882727	0.1808424889998532	54.60394849016414	1.0647988626728238	4
2.0785708265162226	24.113648138296494	0.26358615082424586	72.37412706965316	1.170067814709881	4
2.6086709207971195	14.582098212364636	0.08945264552426753	81.07175679849587	1.648021422818104	4
4.044590574366865	9.324827684704436	0.02611533248829565	70.42579527955566	16.17867112888474	4
3.061150282506826	24.81564486287621	0.14454166258875803	70.92940023600862	1.0492629560195783	4
3.9596983034881723	55.0131239953661	0.15684164447721166	40.236603886308835	0.6337321703596714	2
5.139902051538203	33.666969100079584	0.07329732489547981	60.03476050753696	1.0850710159497894	4
0.950757470374935	33.58806025200991	0.07266639120238164	64.82927097253055	0.5592449138822265	4
2.335680324353146	32.423659069365186	0.06136007849211183	63.70369702156232	1.4756035062272184	4
1.963905417259747	52.1094316139577	0.2996004969441429	44.723084921513504	0.9039775503249118	2
1.7034667220542143	32.47687052442966	0.1025100758727111	65.17314499576115	0.544007681882271	4
3.2036132893685365	32.65821638994866	0.04954811747227561	63.59416827840807	0.49445392480246064	4
0.8574919136916149	39.36856134707413	0.126278950567799	59.075097178866386	0.5725706098000822	4
0.7316110347316463	39.10148347334608	0.11016796636030828	59.73883343800943	0.31790408755254496	4
0.7611640983289145	33.47611161028353	0.29036862301580985	65.20687166170501	0.26548400666672733	4
0.5230697595871928	12.002090067031599	0.1633560091551052	86.9575171242848	0.35396703994128736	4
1.0033580104275475	2.854792285729578	0.0036775807791217365	96.05005499738	0.0881171256837581	4
0.6680069763578012	3.04888555120554	0.04906197786431056	96.00971836378146	0.22432713079088584	4
1.8205777648194421	5.196584443769461	0.06336156294331725	91.95385334320054	0.9656228852672437	4
3.6820715232283314	18.99888214108662	0.13982043735406655	76.33750590583519	0.8417199924957869	4
1.826635090425435	44.446551669693854	0.3576800003947268	52.95036642128432	0.41876681820166306	4
18.639550215633633	56.08021844998166	0.6334497685721135	18.93499569720029	5.711785868612312	2
21.055643358473308	66.746627029269	1.2491665312881475	7.20893581335482	3.7396272676147	2
27.374580599577207	60.675006456784494	1.7320407923614594	6.3434233452831545	3.874948805993671	2
8.510015936535767	83.98910508240654	2.070934742591468	2.460373852431094	2.9695703860351403	2
31.038913229757732	59.405617623142035	1.1298033271919845	3.1827359466906775	5.242929873217556	2
16.7834192243135	50.91670937229971	1.646686929809687	5.497259734672499	25.155924738904602	2
25.394496256690534	68.8175925248816	1.404179613364294	1.5208565482686667	2.8628750567949015	2
25.63061604450781	69.8979216275128	0.7794687569881517	1.364580081192842	2.327413489798377	2
31.61822503554413	61.790794382350924	2.2004333251263075	0.6050657528633329	3.7854815041153054	2
25.945106790746514	61.60648941884376	4.310780822973482	1.7692446053863202	6.368378362049931	2
30.450878119947028	59.61307344118062	2.37239984937375	1.6278732608006177	5.93577532869799	2
5.486714824530549	91.0921021202509	0.3408857355401337	1.9407045548049822	1.1395927648734197	2
6.972407761113744	85.7404810388793	1.4436814299581209	4.344920055202907	1.498509714845926	2
18.896135879608345	73.0819376069992	1.0028072221214734	4.570090778063361	2.4490285132076184	2
7.9619512558669125	86.62088115702868	1.7079678386805912	2.501289835024228	1.2079099133995839	2
12.16054327497478	77.92054055951121	3.192263005310462	1.1796991712933775	5.546953988910182	2
8.867009605882645	78.15430587917865	8.66095794677768	1.1873350838289136	3.130391484332118	2
14.543730272191837	75.14546305317003	3.9569417014647135	0.41864782968980324	5.935217143483608	2
4.63655969926508	82.35873804643067	8.946030509734948	0.6346106817242586	3.4240610628450434	2
3.699545194029104	88.00364324001448	5.0381206079422185	0.48612990283552865	2.77256105517865	2
2.4833817674779075	85.10218392761654	7.094514626189076	0.6914765798862218	4.628443098830265	2
3.031697411218473	83.46862702324572	9.287563727180638	0.9681532229115131	3.243958615443682	2
2.1079261769180873	84.74552035079212	10.077131436989198	1.1031659879036033	1.9662560473969755	2
1.0532967062808016	79.47454180617586	17.535371787335624	0.29339814856745017	1.6433915516402542	2
1.7209040007315428	81.39946700251147	14.906698909635995	0.27276831176078775	1.7001617753602094	2
2.6956937351631844	80.18233366155508	14.630823529352838	0.6561045547389046	1.8350445191900033	2
2.025190671718219	86.659708549766	8.070379260202907	0.6035472860406179	2.641174232272247	2
2.283403126052488	82.47537721916424	13.570659319919795	0.38648444621306555	1.284075888650396	2
0.5630361825219705	62.4899359602892	35.85455266467737	0.19657602317021658	0.8958991693412404	2
1.0953453918406977	63.086745447395934	34.26761426154017	0.26051099713900655	1.2897839020842052	2
1.3302725581573587	73.47555421101558	22.994440039562505	0.1258565580292743	2.073876633235289	2
0.5359660386432515	36.96537398355966	61.445734192081225	0.04409475667115375	1.0088310290447142	3
0.3697581365173842	50.28760619514945	46.4696607436719	0.13145592239190215	2.741519002269368	2
0.5114394854760643	40.904675935770236	55.89898223509192	0.06600994453149767	2.618892399130296	3
0.378824637093255	28.990345020190084	69.44136744496761	0.052879311648099774	1.1365835861009492	3
0.4953847203183571	25.94865542276531	71.27812974725877	0.030036772390198887	2.247793337267362	3
0.3995724223399953	38.08505216014532	59.69270339928705	0.05188207863979195	1.7707899395878437	3
0.1476373029771521	16.301241042328915	83.00567428813453	0.02814327195833407	0.5173040946010473	3
0.1847505927739827	12.431778142193387	85.9968072725654	0.012280206333293981	1.374383786133939	3
0.18382081201613765	8.426943918014265	90.28508054229621	0.026529500926184512	1.0776252267471846	3
0.11492219523531416	8.349059902989248	90.95052853176574	0.029025663431838336	0.556463706577853	3
0.34562761783210083	11.192652953799179	88.18668744967444	0.026227323407345276	0.24880465528692056	3
0.1013113456526012	5.2750317271727525	94.52103778642758	0.011645371482619871	0.09097376926444199	3
0.16816045189691822	10.42764945050376	89.10498261081379	0.026089974081482482	0.27311751270403595	3
1.6673256807587609	16.454508442334294	81.41993855835035	0.05528636736358008	0.4029409511929976	3
0.19625072478118757	10.842876227948906	88.74122483483828	0.0456521995935543	0.1739960128380949	3
0.11760499389767393	7.743155858699076	91.98990303451248	0.022856502696761007	0.12647961019401185	3
0.1389827234976214	9.968385450981941	89.72456173995003	0.028443121964511913	0.13962696360588198	3
0.6660591334946834	4.709330171472711	94.48404888507947	0.02044368692241948	0.12011812303069415	3
0.10994771910703123	7.322130297996472	92.24471808162933	0.02548119177475675	0.2977227094924211	3
0.714508675422213	3.725572554447353	95.41828910621884	0.015210439300309114	0.12641922461128877	3
0.06904003184771373	4.969363954227487	94.7103441224747	0.011342051151341053	0.23990984029876034	3
0.09183160782404096	4.282328626862246	95.51062735082085	0.017579808862279018	0.09763260563059528	3
0.07333938119859404	9.705865054703517	90.06023510482609	0.016299394832088768	0.14426106443970863	3
0.07509028645008058	9.150511133390856	90.58621152261543	0.03218187168306276	0.1560051858605685	3
0.04627491768983489	3.699105723162637	96.1216178635879	0.012248271973203556	0.12075322358640991	3
0.021448170622413543	5.013078553380181	94.80522456286349	0.023060405778338188	0.13718830735557783	3
0.10460712813803463	7.304406539548308	92.28228011159011	0.031871628370102	0.276834592353466	3
0.013305819940821905	2.5428302591257936	97.12061453904602	0.003063520268073413	0.32018586161932033	3
0.3771120823652051	2.494870530410445	97.04271738567813	0.008725962778172091	0.07657403876804776	3
0.06496892876024714	4.903035419003663	94.86605308038236	0.016696587537265196	0.14924598431649416	3
0.06125838575948866	6.413862000491993	93.36886034834508	0.016345017659905387	0.1396742477435238	3
0.11779861132542618	9.895664928322272	89.82244489453196	0.039099391075849456	0.12499217474449399	3
0.049948418283488984	4.508282290291288	95.16111235997123	0.04962741942620847	0.2310295120277989	3
0.06587378975773545	8.341484539203796	91.28092128197251	0.06574229812936455	0.24597809093659925	3
0.22290761105943602	19.604450536496586	79.14300291437387	0.24328685239099226	0.786352085679122	3
0.03555128081819952	5.953452590320833	93.89237765411222	0.042874351886367096	0.07574412286239578	3
0.641800193647903	6.313055311479008	92.8184027076843	0.09609791620296539	0.13064387098583105	3
0.09084910476995711	10.983381055776958	88.56651711546678	0.15591192712900392	0.20334079685729303	3
0.0975819840099435	5.519093000084939	94.09096769970394	0.13614056915787423	0.1562167470433108	3
0.040046152548964487	4.248977978640664	95.56513111322771	0.041241344463091426	0.10460341111958348	3
0.2636704765207313	5.553533352873552	93.85650021118428	0.22697196969998526	0.0993239897214475	3
0.049310766097534056	3.6062284669423432	96.19475612476094	0.05700795222368356	0.0926966899755072	3
0.46912056617466763	4.751556551438804	94.51795470427436	0.03987940344718125	0.22148877466497294	3
0.017016679436570273	4.080542440106777	95.7365108331007	0.03886888628576184	0.12706116107019086	3
0.07602823306064824	5.400169440495124	94.19819763376438	0.060947214468728216	0.26465747821110047	3
0.018966923613623694	3.8030360523902753	95.94823460278654	0.02214745309130009	0.20761496811825964	3
0.02511515454668458	1.8633122269836715	98.0307328617584	0.015335036661562208	0.06550472004966457	3
0.07964439713186836	3.4063762344437714	96.36900347234328	0.025083303226227007	0.11989259285485444	3
0.18180501385995504	4.243608844362972	95.47472928516842	0.025286720559591972	0.07457013604904789	3
0.013826714794786848	3.792477593678683	96.06966725816778	0.032522873862796925	0.09150555949595118	3
0.17656107404811489	3.9612273588676423	95.71696125733071	0.0457756130613011	0.09947469669224057	3
0.03312615685733637	6.4991336147188274	93.09631786923515	0.08651150110970457	0.28491085807900074	3
0.0146579143313687	3.199224420077858	96.65073934369147	0.04391175403185466	0.09146656786747048	3
0.08001491519066978	8.56316418971601	91.16479519319263	0.04320029868609479	0.14882540321460053	3
0.07138927403719134	8.91119976351766	90.59138586832184	0.07123176423681617	0.3547933298865024	3
0.04959389405678877	3.298530649617642	96.48268502591259	0.04792663482029672	0.12126379559269666	3
0.04127795853680866	4.622976070986644	95.03345169401682	0.10527520175421164	0.19701907470551677	3
0.0552583057086439	7.285565923735082	92.18927703125694	0.2195383792061939	0.25036036009315	3
0.04651511274725267	4.8972542737481115	94.8377811039899	0.12419317286134378	0.09425633665341757	3
0.030913197999198092	3.8635211063782195	95.94644241689859	0.021961383484004914	0.13716189523998626	3
0.092483174403097	8.756424569897291	90.94194208992532	0.05743031394276518	0.1517198518315145	3
0.05916474626381146	4.760740541106833	95.10674933109009	0.0220988118327122	0.05124656970656781	3
0.06408993039247501	3.320153092970251	96.32663890867649	0.09306453488348841	0.19605353307729023	3
1.0881053017941895	3.399140292386015	95.34990883215816	0.055267191360172586	0.10757838230144752	3
0.12718207809073648	8.46272364749527	91.20545301818096	0.058437851311851814	0.14620340492118564	3
0.20668724555871296	19.580361742407533	79.39528710544666	0.21234700960556366	0.6053168969815452	3
0.08432622494691562	5.782312022986004	93.82010313154005	0.1280416675052273	0.1852169530218096	3
0.36019280923399005	3.839996350585453	95.52884827202381	0.054836377475947926	0.21612619068077407	3
0.07131222986728548	2.5027342700029007	97.2883513884343	0.042713418654300395	0.09488869304121282	3
0.13579685077674267	8.850893657572588	90.14700537713325	0.07132621764149595	0.7949778968759107	3
0.323863222034077	13.38434712770448	85.14743373622896	0.37781402511663525	0.7665418889158501	3
1.147164187246349	19.641083620248377	70.12143469739496	2.5199141872159747	6.57040330789435	3
6.355249311590979	26.869360720828055	25.552118662645622	2.369439409790128	38.853831895145206	0
23.105526207946372	24.365527553653934	2.7736454123655556	0.8740601460193913	48.88124068001475	0
26.952282931072997	63.171478293776	1.3806873033798497	0.8088174439036336	7.686734027867545	2
42.17777616785727	49.738600247197404	0.811281932491114	1.243636610876101	6.028705041578106	2
2.5414522806525635	3.800686894795423	0.08062222440309312	0.11627227544877859	93.46096632470014	0
28.334520997671493	15.974508293384362	0.284314359801796	11.002381436532293	44.40427491261007	0
36.16841603677582	48.38969006211523	0.6456104449901647	10.803665910707295	3.9926175454114956	2
39.75061457483772	39.93702482696745	1.7196781196381832	8.852498798338951	9.740183680217704	2
4.765555846572258	60.96461012450018	7.153559817807344	24.02229135690955	3.09398285421066	2
5.331054796988457	51.438882470906655	3.0784818247806673	37.28956742643398	2.8620134808902375	2
10.888778302306857	35.85246279233941	2.612066372569394	47.06672331666923	3.5799692161151135	4
3.4967712315645514	52.342993605064635	3.974906684235286	38.975558082149846	1.2097703969856948	2
21.493206068176395	54.22193372375607	3.0538549056975306	16.1442636725086	5.08674162986141	2
4.450681771198525	64.37079396698142	9.239368552267534	18.483182421019702	3.45597328853282	2
4.3597281179860605	56.0625581523252	3.856136881934804	34.064784353356416	1.6567924943975132	2
8.293288091464825	46.46782857491223	4.706636064702787	39.372573865168604	1.1596734037515604	2
2.278036896917877	45.56026966151335	1.832374865829319	48.996630659882115	1.3326879158573404	4
2.561336905497558	48.5392472068203	3.4479133194394147	44.42125965181806	1.0302429164246598	2
0.5863792621526962	17.357723895175777	0.5351528346896051	81.28588681879883	0.2348571891830875	4
0.6320871787282295	17.083765497490937	0.5306443699046505	81.60313444134925	0.150368512526919	4
0.1970214930811601	2.5817384109149546	0.0185559161214548	97.11858000937377	0.08410417050866527	4
0.1319244168043054	0.6679064661571374	0.003018969407828811	99.12908927048709	0.06806087714362404	4
0.09281242787113018	0.21402422942429128	0.0010384474853935024	99.62079973082852	0.07132516439064579	4
0.09203702562588975	0.1185561410517763	0.0003568930941051991	99.75723596022188	0.031813980006353104	4
0.11542307128974835	0.11179096399158389	0.0005439632840901985	99.71189798674993	0.060344014684651455	4
0.026879137946536492	0.1301403714658179	0.0010053407834722079	99.79138104176172	0.050594108042428254	4
0.022775572846952905	0.025633266213334595	0.00015030359886792746	99.89251168448865	0.05892917285218273	4
0.10420180249973963	0.0273358175035715	0.0001501742510467938	99.83301639603438	0.03529580971125364	4
0.18751535772006195	0.03668252250097162	4.560670657727714e-05	99.66336219752259	0.11239431554980653	4
0.3304664169143913	0.18408342847834636	0.0004967365162610557	99.16940136571803	0.31555205237296924	4
0.39465221924011334	0.1724649097499687	0.0003427036116260019	99.23268107459013	0.19985909280817038	4
0.04773410868347718	0.03253457923899632	5.848081287307895e-05	99.84525159124769	0.07442124001697074	4
0.11078021346493437	0.07007299506269041	0.0005058950861231318	99.66470052589	0.15394037049625212	4
0.1414452039494906	0.08094093448041109	0.0002805457387955443	99.61298470167573	0.1643486141555791	4
0.10759887569689786	0.07092607924915949	0.00022796967371822182	99.7375050325515	0.08374204282870337	4
0.16463495061477806	0.13023677522837998	0.0008012194059733808	99.50821793302772	0.1961091217231448	4
0.8234765934481341	0.6897581456154261	0.006555796825331239	97.97714471833591	0.5030647457752154	4
1.0637837444587444	1.2124517232371437	0.03561166345099319	49.3788909834894	48.30926188536373	4
16.916487694542777	1.8218790713380038	0.019497218874607897	29.383247900145093	51.858888115099525	0
42.05161744321407	7.664496912115265	0.1172321801963136	15.180560259657092	34.98609320481727	1
77.44385998818503	4.200959321917489	0.047153680831626445	6.984429514085759	11.3235974949801	1
43.05311869529397	30.56535015097789	0.0798533420931246	20.637740309298593	5.6639375023364105	1
40.49412124434749	30.813545328997012	0.0584192052705137	25.644814242025333	2.989099979359654	1
14.775774976512778	66.727038599928	0.09687520094103622	15.74170732516776	2.6586038974504227	2
6.211516281261345	75.85596296743815	0.07526455522307021	14.85300258931392	3.0042536067635206	2
23.09307997497489	63.85630757349975	0.07101066011784282	11.21394664457596	1.765655146831569	2
6.5052559247815	89.26484217019431	0.0929803075629431	3.5847281262362403	0.552193471224999	2
16.582946067564343	74.61796092036275	0.15906283851059194	7.319626023316387	1.3204041502459334	2
12.49278064989516	81.49962350803715	0.18468664389474518	3.6361876254815804	2.186721572691373	2
12.976316670349306	80.39576256053364	0.35548025097808816	4.753308647675015	1.5191318704639574	2
14.977134986371295	78.60486448467913	0.17802637950291247	5.081268006733654	1.1587061427129997	2
9.3538873969882	87.03100510319437	0.26097026945377005	2.61004710907497	0.7440901212886879	2
7.65364513769839	89.963152842624	0.39365334820036607	1.2114298792610274	0.7781187922162196	2
15.41827885957446	80.71421100044391	0.7297197835426382	1.4899075162579984	1.647882840181005	2
7.435349383902887	89.46103242242614	0.5002052437887088	1.1301366202464624	1.4732763296357974	2
7.903703073665939	85.95996941173856	2.0958784028122954	0.9100619694992164	3.130387142284001	2
15.018771440571294	78.75394086091954	1.6524253586206374	0.9490894183763643	3.6257729215121453	2
16.01968580914845	77.16848045135521	0.624821427034637	1.0794301600594782	5.107582152402216	2
13.53720663313711	81.22597153254577	0.8619413710281043	0.965550367948755	3.4093300953402537	2
20.30942634931129	72.37525207355893	0.6197036802994983	1.7204919911950975	4.975125905635191	2
11.678580988951063	81.96609030777482	3.4948775236383955	0.8755593391974147	1.9848918404382976	2
24.83062225560488	71.85807823585813	0.8574221439356495	0.9311327965107385	1.5227445680906053	2
10.32766719535407	84.69683489687681	1.7782762247100834	0.4897222548076575	2.707499428251381	2
8.853528376045066	86.88144603908226	1.6706566129051958	0.5450985607117227	2.0492704112557525	2
2.746983091647662	94.12698402247763	1.6047057486782998	0.1138726787501008	1.4074544584462994	2
9.139207036614373	87.12212895345063	1.661510132342548	0.21264113879425872	1.864512738798216	2
3.1312083529865204	89.59221193311625	5.477188226464191	0.13403592137064532	1.6653555660624149	2
3.6903277525912084	91.5491909830161	2.9278198939497835	0.09258320297667988	1.7400781674662154	2
4.058987991861552	88.4818379063605	2.7645951740306454	0.13425988223282467	4.5603190455144755	2
7.44702697852534	84.22194442891296	2.900325547694664	0.18826953393093776	5.242433510936072	2
17.5366741322142	78.90910869304668	1.8213580557928852	0.22743724098542983	1.5054218779608106	2
11.62239778386938	80.5553055647313	5.1144926848226255	0.26074446587563394	2.4470595007010614	2
3.4356671675925363	92.89747993543271	2.6405020709298976	0.09381023873261762	0.9325405873122404	2
2.8668602764011832	89.68543784044279	5.969259117806678	0.20616906878591643	1.2722736965634205	2
6.705520107323062	81.08365694989828	7.518393483453339	0.2372395926021293	4.4551898667231695	2
5.939432401104818	84.1039596596641	5.9158332159162965	0.07574868227742064	3.965026041037367	2
8.030458080952222	85.0717965575706	2.491594578985435	0.24763986799976523	4.158510914491994	2
10.670104391019704	82.97808113951338	2.6927619565076126	0.19621761927607037	3.4628348936832323	2
9.809427045438389	77.69821328699457	3.827348883241071	0.3753153944229484	8.28969538990302	2
8.598412758200165	86.00316317142342	2.7773921718976005	0.29062144998719536	2.330410448491624	2
2.831246493964622	94.43240060144305	1.039199819030965	0.45670378039980575	1.2404493051615735	2
7.319650815609618	60.85529172437811	0.7059886065614692	1.053685518496676	30.065383334954138	2
6.886361003667623	2.8129119200390287	0.04918499041690651	2.0993195845529873	88.15222250132345	0
18.31091037473115	75.40835225687519	0.11682167711824705	1.9575351509281893	4.206380540347217	2
12.30327907652131	85.48891429728029	0.2904381451257029	0.5697936564389658	1.347574824633722	2
6.400293337643968	92.18209253705044	0.24048460384451228	0.5689948457635025	0.6081346756975674	2
13.616089746131813	73.90796697662358	0.34172278843937526	7.704658167656644	4.429562321148581	2
3.4434208828524273	93.49153278936566	0.5064067395915665	1.3695462895725616	1.1890932986177813	2
0.9499779456570903	97.81491833479036	0.3169443640447063	0.18235775443755814	0.7358016010702773	2
1.6197866172038733	96.21285707554848	0.37007490870458093	0.20694849724481001	1.590332901298231	2
10.514276741146242	86.89787417328671	0.38924323552965745	0.42371445154173304	1.774891398495639	2
3.8575524879289764	94.20559420862308	1.099979651989454	0.13958194302515364	0.6972917084333089	2
2.9907352847377258	95.67083473703588	0.6876610732440804	0.25089861060616236	0.3998702943761418	2
2.157971250148654	94.7896335500518	1.8935212449459338	0.23197987432175518	0.9268940805318423	2
3.3443114691662603	89.48528308077886	3.379656559152329	0.33846441166616514	3.4522844792363774	2
14.468602961220734	82.69087690054437	1.3302771781034535	0.4642428447127576	1.046000115418673	2
3.142108574219763	91.90997361414873	2.8528091192238425	0.3484884515035485	1.746620240904126	2
1.4999561309972014	95.94826141138405	1.9497658084392273	0.062402198644767475	0.5396144505347716	2
5.746876406667721	91.26532456215533	1.822635369684138	0.12499514125291099	1.040168520239901	2
3.0125371856847556	93.08762097513325	3.3673011140700435	0.04075006000144769	0.4917906651105271	2
3.915039900313854	90.86849417042869	4.366410442493198	0.10169736579053565	0.7483581209737233	2
1.8733447463390114	94.16553126952965	3.0279960208544225	0.04405077769019021	0.8890771855867433	2
6.503850464280525	86.92560249154712	4.755705401253507	0.09657017321574814	1.7182714697030896	2
10.927886550071433	83.59945477422178	2.603996122696968	0.1634297829370043	2.705232770072824	2
8.215555595919568	88.17939760216204	2.1415921905069655	0.08041729863810018	1.3830373127733089	2
7.63982656096064	85.63259498895643	4.480942510514804	0.22507115525865154	2.021564784309477	2
5.881274463147001	86.83497205087802	4.822664508047306	0.1489398441431086	2.3121491337845588	2
1.7552383584310234	89.76455673207879	7.117297250510525	0.06014910525111377	1.3027585537285498	2
6.182620744719234	89.12676727012916	3.5343641288521654	0.10032628221608172	1.0559215740833305	2
