N1	N2	N3	R	W	anotaciones
0.0001505947158894819	0.010101855414736755	0.003277000655594354	4.49073489337031e-05	99.98642564186486	0
0.019384666397263366	0.0055814728695701725	0.0002742696355756097	2.202333395636796e-05	99.97473756776364	0
0.007699526681387449	0.004386969823705034	0.00014756489538381756	0.00014176274680614346	99.98762417585273	0
0.014494422534144189	0.011299705069678546	0.0006171854141381217	0.0007749935808214537	99.97281369340122	0
0.004121583918154107	0.003917219255942781	1.2296520012424118e-07	7.838826872026759e-07	99.99196028997801	0
0.005828315550296589	0.00514980898419124	1.9803975564525813e-15	1.2515542420605915e-06	99.98902062391127	0
0.00011328170708653459	0.0005348381387483252	1.8080668843878614e-16	1.512947634739e-07	99.9993517288594	0
0.0004169540004119211	0.001797193752122942	1.016988870224113e-15	3.940092000246903e-07	99.99778545823825	0
0.00230550693530385	0.00839263199943223	1.267574010260503e-15	1.4975454391901987e-06	99.98930036351983	0
0.15749271470130952	0.06474079232079535	3.2926223161545714e-241	0.00021588305907675642	99.77755060991882	0
0.201738035297385	0.06850837023160514	0.02097954808225377	0.00042804076027834964	99.70834600562847	0
0.015490595403894846	0.0015944141204530498	0.00020099994448921656	8.043697436560731e-05	99.9826335535568	0
0.002567062551199229	0.0012636852491028122	0.0002091427772399434	1.3258021095952295e-05	99.99594685140137	0
0.003997215032492905	0.0014778179695900957	0.00034215820052951494	3.6015465604609006e-05	99.99414679333178	0
0.03379783352967444	0.005078355479349981	3.70773055827867e-05	5.999072334652582e-05	99.96102674296205	0
0.037104704520469545	0.007942434752757516	3.4102925585345896e-05	3.042075639261114e-05	99.9548883370448	0
0.044695841248646354	0.019873517265329214	0.00019217254197754016	9.916271481280603e-05	99.93513930622923	0
0.1324758256737622	0.07280792156901462	0.0002537443364289422	0.00021951439343573394	99.79424299402734	0
0.22386741334781765	0.06283179310519123	0.00013287785401402784	0.00017441794461595973	99.71299349774837	0
22.426030462398387	0.03746994342279023	0.00015674200258585018	0.0003596521649585894	77.53598320001127	0
0.058928663495325315	0.01317230390743386	5.712657677944897e-05	0.000260562982809418	99.92758134303766	0
0.18822314166259077	0.05101532304380549	0.0007487283293714807	0.0008827224829918765	99.75913008448123	0
4.614727837851594	0.015037470143303255	8.881195038834025e-05	0.00019369179766937607	95.36995218825705	0
6.4075748650515045	0.01198839333490228	6.455304472212058e-05	0.000222734511798054	93.58014945405706	0
0.359662737722691	0.03610206426592996	0.00024806475165591426	0.00030453920966502486	99.60368259405007	0
0.5297238892026813	0.047960350733861234	0.00023797812883738	0.00031419130708677155	99.42176359062755	0
1.1259017537932388	0.03757420786952847	0.00027650960435200245	0.0004957032793706897	98.83575182545351	0
0.5847782588583369	0.036546453653370024	0.00015310214667984745	0.0001426937696878626	99.37837949157192	0
0.30755234226674283	0.02977074296509345	0.0001387854977960926	0.000601317224249743	99.66193681204612	0
0.5513953833123275	0.030240601360483874	9.142802457169736e-05	0.0002783133089613918	99.41799427399366	0
0.3346373441036123	0.0164936899787774	5.064795798678313e-05	0.00044629350911249706	99.64837202445051	0
1.3297037915306305	0.03666043552292275	0.0001095057382110758	0.0002328035310919567	98.63329346367715	0
9.565452292458057	0.12443506694189625	5.761507266747197e-05	0.00176626197323314	90.30828876355415	0
21.547350773168002	0.5683054610766637	0.0006249137351296512	0.004293114063063507	77.87942573795715	0
12.967861894323931	0.1785606540607172	0.00031216416846995763	0.001223294335387369	86.85204199311151	0
65.45684622439933	0.7409733062707661	0.0012264448217041582	0.005297935809295243	33.795656088698905	1
26.633721086508753	0.3825519132838888	0.00032587291152805253	0.0025543202781059893	72.98084680701771	0
85.92203763293787	1.1734299120306082	0.0008461590164711397	0.0028143506256631144	12.900871945389392	1
67.78495333145487	1.1591287905999936	0.00109880143722361	0.003051854692573042	31.051767221815325	1
80.96838035994608	8.847251899784009	0.009699528567494066	0.0039067825264691245	10.17076142917594	1
52.88267718976433	44.7911791915432	0.07648254287951002	0.019425295559696572	2.2302357802532584	1
61.85720588929012	27.42473122893405	0.01272014315272503	0.07107522535408368	10.634267513269	1
44.62332462430947	53.29363511436108	0.11197663313631838	0.11095991631960744	1.8601037118735235	2
18.21290771662477	79.48916504990768	0.247364807432411	0.638826967838252	1.4117354581968686	2
8.721163309121206	89.61063261116375	0.6259320613354262	0.37222963487310584	0.6700423835065032	2
3.955608596470052	94.02653912234548	0.09767423102424123	1.3722553652932667	0.5479226848669593	2
11.07122238029146	80.54887612305586	0.21249232371531998	5.492440841426347	2.6749683315110273	2
4.720513156345145	91.26496294061832	0.6159647626910112	1.37415260204228	2.024406538303256	2
2.828147673245969	91.6016844617078	2.0548359847105004	2.493134624870633	1.0221972554651098	2
7.161201124799245	87.2744224175813	0.08476004080922807	1.5287656993403862	3.9508507174698324	2
11.11513606044216	83.88936391789217	0.45472980381294675	1.878190585059064	2.6625796327936513	2
0.7642271125089608	98.32540125497252	0.3135086116523821	0.1316101185450028	0.46525290232115063	2
1.0803204512415918	98.03245404118907	0.4134462210446425	0.08313686753108027	0.39064241899362206	2
1.916048313451322	97.05214184763108	0.5949387611242332	0.07321154049456947	0.3636595372988125	2
0.11065003917447132	88.71889416999336	10.96929365196518	0.005822913027666691	0.19533922583931315	2
0.28356238732589756	98.33368267392652	1.1843817528054361	0.002989447940471749	0.19538373800167272	2
0.2625861282145678	96.96445240113354	2.5914642979198357	0.0017849661956345832	0.17971220653641273	2
0.2619035124380094	97.79435874148892	1.7257912893164882	0.0007583193651068605	0.21718813739145595	2
0.25479451534533104	58.745344097886765	40.47332208333623	0.0016918405992779393	0.5248474628323965	2
0.39424014523365936	57.94387884573151	40.864536279055216	0.001811477842864967	0.7955332521367526	2
0.08135945684785074	41.604165113542884	57.83448021121117	0.001853906801136164	0.47814131159696255	3
0.11725461773323016	39.151664490858415	60.22676228291295	0.0010721577601318817	0.5032464507352632	3
0.0766129638137917	19.09915361269699	79.14781590999839	0.000940079217187995	1.6754774342736507	3
0.04701146756508377	25.43927678148356	74.00786887698118	0.001187311926541226	0.5046555620436409	3
0.0423720246338529	12.275657712650386	86.24952820314881	0.0009856869128999834	1.4314563726540637	3
0.06262490830004026	11.930839142657135	86.05697554404374	0.0008187093500261226	1.9487416956490562	3
0.030297884729456704	6.752622018463171	90.37720715027862	0.0007852366496670181	2.839087709879121	3
0.09803632852085488	11.926421075216913	86.46490228548942	0.0017377598632068926	1.5089025509096237	3
0.034068844070143475	4.908681907800951	94.06636784473899	0.000610406759066915	0.9902709966308465	3
0.060590783181395644	11.03699176591573	86.94282401162232	0.000567169045597535	1.9590262702349328	3
0.030823248845813334	9.719147749317447	89.9082323436916	0.00034623388429185685	0.34145042426085637	3
0.021008856081355807	11.848570332516456	87.41296017342935	0.00024948022584666375	0.7172111577469799	3
0.008005016127803676	3.3519329748454565	94.97262927451278	0.00012924354255918413	1.6673034909713966	3
0.01125171141596535	3.4558297239268656	96.42442038664844	9.524440268218397e-05	0.10840293360604267	3
0.0046081066906024214	0.788211894398464	98.37417781156883	0.00010291554906113847	0.8328992717930392	3
0.0036780532119347685	0.7087588899983915	98.7649101367146	7.957284831905095e-05	0.5225733472267466	3
0.0013981099807369825	0.45719151257926016	99.17411345052928	3.9604229583261225e-05	0.3672573226811303	3
0.002484775785983288	0.1484667655526008	99.53048873519205	5.958422068653269e-05	0.3185001392486897	3
0.0024039769842516376	0.15500961535026075	99.3392753291959	4.86098117183591e-05	0.5032624686578733	3
0.0010479418365598758	0.18792456584181136	99.44071285764389	3.8258580270394884e-05	0.37027637609747166	3
0.0013317224257545805	0.13729159417790493	99.24377821607446	3.078787872402284e-05	0.6175676794431426	3
0.0005975971529299771	0.10816749122383178	99.12737661646	2.3159853527909364e-05	0.7638351353097296	3
0.0016309792677279447	0.07167259182697176	99.48456485938296	5.2126880332153876e-05	0.44207944264198645	3
0.0017538525533936132	0.057006355229018896	99.81782765223568	5.1687760156686e-05	0.12336045222172362	3
0.007628368191750353	0.18274046032664115	98.5131973506704	0.00011777130890250679	1.296316049502304	3
0.004690558286394833	0.14768786628395716	98.92631476734613	8.778915619960982e-05	0.9212190189273353	3
0.0021783338123374358	0.08888604648342881	99.37176622670705	0.00010250120635375285	0.5370668917908191	3
0.002396624197092274	0.06281125374823626	99.82569259679222	6.332698744112222e-05	0.10903619827500935	3
0.0011739928460638407	0.0644313651113297	99.85790811011054	3.9082117739456005e-05	0.07644744981432079	3
0.0013497968051664718	0.07345867890951316	99.31666177142465	3.4046503388058104e-05	0.6084957063572841	3
0.0010739667306025468	0.07817121972653354	99.23202842788407	3.301666094748889e-05	0.6886933689978305	3
0.0007048801075940484	0.047169709286610455	99.80334294444992	5.384443487107257e-05	0.14872862172099968	3
0.0015631255933065298	0.055847246132699695	99.75569435810282	7.421623609792903e-05	0.18682105393510853	3
0.0006596775412819641	0.07669309276182021	99.34297821285675	2.5945587432750622e-05	0.5796430712527072	3
0.0010944360467230994	0.05548689187060104	99.80574593504824	3.2242585858139996e-05	0.13764049444860083	3
0.001185102774587948	0.05255228340862811	99.82951800694534	5.6946571766009714e-05	0.1166876602996814	3
0.001344081194768541	0.0638388640938214	99.44167626434815	3.07494379361927e-05	0.4931100409253323	3
0.0010495915983341874	0.06135632576402651	99.76659833115832	8.607151611713637e-05	0.17090967996319611	3
0.0015108720414157156	0.054521572562363715	99.15434887102523	3.889494319160713e-05	0.7895797894277977	3
0.000642960808203756	0.037125305680896614	99.7963524942706	6.614228876739501e-05	0.16581309695154725	3
0.0011865593405582136	0.04832160484904552	99.84204311023154	0.0002392622121750089	0.10820946336667599	3
0.0034017310154089643	0.06948736564291286	99.35248227331755	7.173021599762771e-05	0.5745568998081259	3
0.001445702876167962	0.05113212189344953	99.85081295383434	5.9575002237939405e-05	0.0965496463938016	3
0.002666393246556224	0.09541694443172319	99.81891151722986	0.00012061051910414469	0.08288453457273903	3
0.0007540505550011201	0.046046149848822604	99.3118937356442	0.00012714844918028552	0.6411789155027878	3
0.003694258459483966	0.10862359684500214	99.58154484703614	0.00012015823613875442	0.30601713942324343	3
0.0026903572373645893	0.18685142541097555	99.64343013634335	9.382290801438726e-05	0.166934258100294	3
0.0011193611632235607	0.05376728080920056	99.84317456699755	5.802468930578372e-05	0.10188076634073226	3
0.0012589083214747901	0.09844579038468335	99.72809160291925	0.0001112183941642454	0.17209247998042765	3
0.0012544962143736776	0.0890766299091219	99.74824490147721	7.716131082854647e-05	0.1613468110884761	3
0.0021004567204447686	0.07171813796989063	99.67439873118965	7.837924190602855e-05	0.25170429487808044	3
0.001181128072427211	0.06780207915142836	99.6999186725334	6.909598659567166e-05	0.23102902425615582	3
0.00162974891058656	0.044333313815874714	99.85301372877113	5.7995765940401784e-05	0.10096521273647227	3
0.0027412884660933568	0.11922304793025845	99.1371281991919	0.00019011731415682868	0.7407173470975951	3
0.00527392978092992	0.10298612549320038	99.73370439237716	0.00012705283414596102	0.157908499514559	3
0.004398890336150372	0.13549723038188416	99.72831166880121	0.0005616647629572991	0.13123054571779189	3
0.005033864689128024	0.0988974495820054	98.29157111429471	8.81520376949601e-05	1.6044094193964642	3
0.0021047592851946976	0.10077429251918599	99.24206754795505	8.737148074237699e-05	0.6549660287598233	3
0.0010867021150140815	0.08316040556542333	99.75514875462302	0.00010822768279542604	0.1604959100137355	3
0.0012575452437641988	0.07780159832581385	99.61210325182442	7.854771011429825e-05	0.30875905689586264	3
0.001807506365354795	0.08920123300578864	99.79459085041927	0.00010597094056738672	0.11429443926901835	3
0.0007286298091625582	0.10545983353716266	99.65115334970237	5.1905783641199097e-05	0.24260628116766647	3
0.0013653137075424829	0.05236650252394418	99.887196763255	6.884984629363575e-05	0.05900257066721465	3
0.0020319599583385776	0.07424342932337308	99.84176101581554	0.00010695831188421653	0.08185663659087339	3
0.0018900302835090275	0.06307855438467573	99.90504209309081	7.232873153354414e-05	0.02991699350947494	3
0.0015929672370912818	0.07027166786772349	99.8382543494433	0.00017502808868429583	0.08970598736320319	3
0.0023652414235646566	0.18656723393794047	99.44318867540551	0.00010544355025801263	0.3677734056827445	3
0.0010492098612862567	0.05586666658700831	99.91533912548462	0.00010193088186836064	0.02764306718523352	3
0.0012345668679949724	0.08008492214338518	99.77684598601073	0.0003162607064428346	0.1415182642714628	3
0.002412104195468473	0.18077275575453744	99.71441914666738	0.00032622344730731337	0.10206976993530345	3
0.001703137750155438	0.11867012247066616	99.1095200312184	0.00010607916581690639	0.7700006293949587	3
0.0029760459897969875	0.1736034305002218	99.4938373438575	0.0003839771387354379	0.3291992025137358	3
0.0020437060787308822	0.08052685753887055	99.83240088493956	0.00016222462796479983	0.0848663268148578	3
0.001711918669582761	0.12459876471345545	99.71134362817105	0.00019781278956193386	0.16214787565632383	3
0.0017662152930398045	0.15462506025692618	99.7228490719396	0.0003357603233512878	0.12042389218709663	3
0.001703792631807124	0.09459274169616551	99.781695751898	0.00034283525039980944	0.12166487852362243	3
0.0025304546509529948	0.14258469222763862	99.22743985155799	0.00038259128147895635	0.627062410281952	3
0.0024818799105034853	0.21866634755723144	99.28019197370949	0.00023741090892545247	0.4984223879138519	3
0.00226758478860641	0.14288587678689604	99.76354565388986	0.0002563280592041267	0.09104455647542627	3
0.0012982859642402395	0.09553210014881838	99.76240887158899	0.00023188408236085806	0.14052885821555863	3
0.001588652235626912	0.12871137017599607	99.46059669464137	0.00015894019597621794	0.40894434275103203	3
0.0027764003506038147	0.1278530536417298	99.65276932304822	0.0004155180712941331	0.21618570488817276	3
0.0028056438736090367	0.136321805803791	99.74122717799308	0.0003728241331820222	0.1192725481963437	3
0.003826136798487386	0.11638613231306186	99.64248306922148	0.00041337222615502614	0.23689128944080784	3
0.002966473827564548	0.10299433979008997	99.08138281234744	0.00023002022124149986	0.812426353813668	3
0.0036438686050530235	0.21816741911952556	99.56220884996324	0.0003925488315915894	0.21558731348058888	3
0.020055217501502725	0.5754821421785359	98.61327931500077	0.001564454358694939	0.789618870960492	3
0.016462596332398396	0.4923874155079909	98.47323293747485	0.0020304329355660816	1.015886617749195	3
0.02681161944584179	0.5432146352435249	96.9168969294847	0.002902463200738527	2.5101743526252154	3
0.024610253737524755	0.8194464399144846	92.8257923121056	0.003008853578086776	6.327142140664313	3
0.049157152711536124	1.8921057846133553	95.63705331487209	0.01568549259209325	2.405998255210928	3
0.16199760769858745	1.0417960277175538	0.590476919315432	0.010101508609007763	98.19562793665942	0
5.38676770885024	83.28975342264513	5.387822902876483	0.06792010312077243	5.867735862507361	2
2.792442738699457	91.5738637877929	3.2495567343503944	0.02130091986993406	2.3628358192873145	2
0.9068892076893575	50.165376488650615	47.92052745829991	0.029973930335514046	0.9772329150246069	2
0.16333017613377743	72.93270263665984	26.589579732566175	0.019149643733323705	0.2952378109068735	2
0.06170053542301712	34.08543975819197	65.65644044245195	0.01548125721868061	0.1809380067143727	3
0.22238394002889847	67.2587941132372	32.19521105876751	0.034505372698271815	0.2891055152681177	2
0.14316942369727523	31.444561796110875	67.78451342744398	0.05637966521535955	0.5713756875325032	3
0.47221601071773284	33.88668884430933	61.45615024176303	0.13657568124111188	4.048369221968782	3
0.15476083349705386	64.64190362740221	34.912003064709914	0.017229128741483357	0.2741033456493291	2
0.17197202705751016	50.24902553443555	49.28711730059776	0.034062992028339505	0.25782214588083124	2
0.11264939517248197	78.98570687973353	20.545669570271908	0.05794339195216958	0.2980307628699107	2
0.027972857949735964	31.389757629843295	68.46739945330818	0.020927766571888676	0.09394229232689744	3
0.05437204509417838	22.149838079288788	75.83039604447023	0.051595955555869745	1.9137978755909453	3
0.07963556142492381	19.60426724204439	77.9209598883425	0.16419834738278546	2.2309389608054073	3
0.05591810595972184	26.288162623501858	72.70186871413166	0.07292023981150003	0.8811303165952595	3
0.14097929368110584	30.180809153178874	68.8633822362888	0.11827733514783866	0.6965519817033843	3
0.25906049748047666	61.887048682554415	36.50364968582049	0.2345757487310644	1.1156653854135568	2
0.8708920603810937	89.33347998517195	8.148788342206359	0.8468751754512545	0.7999644367893441	2
0.8466997201966664	90.1116562902107	6.771609418291844	1.0175898759915096	1.2524446953092696	2
0.4749636722766635	82.09873959736485	16.324543046012476	0.596215038647575	0.5055386456984218	2
0.3897422988085783	97.1982494841026	1.2724158037217577	0.8872493613035606	0.25234305206349805	2
0.5307016129298343	86.65599666221773	11.439195800195712	1.1192350821691572	0.2548708424875553	2
1.1749408925780358	94.19363587763368	0.6052821617539715	3.3891272808351336	0.6370137871991742	2
0.5086110511224765	97.83211645087648	0.15713350524924627	1.3345596003884646	0.16757939236331718	2
1.5649336907730491	94.22866600488415	0.406535886292709	3.247581076239209	0.5522833418108793	2
1.2124756402984433	88.8222523093488	0.2555402896484829	7.988166204947397	1.7215655557568723	2
6.3863495158177255	59.39957376625327	0.3777226605726816	0.7647721834884563	33.07158187386786	2
10.792895785614949	87.43827193889774	0.16684312461552317	1.0173517898898705	0.5846373609819144	2
1.1273931036950888	96.04179794289894	2.494716345591197	0.18434372714043049	0.15174888067435444	2
1.8686243838963958	96.76380342680442	0.7359338510077267	0.37460206621681236	0.2570362720746468	2
0.3285562949560546	98.48419412565428	0.496180304623564	0.568398345761519	0.12267092900457566	2
0.33505422320440953	92.71000932935178	5.971238154915424	0.8558332277249672	0.1278650648034161	2
0.3744179495564821	98.26478288838095	0.7839558825498423	0.452772536000452	0.12407074351228696	2
0.1789936561245699	91.936200235784	7.071432711501416	0.6399308485640469	0.1734425480259875	2
0.10020862830209462	95.04239415451431	4.605269723136023	0.18407879107864583	0.06804870296892933	2
6.117901254209399	70.96019743852158	0.7625825079919349	0.49731042615042576	21.66200837312665	2
1.652974090998277	97.32009247417109	0.3818547909536096	0.18359468704747586	0.461483956829528	2
1.662286070610465	97.82955667471754	0.1487961291809896	0.1291415708798613	0.23021955461112348	2
2.361446043948725	96.37262656308954	0.6322366292649528	0.34825754385593893	0.28543321984084485	2
1.4375234166256896	96.24406733703891	1.5725513057780731	0.4337316883578941	0.31212625219942064	2
0.4490794545687413	98.48106862296292	0.8928252574848463	0.04352177159717721	0.13350489338632202	2
0.38015796066661345	97.84888800325015	1.5836148173276121	0.028310306008945366	0.15902891274666622	2
0.5870583738866237	81.55892935365469	17.51808983608036	0.04336218043797104	0.29256025594037405	2
1.2484854486152466	80.29001186589142	17.61788907112439	0.09268637014973187	0.7509272442192045	2
1.5847464503180908	80.90803159873474	16.841593553958695	0.10783382841117858	0.5577945685772878	2
2.577446014742192	84.70104715533682	7.674051473435684	0.052781649603572595	4.994673706881722	2
2.320056815771767	83.40542636807923	9.923932215777512	0.027869735050892862	4.322714865320609	2
0.797212823247636	57.02039267358252	38.13774966147654	0.014219024897096219	4.030425816796203	2
1.9378856826693638	82.85012584357443	11.681891310199466	0.01149700086993644	3.5186001626867878	2
5.464145601484423	77.80489461888786	14.579407288122523	0.02276679934338066	2.128785692161803	2
1.8883955973585906	69.19659179359411	28.360098632998763	0.006860802043974249	0.5480531740045562	2
1.387459901122805	56.77269306650808	41.19694083789773	0.010393837133831026	0.6325123573375488	2
0.2125094143125604	23.1133873446005	75.4136877258884	0.007606606987522266	1.2528089082110399	3
0.07230246155045054	8.267597967970186	91.22412457996066	0.0038407817271278242	0.43213420879156883	3
0.14119603318694746	9.48573592025627	89.85669332676012	0.0019553270982522156	0.5144193926984059	3
0.012844382233916207	2.0840397366039003	97.78614046746122	0.0013557351113640526	0.11561967858958234	3
0.008318353044205263	1.995331034285904	97.82903187055511	0.0007645086068770807	0.16655423350788928	3
0.007326760000414788	2.656511892650034	97.3004072819868	0.0011781705967387189	0.03457589476602609	3
0.0025692592877728623	1.1302329937357058	98.80058767740549	0.0002706674474901811	0.06633940212355657	3
0.0034088889993710274	0.7841507546452969	99.12475300066285	0.0004971462494826914	0.08719020944300024	3
0.004044707025807603	0.6155070536851752	99.2775811600832	0.00038955405317250586	0.10247752515262888	3
0.001925064936212817	0.34816514510673235	99.60041146953323	0.00030003903911885317	0.049198281384709594	3
0.0012987260578539513	0.5081384608441533	99.42032120118819	0.0001918639367294404	0.07004974797307349	3
0.0011566773149573094	0.3307401242440915	99.58306777512495	0.00033095476396088615	0.08470446855204924	3
0.0010753510313121193	0.32218088887128077	99.65615212715716	0.00033093977045136144	0.020260693169792905	3
0.0018268561414429715	0.2776571262440055	99.69352401558066	0.0008664006489770978	0.026125601384908482	3
0.0036034426604144598	0.4033796548250278	99.48947204248499	0.001355235150545251	0.1021896248790351	3
0.0013919687268890736	0.28887443395953893	99.53528279234439	0.0010743298186678262	0.1733764751505134	3
0.0018051251303434364	0.2544535330457425	99.41037610397156	0.0008285042318702225	0.33253673362050545	3
0.0016856637729849163	0.19660242070378528	99.76521567619231	0.001272894002329835	0.03522334532860764	3
0.0018047351577006269	0.31185074142312025	99.64447454422337	0.0007127432258047196	0.04115723597001121	3
0.002711465469797317	0.510486920216847	99.36797600051767	0.002396624726002377	0.11642898906967564	3
0.0017979222106328774	0.2522274008655059	99.63502229609377	0.0003659955486404175	0.11058638528146068	3
0.0014312487708332588	0.26273029193207575	99.703444152756	0.0006944157633848068	0.031699890777708614	3
0.004804957016326723	0.4895239224207784	99.45120994699514	0.0008294104850498828	0.05363176308269278	3
0.0021502812073694215	0.37308864443338474	99.48794698659209	0.0005609187707940247	0.13625316899635603	3
0.0024835633036172805	0.2666214193785291	99.68773277156515	0.0003031244240734579	0.04285912132865225	3
0.004654618852139254	0.23683966035620602	99.72540015386512	0.0002937025948391292	0.03281186433169228	3
0.0009032534553915533	0.06841285823622248	99.86510004909984	0.0001575731361812302	0.06542626607238669	3
0.0014501179016429382	0.26961901056681326	99.70638473711129	0.0002421156368448481	0.022304018783423793	3
0.00117392873481797	0.1862997387716566	99.70305097163218	0.00034172706348104605	0.10913363379784864	3
0.0004585595639488704	0.10724386533431404	99.8584752552167	0.00026320290912914006	0.03355911697590046	3
0.0018727216276911358	0.24835361148273097	99.71450391920193	0.0008672105553891573	0.03440253713223886	3
0.0008102888215447454	0.15605220779935144	99.79171963875807	0.00010492199701031276	0.051312942624041576	3
0.0007028209545179211	0.14099071743564018	99.83383792903018	0.00041803466693678565	0.024050497912726797	3
0.0006524436116111769	0.15164966690509302	99.83073418146532	0.0002178506353604724	0.016745857382621344	3
0.0012587884434659496	0.1593037555949694	99.82059739776076	0.00041584781478220037	0.018424210386029653	3
0.0014484822062951139	0.11796984168177017	99.86507501963293	0.00018294093707473116	0.015323715541936588	3
0.0016325369610671124	0.17506407661284368	99.80759688671222	0.000259719572455101	0.015446780141433494	3
0.0011151195472612473	0.1024185227398655	99.88284507413006	0.0001742567544775622	0.013447026828331996	3
0.001856219833086163	0.13367050447395576	99.85415441616206	0.0002667450944887043	0.010052114436391995	3
0.0008108240891820065	0.16895704491189859	99.76730624040775	0.0001300251260920406	0.06279586546507136	3
0.0012492167987887563	0.11235212663046636	99.85531555878728	0.0002966979152503675	0.030786399868195043	3
0.0010259099204927792	0.10654883731408551	99.87692148422357	0.00014724612347606175	0.015356522418352937	3
0.001084455325889995	0.076698631174467	99.88888481146397	0.000294407952848899	0.03303769408283587	3
0.0012852028215665614	0.11038102957512633	99.8594680382911	0.00025334293510547953	0.02861238637710324	3
0.0015748494580196796	0.105295652268834	99.86131464574632	0.0002549442662834857	0.031559908260563284	3
0.0012456102665385667	0.09100409405381922	99.88051716204734	0.0003072907705951129	0.026925842861726817	3
0.00422472646278613	0.2083940928016509	99.73758117616492	0.0005567250852908307	0.04924327948535156	3
0.012175468711075648	0.2542029788386437	99.629520755451	0.0005910114709604502	0.10350978552832149	3
0.004891547804052491	0.29913103535931274	99.56062942297116	0.00040148093879433357	0.13494651292668886	3
0.004573912703236362	0.23232645761359108	99.72216116805987	0.0014703018874060324	0.03946815973590275	3
0.005123304525669627	0.28469007579179834	99.63783612596433	0.0032211452739015385	0.06912934844430105	3
0.005052873382796412	0.23509960053680837	99.6244738365907	0.0014411016382133062	0.13393258785146966	3
0.027104598555400535	1.3739063683482704	98.38980005099263	0.0026354825974259912	0.2065534995062853	3
0.08533118908714554	0.5019433987267419	99.07931868598176	0.002721594311997171	0.3306851318923557	3
0.005123882577063961	0.5305400525064621	99.27081146855792	0.0006519137008472389	0.19287268265768368	3
0.020249082947962956	0.8799139823407922	98.8332671282741	0.001065848023563526	0.2655039584135651	3
0.35166596607467315	12.283621192411038	73.42015223116952	0.008463590593154975	13.936097019751617	3
3.120258659310499	43.372752969619796	41.42907187325907	0.030362999477446657	12.047553498333187	2
1.500724390882066	54.24390530800751	43.43141367008508	0.026891445293969543	0.7970651857313681	2
1.0891880374513563	81.28185687116333	16.96025687503706	0.02737242904411999	0.641325787304136	2
0.6641771378198941	60.673921468352944	38.27017675843533	0.04966624530483127	0.34205839008700806	2
0.06443669754686386	19.03400975683039	80.08938026541136	0.024047660824447575	0.7881256193869377	3
0.17708661736351022	77.12678575245306	22.08852004029975	0.0813920981994232	0.5262154916842595	2
0.0401861775726323	30.252061511546398	69.46024133982854	0.056841488406532276	0.19066948264589856	3
0.11268276972499205	16.475640226403755	82.40008276376135	0.046547681092137284	0.9650465590177681	3
0.04397460957172719	21.001650689972102	77.0760730346228	0.0341301834407875	1.8441714823925859	3
0.03058980691348848	15.962024595908328	83.12077650546759	0.04266116862085791	0.8439479230897249	3
0.028441428690283124	14.456769344695767	84.32243420456543	0.07219707088936564	1.1201579511591746	3
0.05114352059966519	14.552308476188584	82.0947752806005	0.2562371549030978	3.045535567708146	3
0.08259315812844258	7.808697137862078	88.44067104821542	0.6058365402526763	3.062202115541368	3
0.23574969168326676	68.25496539019697	30.341560197834838	0.5009750447044583	0.6667496755804458	2
0.9545461640817808	83.00008282238078	9.70613991623816	3.5568325067723143	2.782398590526979	2
0.3799584792493626	87.70212960937022	9.839171440750892	1.0164281860817803	1.0623122845477542	2
2.850674809771904	78.63843026778515	1.9935678659654725	15.246032401299505	1.2712946551779523	2
6.76933812982154	69.63632943239803	0.238870879864703	22.31009689617309	1.045364661742647	2
1.593503283392326	73.09580232492807	1.631571100228667	23.250730120817874	0.42839317063305593	2
5.527811922140399	49.260947484507454	0.20061229451168788	44.282511705688435	0.7281165931520258	2
1.8544155126460564	79.0463720541672	0.1222672658625577	18.4266613279953	0.5502838393289107	2
1.174057446156309	73.04805108876103	0.28642542474941163	25.071625935108564	0.4198401052246913	2
1.745430245902664	49.96635713726941	0.804074427466703	47.09102422068376	0.39311396867746695	2
2.6956817563383133	51.79962332367708	0.6934500557905141	43.42666539163304	1.3845794725610503	2
1.2636828305288008	65.96126219616055	0.25046797593652925	32.21532673700796	0.30926026036616344	2
3.5238114526168896	59.901176114828644	0.061678114064620426	35.99801366993822	0.5153206485516343	2
3.0426338208139008	65.74259760233741	0.12638880668886743	30.461339645653336	0.6270401245064864	2
3.224105045504428	63.08424256884601	0.13991864907863463	33.07793130763217	0.4738024289387765	2
4.635914664744243	41.53840721701823	0.04868956586852026	53.097395937520986	0.6795926148480279	4
2.368832010479158	22.21066704285548	0.024569242602859954	74.87686831897818	0.5190633850843237	4
2.0560712828288663	78.12657533713264	0.16235417527239157	19.29608430801036	0.35891489675571947	2
1.7551922896028582	85.05281436973956	0.07275316678340393	12.856841954121624	0.2623982197525641	2
0.6515917538308292	88.64002252382254	0.6849300307392738	9.774796454403061	0.24865923720431235	2
2.3388521331009207	86.46139117249909	0.7891933775396477	9.743017412212778	0.6675459046475568	2
0.6585403475367614	85.97328750989396	8.768884481316457	4.220127492634326	0.3791601686184721	2
0.9512686902846478	93.90535838415572	1.8386549974614208	3.0629911910551617	0.24172673704305928	2
1.031685329423534	92.9672581350739	1.6808719423343685	3.829044081628194	0.49114051153998806	2
0.5953538453617906	88.64735317765013	8.719884744452425	1.6989127661818344	0.3384954663538097	2
1.2043706659530549	95.2321336896117	1.9761213722760838	1.1429038000296736	0.444470472129507	2
1.0014662378963533	79.71655783670269	11.10536534597346	7.55195083372058	0.6246597457069268	2
1.666735074817865	84.4392591221828	10.795438874238007	2.2841637934176062	0.8144031353437053	2
0.9078413265670136	80.56971633833821	16.501310977353405	1.2811004227695666	0.7400309349717906	2
0.7872034985738072	96.8754837022519	1.2803235580737928	0.6340621009796209	0.42292714012088817	2
1.581155948851582	93.81202582825968	1.904492130699774	2.2483777179116387	0.45394837427731627	2
0.2167894170138606	96.44963948208775	2.9185746091397324	0.1923856531990635	0.22261083855960512	2
0.571554151702319	96.90748215394116	1.6468742553306017	0.5161590950707104	0.35793034395521794	2
1.0458860647542336	88.68025909773193	8.791698185531018	0.9126857005443295	0.5694709514384761	2
2.466368738371282	21.228206819016133	5.39480843612027	0.13058693696170376	70.78002906953061	0
9.453510196147759	84.02760811030753	1.1493829385816496	0.1578677998024352	5.2116309551606435	2
15.478537202054065	80.50448780413272	1.3674589913131303	0.2160265524698019	2.4334894500302706	2
5.958242935386162	91.9295615222589	1.0708914426045084	0.04461280413545755	0.9966912956150045	2
5.098618133083889	92.43963086546765	0.9321180370683687	0.1290743436160284	1.4005586207640666	2
0.6314318617320857	95.47022148602765	3.4658712568670014	0.03973316190224852	0.392742233471009	2
1.2087717368189614	91.85040923806203	4.88991250919725	0.04581322409673749	2.005093291825026	2
1.8972241144198452	96.75780580539418	0.46030755277696583	0.06088509131606959	0.8237774360929264	2
0.539218014535386	1.3139782374996394	0.053524812204286135	0.011466644083427076	98.08181229167725	0
27.268558075263815	56.36550975545467	0.20781516540744438	0.39525019479691265	15.762866809077138	2
23.8619441784493	73.30021348105514	0.20062744445277378	0.11646011567766272	2.5207547803651327	2
4.650184187127962	93.24572889990827	0.14133459843777904	0.04787874119366951	1.9148735733323028	2
1.7823546333177949	96.77096438485006	0.350993405985197	0.17582499419479153	0.9198625816521561	2
1.20859093547896	97.73190878234767	0.49577308262955366	0.08396890933064347	0.47975829021315336	2
2.3102366810586803	96.22170799560425	0.915503287181468	0.0994930443594079	0.45305899179620934	2
1.332011588647153	97.78410910990719	0.622864222881366	0.048200173573860854	0.21281490499041986	2
0.4870544492841816	97.83593389355872	1.3663894567228518	0.03280702504548495	0.2778151753887768	2
0.6039468538216116	95.91512564240162	3.0412322560376945	0.009888895443697782	0.4298063522953733	2
1.8662195508149702	89.3049935542315	8.283886518689618	0.020979458952515614	0.5239209173113667	2
0.544714864331761	80.82068343475599	17.99819979228177	0.01933287945779793	0.6170690291726909	2
0.8882853076759711	83.48210811400494	15.165297437501572	0.010913706747853472	0.45339543406965854	2
0.5752953538331117	68.46424868858175	30.3317387836405	0.01559006658558902	0.6131271073590465	2
0.5804996015805612	63.05235928165283	35.735024157370695	0.01083530438737074	0.6212816550085186	2
1.3669392315057218	88.24937666814985	9.86591161542022	0.018967623822095304	0.49880486110211303	2
0.7435023785398144	92.50098066095535	6.22041731156489	0.01580675337502118	0.519292895564945	2
0.6576609177945268	77.24660187803806	21.512377442704704	0.01639909281737192	0.5669606686453447	2
0.23450437415595732	62.16118698854483	37.32948345892685	0.006585515290905025	0.2682396630814581	2
0.5309210173167389	67.30379881442381	31.797926290659273	0.01155477557086184	0.3557991020292975	2
0.19547662776523098	37.91163851765212	61.69943844002718	0.004802908841673259	0.1886435057138063	3
0.09154298548716215	38.0795258562722	61.610065052136385	0.0060251312672066565	0.21284097483703418	3
0.20987033776818553	47.08936674178275	52.30974257156489	0.017455310896553392	0.37356503798762225	3
0.2579601449174279	49.48340441082355	50.00383872180411	0.009150955682532855	0.2456457667723769	3
0.2227004375043834	46.256569442993666	53.04435579427593	0.012717256314564654	0.463657068911459	3
0.30782157789353626	48.02594185625285	51.426791269246245	0.009537421096067901	0.22990787551131492	3
0.13665396595942092	53.3916756291389	46.22404919821073	0.00675650288772182	0.24086470380323108	2
0.31198255899136695	49.92241636668215	47.707312188618445	0.018697529352071553	2.039591356355976	2
0.20695257004982795	68.52564475066727	30.907977320648495	0.009912299869958277	0.34951305876446653	2
0.07244159846356298	20.791297376424215	78.60046713979649	0.005778885375812239	0.5300149999399164	3
0.08554161128573812	27.296085110186887	71.63057223002538	0.004970249637272165	0.9828307988647298	3
0.06064649050051311	36.181059113315925	62.815271568060446	0.008732403191649023	0.9342904249314548	3
0.028276112564934522	10.410510109533893	89.23251262822104	0.0033181205067625784	0.32538302917337864	3
0.06656214137910077	14.59189714600181	84.80534935121045	0.0030878529306287063	0.5331035084780029	3
0.0071300324022434075	3.5974309983934027	96.16258741494048	0.0022510102756722263	0.23060054398821175	3
0.005841388582926464	2.4112527766720393	97.43854342741749	0.000996510028750456	0.1433658972987871	3
0.00713816268061006	3.509382906504078	95.91026469082784	0.002018576603498134	0.5711956633839544	3
0.00554914983999294	3.344074741579389	96.48544506088754	0.00087618817645256	0.16405485951661605	3
0.004056600252629291	1.5082819182183393	98.37290547823586	0.0006969183248888403	0.11405908496825992	3
0.004396200852511876	1.3247560501991442	98.51576400227965	0.000765685946821761	0.15431806072188434	3
0.001773768404363032	1.1246135834851239	98.7818913289542	0.0006686173506678774	0.0910527018056561	3
0.0016394265543982851	0.8473737776253089	99.02898182761245	0.0003886286055074088	0.12161633960232583	3
0.00507518629658361	1.3863708373629098	98.30557446967254	0.0005201385469414127	0.30245936812102825	3
0.0018680173809281998	0.7792227865297787	99.14077914847665	0.00024090962359882273	0.0778891379890342	3
0.002221515554535604	0.24244010314186157	99.66752647349554	0.0003905633541167839	0.08742134445396556	3
0.0045142889211992835	0.33377814740084777	99.63442392672066	0.0006550641688326705	0.02662857278847958	3
0.01078429447156705	1.432187598004991	98.43854768897008	0.001313218115762235	0.11716720043760363	3
0.0038484957208259696	0.6187169092012341	99.17855696656335	0.0003513206982601017	0.19852630781634698	3
0.007923661133598173	0.6924289622695778	99.05731115943807	0.0014652701099883802	0.24087094704877696	3
0.00937868995294311	0.47704132546218336	99.38576171474948	0.0010843397082561466	0.12673393012713247	3
0.011758258437940636	0.5446861232818168	99.38906755559856	0.0034881263286699105	0.05099993635300505	3
0.018975860494667863	0.7814874800857867	99.11604828876341	0.005960517342171852	0.07752785331396098	3
0.005643115833310264	0.558970775212266	99.32957342341281	0.000729322835507118	0.10508336270610365	3
0.006961145266821924	0.30063480539988363	99.5858581226096	0.001504638271029855	0.10504128845267176	3
0.0426200164514741	0.2351452068912167	99.68934077238522	0.004608202985746525	0.02828580128633582	3
0.004817744899014123	0.1688041171958544	99.80574220422757	0.0016126302972770267	0.019023303380306944	3
0.29425379406733004	1.148520546057038	98.44720843805426	0.007703952749754358	0.10231326907160915	3
0.00944990012287007	0.1954096563502781	99.76912986433067	0.0028587551281142516	0.023151824068083474	3
0.01322441156447026	0.5701527047834493	99.18199078875477	0.003957437459453452	0.2306746574378514	3
0.020465841195313594	0.3967016474470399	99.47642751087746	0.006464789956295959	0.09994021052387404	3
0.006226443479260422	0.1484681768836127	99.81958723098724	0.0034511289111431244	0.0222670197387489	3
0.0025920639122319535	0.21041844367306306	99.66262152417289	0.0032994834901894964	0.12106848475163119	3
0.004950806923697302	0.3627806250542335	99.58718908426867	0.006161360816155512	0.03891812293724817	3
0.002618685571436193	0.2898574127443524	99.68377918694583	0.0025319427106674096	0.02121277202769979	3
0.004544655294215665	0.19166038517046968	99.64443195805342	0.003586092793025094	0.15577690868886301	3
0.006147460475436169	0.3478952786151735	99.60968476505039	0.004111446190855249	0.032161049668134545	3
0.0016404951028020777	0.13507876736105384	99.78173531455123	0.0012275652830292011	0.08031785770189295	3
0.003638450649014828	0.3916124518029216	99.42394919187629	0.0031169726797486627	0.17768293299200857	3
0.0020006070694471847	0.2008211734681785	99.66314423089993	0.002391922266805729	0.13164206629564673	3
0.0018836960979556655	0.2477811542963242	99.58836510466111	0.008720129467305571	0.1532499154773133	3
0.035388521430819664	0.5897466448492727	99.10046034391395	0.011733758035805515	0.26267073177013817	3
0.0026111751888361874	0.2671638987507005	99.66459285821414	0.006127269649883618	0.05950479819643491	3
0.004847334826294395	0.269891902760864	99.64158334795589	0.009034951918410625	0.07464246253854837	3
0.0037035895586705167	0.2172591518519282	99.74328441130619	0.002996393873162498	0.03275645341004856	3
0.0033612591858011103	0.28790422551553163	99.46098248412726	0.00517243311934634	0.24257959805206447	3
0.0028372235706905745	0.27100638058274223	99.66100363956927	0.008458753747710912	0.056694002529579304	3
0.007280496274486016	0.29823147623233215	99.58208434719829	0.01068554280109961	0.10171813749378875	3
0.006156512053142933	0.17616628835697778	99.7903809038173	0.0023160275552560035	0.02498026821730464	3
0.003480521952229063	0.18084492108596173	99.74419479547959	0.003027704846429401	0.06845205663579894	3
0.10141399945746749	0.5665384694917873	99.1490035687387	0.012236700545711436	0.17080726176631328	3
0.00877784864072295	0.2790261361121459	99.63068393731	0.005872051582605986	0.07564002635453956	3
0.008625895567033456	0.3174573177213804	99.58433615050468	0.006769298515203405	0.08281133769171797	3
0.09802932448466929	9.024540449327025	87.10288797660724	0.00573647425082832	3.768805775330264	3
