0.00015967779982178787	0.00679621899434432	0.00046359177178962853	0.0014617063149082608	99.99111880511914	0
0.04213892459148865	0.06661340157834683	0.0022600614681926095	0.005514226495665692	99.88347338586631	0
0.01382644510870812	0.012097226285158646	0.00172042207159434	0.0006044381405765724	99.97175146839396	0
0.030256726375218052	0.053003028569797286	0.0009951142025020675	0.0012442336219242974	99.91450089723057	0
0.025831816219872	0.02308613008120009	0.00039212751214643494	0.0008852096687837478	99.94980471651799	0
0.05428332387431675	0.007299273556654698	4.428710597220839e-05	0.0004603816583751767	99.9379127338047	0
0.09773108270028576	0.01959316999885052	5.4676696979312355e-05	0.0027822224117206662	99.87983884819216	0
0.045916651974254555	0.026454677195169397	0.00023145249333824495	0.002038575859199054	99.92535864247803	0
0.06242655620077968	0.14313381964543823	0.0003321709754595927	0.004777338052551235	99.78933011512578	0
0.14400796229810994	0.06014178212917301	0.0004251570149658239	0.0029586550633428077	99.7924664434944	0
0.1542841785334906	0.06594732153238907	0.00022328248197825654	0.00308842920603176	99.77645678824611	0
0.22857845777317434	0.3493021301940442	0.0010713909928757477	0.0012192911733015742	99.41982872986661	0
0.28356347093153345	0.07523165027084226	0.0018443703417080856	0.0024347361812116085	99.63692577227471	0
0.18484786465973482	0.0392265908316626	0.0014562664718316034	0.0019253440906951036	99.77254393394608	0
0.3349513826337199	0.028300760513620748	0.0011326782280378577	0.0010657242473380716	99.6345494543773	0
0.20518397025169952	0.042955968366392094	0.0002433601160251155	0.0010493706761062684	99.75056733058977	0
0.5271793025215182	0.04740547429207235	0.00032988417097383287	0.00048253813375513996	99.42460280088169	0
1.8401694360073582	0.163625854800959	0.00036473578451301497	0.0005979528622770682	97.9952420205449	0
3.126804414799072	0.5613226357920027	0.0005125533461809858	0.004150652812105337	96.30720974325064	0
20.763708452240625	2.2450266432975345	0.001776583880359952	0.006795579452309328	76.98269274112917	0
38.003067633824266	6.221189557378961	0.005102632905844526	0.009727076767563694	55.76091309912336	0
0.3681355662349355	0.13927864777000576	0.0017634793847398297	0.00123076615422093	99.48959154045612	0
2.1791897996961342	0.4766473770293096	0.0021132539440343874	0.0014397310923800677	97.34060983823814	0
20.992143011426595	3.6564031774498433	0.004970751344823921	0.014513681072230713	75.3319693787065	0
58.18351891037889	2.3024519971674073	0.015502038024886637	0.03260619903023805	39.465920855398586	1
74.3444750017832	11.01625325683117	0.09418034326902017	0.06052089444408458	14.48457050367255	1
56.63339544159187	38.554275512757464	1.3335176823175765	0.16581225365581942	3.312999109677276	1
21.25136230009091	71.6203835717543	4.111202304785626	0.2071465947946497	2.8099052285745127	2
7.250277194605596	81.18096661122925	8.976400913765202	0.5559273232688203	2.036427957131115	2
2.248514762764546	88.05363876160838	8.03812860377018	0.1328074065584403	1.5269104652984486	2
1.535937635273518	94.152766645993	3.3576559801474426	0.07397479522328776	0.8796649433627697	2
1.8771822401297755	89.91992878723013	7.208063494356426	0.09489715496024981	0.899928323323409	2
0.4550283732591937	97.66598065801398	1.4563439940494187	0.028440931572865275	0.3942060431045515	2
1.216809991538024	88.05927194527486	10.08801037596986	0.09567426089269225	0.540233426324563	2
1.0137968205260512	69.50549229958595	28.158343023614364	0.0714940610900579	1.250873795183567	2
0.5866948472320376	90.93987327289165	7.336371367295176	0.049528866757980926	1.0875316458231232	2
1.800853822146487	86.50739146051943	8.81570422360048	0.09989811855986082	2.776152375173737	2
1.1107208258287629	80.66352437399729	16.63437815168759	0.06987985123419913	1.5214967972521483	2
0.793152337538445	55.6523694987421	41.376320247130856	0.0646493665157072	2.113508550072899	2
1.3864587711751453	61.7567053822269	34.9847393750784	0.05418679971396184	1.8179096718055912	2
0.6634525096334344	80.2839467180348	14.87057368431982	0.061325778312315574	4.120701309699626	2
0.6144476154150976	36.82097364246128	58.54104054764311	0.07742981931971588	3.9461083751607937	3
0.2095948505599085	41.80787002752847	53.477977452184156	0.023189140951128513	4.4813685287763345	3
0.3034359290470788	18.88600176614131	77.42052881860087	0.012291041384428016	3.377742444826305	3
0.12167416139596035	10.157798712760698	86.46485668108774	0.00842802334670311	3.247242421408916	3
0.09048486333133474	7.492910741886477	91.37353217087508	0.004776294909747023	1.0382959289973768	3
0.1612385645539665	15.200835827356137	82.98585205571516	0.011816087494113163	1.6402574648806096	3
0.13141569498828728	12.424550110672495	85.24104096126915	0.004976204456498336	2.1980170286135587	3
0.1426921709647837	14.805640390681507	84.11574009971552	0.004526895636284831	0.9314004430018884	3
0.2357210767496491	11.291314798375508	87.08720930595769	0.0049260583437851	1.3808287605733862	3
0.1263304193113943	5.5372407346608865	92.98087902926794	0.002652108296566747	1.352897708463221	3
0.14050489509794614	5.438049221720238	92.47831586476937	0.008276014333869288	1.9348540040785667	3
0.3132453141989421	17.678169312546068	75.62374118825979	0.007288320316336044	6.377555864678869	3
0.9535451121910294	16.311838853480193	74.78922771515037	0.029812778222483252	7.915575540955909	3
4.839688682685519	59.97241839626752	20.698362020143833	0.16860739532965122	14.320923505573461	2
5.839110708913277	50.02490235195505	23.544653059042776	0.19287934007855806	20.398454540010334	2
2.167230231983257	81.07205529604114	9.827008848816476	0.19715083733745806	6.736554785821658	2
2.477191056536539	63.30505612584435	28.118813923595965	0.4318607946688255	5.667078099354322	2
4.915324370540498	65.16107151380194	26.22663870882922	0.7885845220905013	2.9083808847378307	2
1.4709204511278722	67.32642188235167	26.21504329875679	0.6283986645677169	4.359215703195951	2
0.08735221602714299	0.07524467306526576	0.01201580008583121	0.006782015586676881	99.81860529523507	0
15.404758152505938	0.8872157556200044	0.054005212311831335	0.16317178326708998	83.49084909629514	0
29.134960048935632	20.440273436010127	2.3536291488622485	0.30173076021517153	47.76940660597683	0
1.3762107668460863	0.6762318513145751	0.017451732732260947	0.02043017811337406	97.90967547099369	0
0.044366700964360614	0.014438006266244786	0.0007074657894982645	0.007345504586946123	99.93314232239294	0
0.19114688991792306	0.08520436684305692	0.0003787974566902256	0.004149981511416491	99.7191199642709	0
0.18203437807260417	0.03173185374562739	0.00045868591489616454	0.0065413599102719265	99.7792337223566	0
0.19779711141696804	0.029113438075645474	0.00011640543513272765	0.004503498434723541	99.76846954663753	0
0.7296938533793549	0.10407843891426796	0.0004836740412144134	0.005772506515898204	99.15997152714927	0
0.12213082378797109	0.1391676901827459	0.0012556893774137384	0.0025172271120113515	99.73492856953986	0
0.14646136392548695	0.056843033012984615	0.0002963131423344942	0.0015321861747700858	99.79486710374441	0
0.7494806494166405	0.1950106173099033	0.00022493637815724574	0.0007409963425085768	99.05454280055278	0
1.0829516731790236	0.33237044376330416	0.0002028146625978585	0.0009675093913141627	98.58350755900376	0
0.9503081363003346	0.31749889086294464	0.000581404830732439	0.0004620767454182369	98.73114949126057	0
1.0652796915427616	0.2789087988272833	0.0012861260553358208	0.0008214185217841259	98.65370396505284	0
0.7184126814391781	0.0705786063003025	0.002032366024643147	0.0003456918213632693	99.2086306544145	0
9.304014086501562	1.5165267215744964	0.001854590111231026	0.0017051572200806947	89.17589944459263	0
67.74264522401477	7.153275686432008	0.02771649168138593	0.03816237921697308	25.038200218654865	1
65.7847523152829	19.432897894668077	0.29755063910168517	0.050377568598757416	14.434421582348572	1
23.18919715578584	71.64130355995908	2.0663783961833153	0.06613817557763906	3.0369827124941158	2
24.378417890824394	67.71192770794383	5.177948768468681	0.1229558856497303	2.6087497471133636	2
5.916322622264871	80.87172964863342	12.12787675952122	0.06823931329808705	1.0158316562824172	2
1.7516702564461966	83.32325191880213	14.347154226905518	0.04186506501583264	0.5360585328303303	2
1.6972312967457783	59.739757996115586	37.68241869543993	0.01941015283480754	0.8611818588638974	2
0.6042208222909345	69.16069774550554	29.153176371916434	0.011470333903903241	1.0704347263831622	2
0.6898542257530534	51.950210301894415	46.69601799620873	0.03725393831270518	0.6266635378311003	2
1.0788671329177635	60.8591643857397	37.087826126556436	0.02714865911710714	0.946993695668983	2
0.792299413759558	48.384342318668786	50.25643237226056	0.012250605639191309	0.5546752896719023	3
0.7955194119383979	73.10531443549704	25.30070348498751	0.026589740731730982	0.7718729268453286	2
0.4512551163782951	38.76567456552573	60.27909708347564	0.015305672571854558	0.488667562048497	3
0.12105972962906016	18.830999841614613	80.82519247909637	0.006634449910839778	0.21611349974911992	3
0.2449455968986745	29.839243553839122	69.57428040556181	0.015175361802729728	0.32635508189767376	3
0.12347933897889929	33.480538546384736	66.03702048526388	0.011148553153232328	0.34781307621923707	3
0.06517555108087385	22.00187748756511	77.61891494393852	0.01006908788029375	0.30396292953520615	3
0.06630371088419972	9.218778903176462	90.4445527031395	0.005129947771229637	0.26523473502861933	3
0.08817980301132342	17.80269018719063	79.93859180387533	0.00893384741695463	2.1616043585057754	3
0.02813039347958264	9.179085352788782	90.54113049105088	0.0026916749250529884	0.2489620877557056	3
0.02469654712458509	7.913346063530269	91.79720982277004	0.0011055917087882902	0.2636419748663293	3
0.046886992330624634	5.781401806547576	93.79563127794019	0.001822282614215242	0.3742576405674042	3
0.028366094088878194	3.1728445275151445	96.34721679122742	0.0012031740082026935	0.45036941316034235	3
0.032140374563486965	1.0525460110679472	98.67445231235051	0.00038990269619389715	0.24047139932185552	3
0.02732114956508683	2.6100482965131064	97.12548383492631	0.0006391650181315917	0.23650755397735182	3
0.01677412756209104	1.1468047957083936	98.6104428881849	0.0006109330448215749	0.2253672554997701	3
0.0022995021693254917	0.42132302547813316	99.52272385692865	9.372674393176597e-05	0.053559888679976575	3
0.011475099191646621	1.0943184262194892	98.79010912180941	0.0003425096622419266	0.10375484311718859	3
0.005183339318079235	0.23618606953348442	99.65891245004832	6.860369971313728e-05	0.09964953740039609	3
0.042036960950153204	1.1176883081733444	98.5492631481623	0.0003064404740669114	0.2907051422401268	3
0.012206255322733419	0.6655963949303799	99.22849256190217	0.00015127619944201352	0.0935535116452716	3
0.010850803563198251	0.489348878014118	99.43431870214661	0.00012630313218760033	0.06535531314388396	3
0.0045351102833518075	0.6693434392571087	99.27058370885796	6.843026264009463e-05	0.05546931133893079	3
0.003952074430239593	0.23608388584684	99.70901509884494	5.7360879342511824e-05	0.050891579998635285	3
0.0006209635261531091	0.09021818681060911	99.88030408569426	2.435160757713027e-05	0.028832412361413887	3
0.0016382991777508693	0.09471574544443039	99.82710220495429	3.357023154483528e-05	0.07651018019198766	3
0.0016008037607076818	0.17852767383057314	99.76957514636398	1.7228754554166726e-05	0.050279147290183915	3
0.0008265923527288804	0.13271282858554787	99.82902906022186	2.4434145834037493e-05	0.03740708469401267	3
0.0027868462819575727	0.40618954235336036	99.49575878209663	7.489738347454414e-05	0.09518993188457567	3
0.002088549181220079	0.31138396611155295	99.59778580754585	6.817923174962279e-05	0.08867349792963267	3
0.0011117632297092204	0.1938600443154219	99.63175495209292	4.0722580773768284e-05	0.17323251778117546	3
0.00047939787482947666	0.08949896865792195	99.79490441903195	3.831221537623818e-05	0.11507890221992266	3
0.04843844478998105	4.451252450918633	70.55874494571684	0.0011372072267838216	24.940426951347774	3
0.09337332175469253	2.208383740758299	95.43297227648615	0.000912438761998363	2.2643582222388674	3
0.08966122260902527	3.4265253578165003	95.47227753864651	0.0009710513033949854	1.0105648296245868	3
0.09353526539832435	2.6374971861805987	96.70141125683787	0.0013880035382739804	0.5661682880449053	3
0.04952072420002052	2.3442124607033303	97.17461192073475	0.002336089374720168	0.42931880498718294	3
0.19572111325941852	6.7661131630866	65.23568674649273	0.0068558029854598745	27.79562317417578	3
0.15100492951682518	6.889079236973854	92.02011097880913	0.0035836864247500403	0.9362211682754461	3
0.15112022425806007	7.854074942527179	91.43920204699845	0.0018140794418788817	0.5537887067744492	3
0.06898576818034241	2.383779104397705	97.32597292260505	0.0007671205840364849	0.2204950842328451	3
0.02135821490590411	2.273001527900925	97.55121493601088	0.00044405848939861126	0.15398126269288043	3
0.012687072464340286	0.7919517625496404	99.13550541931717	0.0001607338416790974	0.059695011827174835	3
0.005192565525439776	0.6789916758281835	99.23589182165587	0.00015508581680521833	0.07976885117370142	3
0.003372084449639967	0.5438513903344793	99.107127605036	0.0001009544213001816	0.34554796575858854	3
0.0055091777498041845	0.38863477460509294	99.54982680711254	8.34597513483687e-05	0.05594578078120235	3
0.0007001302883312141	0.18504749207319235	99.63872821468341	2.7568668431098677e-05	0.17549659428666048	3
0.001910338021444902	0.19223058223950626	99.76632386422686	4.830508438892317e-05	0.03948691042781188	3
0.0011633011804240737	0.14444877297165618	99.80615743395217	2.7316240665081316e-05	0.04820317565511513	3
0.0011032288020716946	0.1650826858069042	99.80339843936619	3.804027120821988e-05	0.030377605753620543	3
0.001372396972321063	0.20429263762161942	99.72620933650175	3.590431964004873e-05	0.06808972458466533	3
0.0049825009500592335	0.22535021402905467	99.24394038036753	3.874184544413914e-05	0.5256881628078889	3
0.0010135150934150318	0.15800730078681588	99.80913683918742	2.7206223120320278e-05	0.03181513870922562	3
0.0006034056916983455	0.12028773574408311	99.76651274762798	4.284826946398294e-05	0.11255326266676233	3
0.0014422297160593034	0.14894558148545775	99.73377620764273	7.206116366204602e-05	0.11576391999209641	3
0.0016382365559915444	0.254391489966338	99.64101600843065	0.00012497252455574603	0.10282929252246958	3
0.0005593929442158916	0.10809833523448645	99.79337262070136	8.939875077382993e-05	0.09788025236915443	3
0.0008546216932169987	0.08807861151671621	99.78211758952882	6.126287811264312e-05	0.1288879143831466	3
0.0009058964005788187	0.17037008123091088	99.71739898292601	5.937995754076871e-05	0.11126565948497247	3
0.0005530963787665395	0.07944886355567682	99.73284610873677	9.655868372686163e-05	0.18705537264504726	3
0.0055373300124121625	0.13779784582895968	99.73025465731205	3.869835824266607e-05	0.12637146848832193	3
0.0009014979098953219	0.17326748402076275	99.68035592823418	6.641482236068758e-05	0.14540867501283056	3
0.00044908138768905116	0.0706463434445116	99.79229942804338	3.134557951736631e-05	0.13657380154489565	3
0.0010355567669111053	0.12867663302248944	99.7905655055367	4.715127658817755e-05	0.07967515339730041	3
0.0004838772228286668	0.09593264592236025	99.78217386288249	6.545809415994427e-05	0.12134415587818911	3
0.0005224662834991018	0.11080518966223206	99.75213800977949	6.995604933990058e-05	0.13646437822543092	3
0.00048502595721202957	0.10724078881997962	99.8240248375448	5.9214496537843996e-05	0.06819013318147113	3
0.000601213544190872	0.11001656286107164	99.72758095093248	8.707674842164129e-05	0.16171419591385347	3
0.0003762834760821667	0.07801941164561403	99.87955087871015	2.9188455539253867e-05	0.042024237712599694	3
0.0012791835833812946	0.2312953799801278	99.70860678876333	4.5419297478423174e-05	0.05877322837567844	3
0.0007243301255771132	0.12092912091022953	99.78862850901837	3.8089222091332454e-05	0.0896799507237478	3
0.0004294473517028459	0.1263455549334892	99.81576076179631	0.00010072764100333557	0.05736350827748156	3
0.0003796403642117252	0.07130848934655293	99.88167375351708	5.628288560990426e-05	0.04658183388656014	3
0.0008453869787873812	0.1038345301836672	99.77222704398476	5.823166776563012e-05	0.12303480718503623	3
0.000624115018638725	0.10032321679707756	99.87246566261318	3.4806881175922416e-05	0.026552198689939285	3
0.0008554979631869933	0.1487813832223248	99.78391578169543	3.308623901009468e-05	0.06641425088005361	3
0.0006810632497635247	0.09826420596496664	99.85139947575536	4.678618699196127e-05	0.04960846884292825	3
0.0003051236174921249	0.051517842874375615	99.89818497165167	2.2977893489073137e-05	0.049969083962993245	3
0.0005003378481420874	0.07621071614534403	99.87804007125882	5.5952832888227844e-05	0.04519292191481475	3
0.0006206016042081826	0.10291818146396213	99.82867849230595	6.917322812715714e-05	0.06771355139774698	3
0.000414556071645816	0.09723891313969922	99.66143424488206	5.6306651692604624e-05	0.24085597925492283	3
0.000963609779321116	0.16357214768478795	99.76216129846605	3.636312052227699e-05	0.0732665809493056	3
0.0008270015866734498	0.14346579665027898	99.80579731664153	4.956807217695222e-05	0.049860317049340436	3
0.0008781647317224931	0.11796055126820713	99.80566367869099	5.3978641443106405e-05	0.07544362666763228	3
0.0005293964678189449	0.15758774915025345	99.77538663701525	0.00010187275465125081	0.06639434461202441	3
0.0009520102929676718	0.07716038478883999	99.75178506515046	5.422515582903544e-05	0.17004831461190997	3
0.004589678923795563	0.09868314817295153	99.81283524011273	4.2365767463897384e-05	0.08384956702305223	3
0.0011011091434049176	0.20047245551375287	99.68881287739343	5.8656473153170184e-05	0.10955490147625108	3
0.0013742692222772762	0.13193985452515622	99.624408008778	8.525937684673678e-05	0.24219260809771226	3
0.0004740398434789678	0.08068607875975568	99.81254702786254	8.042729128298003e-05	0.10621242624292086	3
0.0004585689155120917	0.09103072751509875	99.81305792390573	6.676389189367954e-05	0.09538601577177037	3
0.0006901396788429667	0.11764757156233505	99.5186119322991	8.934664967280975e-05	0.3629610098100382	3
0.00039182411287683167	0.11206757454023156	99.22869198559371	4.801915198299046e-05	0.6588005966012181	3
0.0003786648064322724	0.10003244978973938	99.8386995182076	0.00010378072228790586	0.06078558647393806	3
0.0002910303525619795	0.10219787968096539	99.76833756721052	0.00010189417526907445	0.12907162858066898	3
0.00044778344670655336	0.12932209401297445	99.79312520160553	7.913554169942824e-05	0.07702578539306826	3
0.0007711555096544654	0.13015382734587938	99.7103401418555	0.00010219025118102831	0.1586326850377631	3
0.000862989016809227	0.0740782495709158	99.86740854684459	3.224915051668828e-05	0.05761796541717623	3
0.00044854927219571184	0.08056941367917882	99.85212893502707	5.487725101964506e-05	0.0667982247705609	3
0.0019377976085967028	0.1424072782400718	99.80598770990807	5.7027173396538984e-05	0.04961018706987176	3
0.0005590302659147997	0.08234040077989309	99.84647180722757	8.10317043339192e-05	0.07054773002229345	3
0.0004411356974565124	0.1004628756635467	99.8720915071624	5.0060366258714924e-05	0.026954421110321373	3
0.002959314392698971	0.2933956349256267	99.48203408345336	7.544599969787081e-05	0.22153552122862208	3
0.0011627155513905688	0.047671258601132534	99.9207023210702	6.34477560942467e-05	0.030400257021191833	3
0.001745258662875704	0.12316377630242883	99.84941609500929	0.00014333701360704418	0.025531533011803467	3
0.001571674203306837	0.08937191176586314	99.88408150706965	0.00018385736420526116	0.02479104959696662	3
0.01271728485231727	0.08944667437156395	99.8234102987208	0.00043956145444316294	0.07398618060086959	3
0.014960562754697263	0.13724794881732197	99.7550017495214	0.0003850643354142378	0.09240467457117278	3
0.022896129930753833	0.11873402235489704	99.83487580082254	0.0002779060265373578	0.023216140865286432	3
0.026253064223977392	0.11231069130084693	99.81122113367155	0.0002782905503912836	0.04993682025323646	3
0.015756272717524934	0.09413441732502746	99.86009297713099	0.00044750658934018784	0.029568826237142135	3
0.027851505040858364	0.1585285634880817	99.74695852105498	0.00048242334002324133	0.0661789870760714	3
0.05968371053558366	0.31597980899471123	99.5479361430761	0.0008452790205875423	0.07555505837301038	3
0.043536336926845845	6.053553805691184	89.9383561944999	0.006616483612666496	3.9579371792694023	3
0.03869738917119269	1.1279145315718417	98.45872042143084	0.0014107864377968292	0.3732568713883265	3
0.2997938317892352	4.412639689814953	94.45402638350456	0.006203953735363582	0.8273361411558884	3
0.6485410038108886	20.447943416931107	77.92566107112056	0.02624435335685509	0.9516101547805897	3
0.251764559899303	6.259323519810208	92.725690203217	0.031724602650117555	0.7314971144233813	3
0.34673037521133143	29.541482794998437	69.33834440069612	0.10522970395743106	0.6682127251366865	3
0.42082941002559465	33.77049236939226	64.1106000130665	0.45054159796224247	1.247536609553413	3
0.8614053466433186	82.06724520662169	13.078285340870375	2.361355805887359	1.6317082999772499	2
0.4500235228306934	92.25288389203527	4.155512619846431	2.1223439033891256	1.0192360618984788	2
1.388224315600982	87.5618397338541	1.7543514206327715	7.412901995430318	1.882682534481845	2
0.6277804182102629	88.65919678252722	5.971762324763255	4.052136824486311	0.6891236500129622	2
1.1949444685833195	93.49491027821931	1.3431604584888437	3.1569147350614113	0.8100700596470926	2
4.198902578409449	78.33594855162566	1.5293426599748017	13.648714813690683	2.287091396299392	2
2.1832129508790166	78.95644708732148	0.5760732555332364	17.436873382021346	0.8473933242449413	2
6.3536045342724945	39.54527474861689	0.23103076804254769	51.29621599039413	2.5738739586739374	4
2.6386788155407133	69.48397691491864	0.6562080882378146	25.074498429793856	2.146637751508976	2
2.6918393426502925	48.04493117541323	0.2092288064633844	47.79504804052633	1.2589526349467626	2
2.1748246103447633	20.06093889017306	0.08613638097317539	75.8608247498203	1.8172753686886964	4
1.5072932864258444	7.097271349162713	0.054944134626108664	89.83706574371325	1.5034254860720793	4
2.0018296275976235	11.444303738641795	0.135021224670256	85.57037783753303	0.8484675715572864	4
1.8830453330969328	20.576864246794305	0.1642017229062119	75.9360252181601	1.4398634790424394	4
1.7345625924717132	6.4302348433650085	0.04464113176882861	90.77036821756512	1.02019321482934	4
1.5754766250623469	4.252331633588407	0.013965447738706815	93.77312654718946	0.3850997464210732	4
0.4203361659434474	3.0548709253571524	0.04639004661878396	96.04944697498799	0.4289558870926387	4
1.2054298359560547	4.399032399091789	0.019352425604141202	94.0773440454196	0.298841293928435	4
3.757462030101318	6.223216752409249	0.05165512765100634	89.03481797386323	0.9328481159752001	4
9.390270058001924	20.438024256262253	0.08115081978765976	64.96684680521307	5.123708060735104	4
7.94394226168686	57.129593474770836	0.09461034741536989	33.7864891748758	1.0453647412511353	2
3.1925063273091046	72.69983394216048	0.4138549108410565	22.677815106620223	1.0159897130691462	2
1.4007353961619604	84.11269685159124	1.8860235599442468	11.567540081829325	1.0330041104732282	2
1.5977462811224765	72.81944714604275	0.3137040614393949	23.670174698562203	1.5989278128331723	2
2.466715837504123	50.35599127432363	0.07616241667737146	46.35456329046768	0.7465671810271909	2
4.1022637896419525	46.81816880630265	0.14450500110460227	47.679746738272435	1.2553156646783603	4
1.6494531582176917	60.68144047700208	0.1858178451560465	36.59421807523675	0.8890704443874208	2
0.6832560501364062	87.85521211892151	0.23430669866220838	10.604904465293329	0.6223206669865493	2
1.031705836579473	82.45427556668328	0.15769100877188527	15.620126719260524	0.7362008687048311	2
9.526013168988115	33.86771103782253	0.14693430356117074	25.752437824905215	30.70690366472295	2
38.76734304930196	34.95534093814468	0.02202107034137717	19.686456621326435	6.568838320885534	1
6.311219751662052	90.56334165154381	0.11943817359222325	2.1535012859298286	0.8524991372720914	2
12.821439424511604	84.86343969799186	0.08651336130657265	1.6122422229637723	0.6163652932262034	2
2.3569951234956354	93.81596633284838	0.35782399143793303	2.8009289148110583	0.668285637406981	2
1.041319320668505	96.8116968926509	0.11060740680559217	1.7838967744551115	0.2524796054198849	2
0.8224593872779058	97.09143605677582	0.8236330275138783	1.0671425611720124	0.19532896726037852	2
0.5243165809633037	98.42901898657631	0.3736491232503135	0.5531347355561986	0.11988057365387654	2
0.7627575241666197	97.80684519787768	0.48584325232834497	0.7904975783983229	0.15405644722905093	2
0.5737088134174655	95.05212934837569	3.8210484743121027	0.34564184272130605	0.2074715211734429	2
0.43061791699338053	90.0357439368942	9.041705086589682	0.2515862493050048	0.24034681021772447	2
0.46997060769492227	96.51444622619914	2.397096467581916	0.3518081460264657	0.26667855249757394	2
1.556095964895231	75.87514919445377	21.618371024170894	0.3891348019989414	0.5612490144811605	2
1.111527321092703	74.07678394144774	24.118801960499727	0.3780820455229918	0.31480473143683807	2
0.6801322720258021	73.39864904482563	25.37346766968475	0.26966352366737456	0.2780874897964492	2
0.3244520355599431	80.21682905742323	18.842502150697623	0.1712642195262154	0.4449525367929892	2
0.5761817414217681	81.58250461620432	17.130076145298336	0.33596832383931635	0.3752691732362352	2
0.4901918196679759	75.60121117634269	23.134587455782945	0.3551265241967396	0.41888302400964483	2
2.700119562409852	67.15790806178185	24.735803730947183	0.2180783765835521	5.188090268277562	2
7.724357718618599	69.08026995307083	21.238703861946924	0.1607566083593433	1.7959118580043145	2
3.7568332600879906	86.80770297849767	7.998410200235956	0.2543197936150588	1.1827337675633347	2
10.394744887155014	79.90320644714014	8.041616963039571	0.22091505884395132	1.4395166438213185	2
1.6555170008822895	81.95816559716542	15.521300524018264	0.19860057701781555	0.6664163009162041	2
1.2948799785444702	80.73058349852029	17.136575829901183	0.1485165993625038	0.6894440936715464	2
1.5051260395120265	74.06922125552794	22.538095778506168	0.4574290637431954	1.4301278627106733	2
1.7255946269012505	87.91521483892616	9.545708923235441	0.23286375712742055	0.5806178538097274	2
3.783794674315724	91.83774588819253	3.2796235985388402	0.5345796132569226	0.5642562256959925	2
0.678009149986512	83.94809050785896	14.877741907936704	0.19185648131945504	0.30430195289837353	2
2.2707926216822307	81.72234328639905	15.192546989710923	0.1879320159070451	0.6263850863007532	2
0.8144816194013721	82.62615614416555	16.076501541652274	0.14615723648512324	0.33670345829567355	2
1.0226791219934581	82.44193082092802	16.096209723127348	0.08035049034733022	0.3588298436038363	2
1.7292889279944812	84.68853471910016	13.022381611354172	0.176225075146078	0.3835696664050872	2
2.0675841159350496	66.72052058992946	30.47296969595218	0.08765898898129475	0.6512666092020049	2
1.673308418935334	82.24151434563784	15.32031196635273	0.16320356647487774	0.6016617025992417	2
1.090253854337308	78.83772173308309	18.899922116859123	0.08566937506837899	1.0864329206521248	2
1.4276881681566722	80.90450739177332	17.02893781856496	0.10837912721055266	0.5304874942945086	2
1.4170452887806844	87.7120628105873	10.11295629355952	0.08264059350538983	0.6752950135671087	2
1.2565739240826534	87.61534619103234	10.363360191825192	0.06396480675373184	0.7007548863060822	2
0.9569597505312295	77.70169523343462	20.84454651289701	0.08278522789461866	0.41401327524251313	2
0.4410011936963418	69.51419390723275	29.703660817083446	0.03786628939407627	0.3032777925933826	2
0.7102135762658854	64.81193931695317	33.64278661873989	0.06915811590625057	0.7659023721348022	2
0.1370105753479278	45.76458130730795	53.82114355454169	0.015345376030332812	0.2619191867720888	3
0.25913102542170696	48.45467777991042	51.05770373280089	0.01969395970252467	0.20879350216445805	3
0.14635087584405532	44.47831162956205	55.169500892923494	0.020589867158649803	0.1852467345117441	3
0.18138070869609796	60.59081208350713	38.92001531884979	0.023848743283060622	0.28394314566391554	2
0.15427669138932096	54.54996364009188	45.02275605303543	0.018951817663833744	0.2540517978195382	2
0.12760581985697345	30.248336678227094	69.30803404940829	0.022419720820953108	0.29360373168668696	3
0.09827688616315426	18.392011220136585	81.36867245856097	0.01395470995053346	0.12708472518874997	3
0.10312916312565029	25.449119827743445	74.2760712602768	0.014712516078098424	0.1569672327760024	3
0.2617467752420476	36.14091419476107	63.246276213985475	0.0377902945441296	0.31327252146726686	3
0.05593831334495758	8.804743294554756	90.89195800512344	0.019411158573485767	0.22794922840336493	3
0.16752508643666877	82.49204641017472	16.971626347441315	0.029413415871868815	0.3393887400754212	2
0.09102459768557386	16.390564991550878	83.3125801916064	0.022610389379188113	0.18321982977795775	3
0.25188359279933004	50.46763509908796	48.91759237601078	0.05777916530730876	0.3051097667946229	2
0.16260762685140087	43.11875838240403	56.408952252561704	0.03110243881268685	0.27857929937017456	3
0.14453919254413217	39.207653907703175	60.24709482760366	0.049280432879085775	0.35143163926994636	3
0.14259166600723625	54.40781453573524	45.21845746335762	0.036131492808393874	0.19500484209151703	2
0.11678617551950526	24.39469168440195	75.31424730248402	0.017982811359664515	0.15629202623486782	3
0.10009761828122198	13.405869630616419	86.28458177386968	0.01412762344251156	0.19532335379018745	3
0.20833814769006415	47.23367467459913	52.21783611458154	0.03654790474748886	0.303603158381786	3
0.1818042793628815	48.645362696389746	50.796102623770764	0.023151996503672445	0.35357840397293644	3
0.1268925088936313	29.34122959857589	70.34337538622307	0.016075445517057856	0.17242706079035217	3
0.1475155812781037	58.454086823067954	41.218070032600934	0.01489063597402726	0.1654369270789887	2
0.08298908532194983	20.146395153770413	79.6475712308263	0.007399855535767058	0.11564467454557997	3
0.0995804126774389	18.462311878064575	81.30133226094509	0.008127219673331658	0.12864822863955952	3
0.15415998224523456	19.615705754747406	79.53965546806135	0.008774008991580465	0.6817047859544191	3
0.39011155084620774	29.734133419598397	69.30357065674903	0.026604925711257357	0.5455794470950955	3
0.24162327066424333	77.30606904728351	22.075719416556836	0.01200317578745754	0.3645850897079498	2
0.17153869489187856	72.80678298206627	26.59518323178549	0.011093421161084078	0.4154016700952852	2
0.08574553479375753	24.52208499919414	75.15683663530186	0.02784974376934109	0.20748308694090667	3
0.13155901174137438	96.04025746742076	3.612747692247239	0.029123731513040235	0.18631209707757856	2
0.11518658788392853	51.9304963661683	47.74643937367636	0.028104104060656953	0.1797735682107696	2
0.04145004225617052	49.25874322812403	50.522056454220056	0.0445994072411754	0.13315086815857768	3
0.0593649316690079	40.375363248840465	59.42556544201957	0.018508524689562735	0.12119785278140276	3
0.01782490726317411	6.4836234907603165	93.4508552363855	0.010316455962230527	0.03737990962878464	3
0.0408462296533651	8.083597451162298	91.77751287805549	0.021359892496375446	0.07668354863245508	3
0.04934197350604733	17.736495667648395	82.07783386479468	0.01742894469650084	0.11889954935438017	3
0.03378725167787977	10.047631051756948	89.78164394095546	0.012494980192753713	0.12444277541696806	3
0.033681455915438835	10.660851098445553	89.20708960054023	0.01688345048947555	0.08149439460929839	3
0.0664842319468721	8.751979163319618	91.00827727882711	0.024929745795610428	0.14832958011079236	3
0.454358693130403	21.299629555053436	76.68015490877576	0.02944048096327137	1.5364163620771376	3
3.9544205571126834	54.101332636918045	7.251076553684724	0.21434758457426686	34.478822667710276	2
3.506503512780908	73.96953628581112	21.38881846367044	0.07968194718820187	1.0554597905493213	2
6.814429685564119	70.16366445255284	20.667911408428125	0.11757061050820901	2.236423842946715	2
2.112661026293971	81.3717508415431	15.655212579942953	0.04866269549215925	0.8117128567278062	2
0.8812563260153	67.82065125886483	30.704728818162234	0.10882036272869605	0.48454323422893897	2
0.7335794318337294	74.75156627664234	23.796396327618023	0.10840434496601145	0.6100536189398906	2
0.16325196359902122	62.68533711008786	36.888926063087	0.04638460099810525	0.21610026222801337	2
0.21640760767242992	62.87818139972094	36.50070751033036	0.049511209083697535	0.35519227319257407	2
0.7010571486529986	60.61046430422113	36.424169821008775	0.050391352023450686	2.2139173740936453	2
2.8173348602802504	63.38461823330464	28.917319085897088	0.1352012982280658	4.7455265222899605	2
4.527658366401439	79.12304136899945	10.832690215805012	0.04399968651168022	5.472610362282426	2
1.6802241899586507	92.00830602153991	5.899836476312985	0.01761921431800902	0.3940140978704455	2
1.3409308648804728	65.38921736320029	32.850382851991064	0.011047464842738447	0.40842145508543	2
0.5160979124074294	89.55846653045958	9.701002461684812	0.019074753173355313	0.20535834227484157	2
0.27564340799534265	71.11347506007691	28.184870377737386	0.030173788670134087	0.3958373655202285	2
0.421613324421166	57.429272186940295	41.93556877061649	0.022699925460018987	0.19084579256200468	2
0.14739154953398248	85.06611994287637	14.497790007117112	0.02104866338164088	0.2676498370908794	2
0.11500008229829485	66.7959405660127	32.83307028733947	0.03284226317157699	0.22314680117795507	2
0.2089178562507228	73.70591450949252	25.533699573465256	0.031988676046687946	0.5194793847448198	2
0.43955584873679315	64.28496550719628	34.78582261901792	0.07449557959530198	0.41516044545370906	2
0.45741934983220406	81.97535241944769	16.97756267618923	0.06914504190100136	0.5205205126298723	2
0.4929396845091933	49.64050679871478	49.61007907677896	0.030083824398279918	0.22639061559878393	2
0.3096032102567385	46.62257390455446	52.880755296701146	0.01809802442782733	0.1689695640598289	3
0.13492657249011508	51.61340581986473	48.05534270505802	0.01506387039925896	0.18126103218786813	2
0.26510901089508815	41.94971875116158	57.423374502067205	0.05370777854971444	0.3080899573264019	3
0.0792648951307732	13.447542987946617	86.36519265238321	0.014732942417089268	0.09326652212230836	3
0.14444542637535648	51.61667569003162	47.92012155726973	0.025417275361046206	0.29334005096224075	2
0.024432836896209436	11.198662486060746	88.6809112751103	0.005705471838359807	0.090287930094364	3
0.1963148468348025	73.31835449004939	25.979242858162927	0.015184777568632705	0.4909030273842534	2
0.1809883692912528	43.45242069503518	56.042715848546045	0.0361066430415572	0.287768444085971	3
0.09130712280282759	19.90389847987171	79.82362267517169	0.020096705371130768	0.16107501678264333	3
0.24616056597525018	68.99092933825862	30.361166011926915	0.034711520768148936	0.3670325630710635	2
0.33443985465084225	32.09521132399848	67.30952172030224	0.05939513471925848	0.2014319663291736	3
10.872957667813008	29.812226875453174	36.32660025478322	0.2411779303358824	22.74703727161471	3
6.122051837924413	52.28782834589144	36.48228856531161	0.2606507227951033	4.847180528077434	2
1.6392071052028379	78.655527616869	17.829593153161703	0.12086129183883787	1.7548108329276182	2
1.6529586621755137	94.43872905556265	3.213520679987759	0.03647141048470521	0.6583201917893691	2
0.29006084878113686	51.635546782593956	47.29837542174438	0.06887538320170025	0.7071415636788172	2
0.14923552589506806	71.95089199951202	27.465055560226524	0.04782291804271629	0.3869939963236668	2
0.15549818520116093	70.2424622643026	29.107661256792145	0.05275796655274746	0.4416203271513298	2
0.20863152185697292	46.05984510326184	53.17593910286562	0.06020999762388974	0.49537427439167186	3
0.260963056507154	77.26620472910872	22.02120536262266	0.08540580678641248	0.36622104497502966	2
0.17754965309987505	87.74019825121654	11.655934325541862	0.15548640438924743	0.2708313657524877	2
0.17050399554833287	63.85162391796597	35.455903931167896	0.15457311098128762	0.367395044336498	2
0.24425260470305565	37.106838804467536	61.422034061944416	0.523708000153583	0.7031665287314157	3
2.651131335416496	65.32759439229936	17.816825069228027	3.079803175175863	11.124646027880248	2
0.043251916381740425	0.09785240017903464	0.0041351673817084655	0.012730282750666027	99.84203023330686	0
0.41218181986954544	0.08031437183485368	0.003094856372579195	0.014795426069891319	99.48961352585313	0
16.17308194188758	1.0005973872332594	0.008690896079760401	0.16611709109769723	82.65151268370171	0
74.07162398543599	4.554497953291826	0.024417047318890123	0.2398669249550189	21.109594088998282	1
60.96677895519774	20.078361109623685	0.7615635634198376	0.9743546648279651	17.218941706930778	1
29.827661455933494	63.62498478943521	2.793058639654376	1.6963975425039621	2.0578975724729607	2
1.9705721364716526	92.82399727515624	4.269245526791897	0.5803356703861314	0.3558493911940925	2
0.3844315319353857	92.50828578999551	6.794979001174532	0.15264989877393015	0.1596537781206388	2
0.4171418872797861	94.40470772749977	4.836835589271262	0.18877349015455894	0.15254130579460068	2
0.15443726167624863	74.45676807209209	25.14337580200705	0.10425337914134977	0.14116548508325144	2
0.3475725983290247	94.07951967148688	5.338416732653925	0.09420670291981931	0.1402842946103736	2
1.0130297393194303	95.77668127929245	2.4110246120897045	0.3514306739895633	0.4478336953088609	2
1.3687219867028335	96.80924469999523	1.4217471891979714	0.2647579272343217	0.13552819686964804	2
2.6197087054247605	95.36926502106002	1.3790893280492982	0.2346280640272965	0.39730888143862864	2
0.9665536506903575	92.11014076234312	6.674733575269531	0.11088567906856156	0.13768633262842014	2
0.8303135476667581	91.76944794029109	6.936136524227019	0.23854247716309415	0.22555951065205515	2
1.6539530125654092	68.26404893730786	29.636008019550182	0.21429132200974352	0.23169870856679203	2
0.99154238921629	87.08891328805676	9.960492222333729	0.8976279484381703	1.0614241519550467	2
2.246978525783979	90.20658858270497	0.5953735335702981	5.913051831287889	1.0380075266528788	2
1.8272765320827913	82.38423365783476	10.119580987159644	4.316834251404043	1.3520745715187765	2
4.674367760913074	84.68559682495804	2.306108285748155	6.327328020562304	2.0065991078184107	2
2.3184888667950796	72.18485667589103	0.2756959740355784	23.82094477790016	1.4000137053781467	2
19.742833735387254	21.718592610001924	0.01620535190314356	56.3822752130553	2.140093089652378	4
10.487464069403138	11.252033557996874	0.034403956179194874	76.23363968914202	1.9924587272787537	4
3.5190673482314305	20.077127502354966	0.05696849850917444	73.17454980641097	3.1722868444934798	4
3.0070734799379233	8.348431594076501	0.06983143452095368	86.98204966757118	1.5926138238934586	4
3.3676830515755665	6.702631845980337	0.025510011536938226	88.24455111521235	1.6596239756948212	4
2.609367295686442	4.8424427373138625	0.03162416098210219	90.90821002744369	1.6083557785739138	4
1.0566726961994393	1.6893983504820436	0.04519065211357485	93.75221671313	3.456521588074951	4
1.2542705409692945	0.9266793848342737	0.020540864102947302	96.33847794091224	1.4600312691812354	4
6.057298355283508	1.9532351821818414	0.009957305176203904	90.78263865365018	1.1968705037082579	4
1.3870031209171	1.2725406438925393	0.009766008970451746	96.09497979830591	1.23571042791399	4
1.2974892972042968	1.7968507867417696	0.007201566708592235	95.24811449074588	1.6503438585994832	4
2.890280901810999	1.4002759491324794	0.028957879405813965	58.0353033601473	37.6451819095034	4
14.888823857859467	2.7217931571397216	0.009829672452136265	79.07824337853683	3.3013099340118384	4
11.10345918494748	3.8804969085607115	0.02364673128640209	76.27425041453691	8.718146760668493	4
5.142332372917268	8.533729521961602	0.08188204446069948	78.72230238429654	7.519753676363893	4
6.741099352879	11.38261122892619	0.06045646360986035	70.78962566249535	11.026207292089603	4
2.7660570386555277	4.151531696818247	0.03878767082764662	89.87727537104465	3.16634822265393	4
2.3836910498915658	2.015351986152979	0.030627766452881174	93.76759320327787	1.802735994224695	4
5.16265800531323	4.880650569233884	0.0027621439453591476	88.0530037481496	1.9009255333579125	4
