N1	N2	N3	R	W	anotaciones
0.17990108373142935	0.20897053458260303	0.03502432265816739	0.001741788297049905	99.57436227073075	0.0
0.06069284209401805	0.18018727809091645	0.020800344315898042	0.0006856788085518122	99.7376338566906	0.0
0.007651741662977289	0.06911213531346388	0.03270630565840499	0.00041006084953649824	99.89011975651563	0.0
0.08373649067980549	0.31586654476546067	0.051515218464627595	0.0015571722854588743	99.54732457380466	0.0
0.6801660477046748	0.7604332132033889	0.04866748317694647	0.0030530653990209185	98.50768019051596	0.0
0.03848899842252045	0.14434649849338943	0.029895643381650242	0.0007769283329111115	99.78649193136951	0.0
0.17855316644254557	1.4661360446223775	0.049528487899307874	0.0029322718297255896	98.30285002920604	0.0
0.25159191095088973	1.392808591177263	0.021522022595677204	0.003979574520907592	98.33009790075526	0.0
0.017861103241707952	0.13954373725579755	0.042799589556107756	0.001512185404437971	99.79828338454195	0.0
0.009322367708819427	0.06591337686025324	0.02316238009787327	0.0005842981743833954	99.90101757715867	0.0
0.027995079855988484	0.09500445898438102	0.03002632960914923	0.0053119037394257695	99.84166222781104	0.0
0.13109396263356504	0.2500008959140492	0.024615542532561013	0.015760157170077584	99.57852944174975	0.0
1.0992306014193856	0.499896000143383	0.01209165083501978	0.02294212406468249	98.36583962353752	0.0
1.177471801635196	0.9788201796778013	0.022292512682201285	0.031144714308291608	97.79027079169651	0.0
0.5143543976032329	0.5038285672635368	0.015868206939029083	0.01982748012633915	98.94612134806786	0.0
4.5325969325509075	0.7259564518103856	0.009491016845850528	0.051366820112884806	94.68058877867998	0.0
0.34282791527276957	0.27125763315778484	0.01353625730548137	0.010109982742367811	99.36226821152158	0.0
0.868098133719387	0.6056238252908251	0.01919551799684799	0.022585860401764267	98.48449666259117	0.0
1.2043426580883743	0.3664418861688039	0.014224855225515611	0.017109411472636844	98.39788118904468	0.0
1.1535775211321775	0.3573560615073439	0.020547295698572148	0.009441085654373474	98.45907803600753	0.0
0.7996517119390796	0.50821037326966	0.0361688062564274	0.00909565787194806	98.64687345066288	0.0
0.11454970429637815	0.0621169829555254	0.010945164844289128	0.002017455689936634	99.81037069221387	0.0
0.6682139876835493	0.21597965856199225	0.021864442301738108	0.0074213731885246475	99.0865205382642	0.0
0.7826933901784193	0.3059266200881097	0.02320870675372515	0.009681793091339083	98.87848948988841	0.0
0.15549223015859595	0.13916567330827273	0.008361188362874082	0.0019526599790264413	99.69502824819124	0.0
0.18942874158351397	0.17588176750707007	0.011573584569179745	0.003747350164090003	99.61936855617616	0.0
0.20890241247384722	0.1418097925264451	0.008679852024754658	0.005186290766735831	99.63542165220821	0.0
1.235077075219299	0.2770287355105056	0.01668218830334568	0.02128722992106968	98.44992477104577	0.0
0.47576028129323555	0.3705408402284577	0.008659083317749358	0.010714631969737341	99.13432516319082	0.0
1.6808701009199654	0.3306738913376469	0.00904589103205113	0.031133179867012323	97.94827693684333	0.0
0.9524789829698495	0.5362908690135438	0.015191872143004338	0.012803349752007321	98.4832349261216	0.0
0.9618226675826593	0.28837436651234455	0.011105536604306552	0.015212975910811473	98.72348445338986	0.0
0.49209599199074955	0.15722268759955754	0.00951988000228932	0.007220523409116801	99.33394091699827	0.0
0.3165797347974191	0.22729525760747313	0.0047899190489574675	0.0073982761466925215	99.44393681239944	0.0
1.863607955424507	0.2329044998869726	0.006621362097942725	0.016828728899375978	97.8800374536912	0.0
0.38176601665947674	0.17081911919439882	0.0062625834023964915	0.005267333523116508	99.4358849472206	0.0
0.3645767108000411	0.1693635568104402	0.006693676201831861	0.009686840601767034	99.44967921558593	0.0
2.657980846019032	0.6844074165819294	0.010160575860509675	0.03989801464975471	96.60755314688878	0.0
2.218620121038434	0.6688373657628777	0.009530839999594183	0.050678501964161626	97.05233317123493	0.0
0.20212402491260797	0.12715687245968918	0.007292428358108715	0.009454976201074364	99.65397169806852	0.0
1.4570659250249884	0.28764676641785414	0.005660798021487043	0.02689318521063531	98.22273332532502	0.0
1.4876220830456575	0.35274850525093804	0.005384318859939697	0.025711252679023723	98.12853384016445	0.0
4.564176220611251	1.0974737449816614	0.009412194010084323	0.1252791620317768	94.20365867836522	0.0
0.7660479680893826	0.7847190325712843	0.005252823485508286	0.01794854400598368	98.42603163184785	0.0
1.1253763513171788	1.3878660709042507	0.008428237619505926	0.02361317460760013	97.45471616555146	0.0
1.0009363276591978	1.2413383198116235	0.010547712684423054	0.04113182867336418	97.70604581117139	0.0
3.6626630853767947	1.7586862711115603	0.010139397545611072	0.14843744053316227	94.42007380543286	0.0
0.1661256735721814	0.6344898216006092	0.02781783127973265	0.009877405927957444	99.16168926761952	0.0
0.3878461532724115	0.5081047560688206	0.00864114768337929	0.01680005197724025	99.07860789099814	0.0
1.4159304543882498	1.0347516076324297	0.011396903826074946	0.02454162159952611	97.51337941255372	0.0
3.0033941288055868	0.6974097076821147	0.011547156892297215	0.03736375656296937	96.25028525005702	0.0
0.465855762232304	1.1349352763130514	0.02322228679723133	0.0133724153205571	98.36261425933685	0.0
0.3955996224715659	1.028241448583669	0.01306661985647413	0.017009464930033545	98.54608284415826	0.0
2.7562775443046803	1.3671730112055176	0.011989430486327767	0.03654279850479434	95.82801721549869	0.0
1.2103632209440511	0.5456578159888664	0.008910529390749225	0.026971427522174293	98.20809700615416	0.0
1.1480881028694325	0.7836981859989914	0.003753117558958098	0.029801273044090172	98.03465932052853	0.0
5.240137396589748	1.1610201331361487	0.007312176786602748	0.0459287945501868	93.54560149893732	0.0
3.153240588641901	1.2994868233622652	0.004692652450327714	0.03121462162664579	95.51136531391886	0.0
1.0528578867022507	0.7089627174632774	0.0019615656559072475	0.020177106044752185	98.2160407241338	0.0
3.354311218428322	0.8586894999919423	0.004339425968244113	0.040528317296799676	95.7421315383147	0.0
3.4520145825081774	1.2438070915038575	0.004426317663248425	0.044771150843604515	95.25498085748112	0.0
4.954640266352702	0.6956125483517535	0.00677837833293808	0.035049638588791496	94.30791916837381	0.0
2.538231551454402	1.1076723506620092	0.009932191398572557	0.03441422094368483	96.30974968554132	0.0
4.541327227577844	1.2319276379188873	0.009714438153073744	0.04044196480391439	94.17658873154629	0.0
3.507367685489312	1.405912161822192	0.005502965639046633	0.05421407298663659	95.02700311406282	0.0
1.2417875186296763	1.072980535025586	0.003985149714778149	0.022636954304690104	97.65860984232528	0.0
2.3738633052889733	0.8861713785649816	0.006556322306714831	0.04683288985682208	96.6865761039825	0.0
2.3730253970769764	1.4399043551438304	0.013002295817020573	0.0490314583638541	96.12503649359832	0.0
0.9587037403059593	0.9481760253242559	0.010271255421810663	0.03198518075107367	98.05086379819691	0.0
0.42867192906498	0.43572984964900435	0.010682698889672751	0.05075704267803509	99.0741584797183	0.0
3.953904335447699	0.792636106971176	0.008689473679420903	0.081956878541601	95.16281320536011	0.0
5.568019910253495	1.288639145192033	0.00860511437726952	0.09036258363346965	93.04437324654374	0.0
2.8052826819378605	1.177749479004187	0.008532370038542882	0.08360672820609293	95.92482874081331	0.0
1.5902768692934506	0.9179459288077465	0.00821329038501934	0.08456357013776658	97.39900034137601	0.0
2.689472117394011	1.6358517246594193	0.015861361167310448	0.046662474632100874	95.61215232214717	0.0
0.19963657940987714	0.3325238093976658	0.08983493020864149	0.015000469510057289	99.36300421147376	0.0
0.15958748803136122	0.3295652927515293	0.08318295500793095	0.012821579114489123	99.4148426850947	0.0
0.06983360783110126	0.5128721067921582	0.08810046668698485	0.030650214603325364	99.29854360408645	0.0
0.09897336397575884	0.26886879920269385	0.06791701680874412	0.018524224852221806	99.54571659516058	0.0
0.0594897765031847	0.2391975348977247	0.07640452591856513	0.0033292440255421555	99.62157891865499	0.0
0.05447963279781683	0.20667957112380564	0.0187813881714796	0.001304997849437619	99.71875441005747	0.0
0.7760082310161813	1.8533805905888476	0.058063943872269506	0.008654670476144656	97.30389256404656	0.0
0.3717524579327731	0.7267466017254898	0.03869617235722105	0.0043007583354654445	98.85850400964904	0.0
0.5583308971615764	0.6737963523316186	0.012362345489695989	0.004361814343485581	98.75114859067362	0.0
0.1262724118132732	0.28136507119028303	0.01718274634028659	0.0012211838266425756	99.5739585868295	0.0
0.10912012965750892	0.2951429086935688	0.022777816900604857	0.0008929217509735786	99.57206622299734	0.0
0.02252412820847014	0.1909867374093069	0.10989509516602268	0.00048802428878685526	99.67610601492741	0.0
0.02312208211201335	0.22676498226800473	0.11743877292867146	0.00075129796501005	99.6319228647263	0.0
0.004054413485545786	0.02921986549479794	0.034717968920036174	7.854481541466655e-05	99.93192920728421	0.0
0.007710893592806963	0.07502247856335544	0.0718075781264056	0.0005241208332665433	99.84493492888417	0.0
0.02066961710185119	0.09766586597623539	0.030561855720196634	0.0008624081620781474	99.85024025303963	0.0
0.0097018796206976	0.057058032535627884	0.05238107838414255	0.0010554774499606876	99.87980353200956	0.0
0.006390025189049132	0.05789266915998752	0.04306977667250104	0.001671845536726015	99.89097568344175	0.0
0.2598498253426605	0.9452276772169473	0.040232517681388684	0.005035455661761147	98.74965452409725	0.0
0.25473449454363306	0.6302275033757381	0.011590928426162972	0.003132298826170024	99.10031477482829	0.0
1.031602284835315	0.8625453937060499	0.015406874823241302	0.008771489160249092	98.08167395747513	0.0
1.8897993522178733	0.6388695627464884	0.014800290186339299	0.01648438411458578	97.44004641073471	0.0
1.9896535578876124	2.08100875956537	0.025832699131707434	0.021088153757761786	95.88241682965754	0.0
2.972275822912678	2.3602691029264085	0.03853776686241999	0.04014477803891732	94.58877252925959	0.0
3.9686303761249264	2.7612568688974144	0.062368804900344375	0.06717373467221915	93.1405702154051	0.0
3.866706865875192	3.593598928477098	0.056591612017813174	0.09513863825450129	92.3879639553754	0.0
0.4922362863104694	1.69053617359569	0.03829528796446034	0.005343238906267161	97.77358901322312	0.0
3.731567071874884	2.387485283306578	0.04261572619895534	0.12408431910218654	93.71424759951739	0.0
1.0024258325552802	2.441345316117518	0.07195461934233242	0.02523593805085534	96.45903829393401	0.0
0.3005711647406352	0.5714913944595035	0.034077161245973146	0.01861797377211562	99.07524230578177	0.0
0.3069086865409533	1.0157014986958834	0.06085969861278706	0.025677592298507648	98.59085252385188	0.0
0.9095755415709703	1.1478638809853874	0.03540070294749098	0.038155237667915995	97.86900463682822	0.0
1.6985116924444186	1.0034564063338827	0.04538551308338102	0.02072566498807778	97.23192072315024	0.0
0.6776553099857112	1.196476397842393	0.03284756043201498	0.008680975132086498	98.08433975660779	0.0
0.9448511677225414	0.4413817251239914	0.012023018322612024	0.019740138960073275	98.58200394987078	0.0
1.1910664567281595	1.0000994741807772	0.022729747614770722	0.011197418311169795	97.77490690316513	0.0
0.8085766920132693	0.8250005427936832	0.03778854026751953	0.019755778078654126	98.30887844684686	0.0
1.6891242902367414	2.1151591947920587	0.03881007292686258	0.0187512795389951	96.13815516250534	0.0
0.20115995439978104	0.5663791040860077	0.024639069246979447	0.0054308194966314035	99.2023910527706	0.0
0.024390736809310712	0.20093173080817447	0.05107113824853437	0.0034139810536823936	99.72019241308028	0.0
0.02178609141606524	0.2623570548167658	0.16771434567701296	0.00330044389943972	99.54484206419072	0.0
0.013552612015769095	0.08662632945699793	0.03852475636305533	0.0015518320289553762	99.85974447013521	0.0
0.01048988728808611	0.05738117901009458	0.020111949226289696	0.0007312046795218534	99.91128577979602	0.0
0.02364960781060062	0.07907494714493703	0.03664767159232095	0.0004989228398134852	99.86012885061233	0.0
0.034676633750180146	0.10176159828108156	0.022208605207695416	0.0014245439062598227	99.83992861885478	0.0
0.06335905797581369	0.17542254466588503	0.07063560892895375	0.0016049315234766823	99.68897785690586	0.0
0.17493567771284557	0.2085814976166596	0.12422889797616275	0.009274439810528438	99.48297948688379	0.0
0.04614066442791098	0.10223376028698249	0.018199414464049168	0.008237961819944937	99.8251881990011	0.0
0.09308777644806795	0.09578977267897383	0.011525555856513598	0.004851250855035084	99.7947456441614	0.0
0.7146916873980734	0.37975472093203483	0.007852179066415544	0.024849343631884294	98.8728520689716	0.0
2.0623325633050222	0.6325185368141045	0.0020838013708639877	0.049247715878628875	97.25381738263138	0.0
0.9316298052171049	0.3366076989097483	0.001689222977422742	0.039625405353471456	98.69044786754225	0.0
0.48247860852884095	0.1935982738934449	0.001810073937363194	0.013373014021500828	99.30874002961886	0.0
0.26444768810828506	0.07834873934015296	0.0005748817428694742	0.007723349362326526	99.64890534144637	0.0
0.7999382448153047	0.23404294916709723	0.0009255452760338485	0.20117292510172963	98.76392033563984	0.0
0.33342723710660194	0.17167478033472255	0.0008025416620370737	0.03565676677140937	99.45843867412523	0.0
1.4196251242401903	0.40559826354584017	0.001328737534633419	0.0436810721572112	98.12976680252213	0.0
4.98533738078639	0.4365255280016819	0.0004307408122222526	0.09528864602049657	94.4824177043792	0.0
8.445861217806277	0.9215956925305455	0.001322380254265006	0.04963542598858693	90.58158528342032	0.0
17.06912157965584	2.8450861110543655	0.007229173071353883	0.0514364632382929	80.02712667298016	0.0
74.14806556676224	16.221515002411564	0.004132023431632304	0.11124538396365152	9.515042023430908	1.0
57.20838698910596	38.33227260898884	0.019698753205729263	0.4740027619791306	3.965638886720334	1.0
11.354862948933222	62.399012327238815	0.10864356573458847	0.6377031735726773	25.499777984520705	2.0
11.216242688954484	84.12196835194354	0.04715614793022134	0.4666834213008476	4.147949389870908	2.0
2.186658786538013	95.44022192001715	0.3256371365063035	0.2884361173719741	1.75904603956655	2.0
9.134173813980045	55.23493289472625	0.9544231066082317	0.5749063688106576	34.101563815874826	2.0
0.5870145804714565	1.2197443971792707	0.006728190034481893	0.050301666023129424	98.13621116629166	0.0
4.011876102620699	2.101188978293444	0.006709978995263341	0.0696937829815244	93.81053115710907	0.0
32.37805245221827	51.6919612993734	0.06556216991587344	0.2616610004500491	15.602763078042422	2.0
14.76217039794077	57.69193354872717	1.8715959027916635	0.27687092577016115	25.397429224770235	2.0
13.730319470263277	28.046428220621117	0.039150342735041296	0.6765057587641962	57.50759620761636	0.0
14.613130089044525	81.44885136435255	0.03343098547373911	1.2369692856923622	2.6676182754368383	2.0
1.7132970654157187	1.378830787282301	0.04316568655644476	0.04014471203571726	96.82456174870983	0.0
51.18751838278496	30.871501951554254	0.022242890558407457	1.635711859521487	16.283024915580903	1.0
10.650302389607386	52.457624474201694	0.9125776739572514	0.15211262814638524	35.82738283408729	2.0
26.83374948641101	68.7630233987877	0.02146092372075468	0.24858020937967218	4.133185981700873	2.0
1.8650181586775054	96.48660401369791	0.2981201937323318	0.0468757303184342	1.3033819035738077	2.0
4.485023843810641	92.53457654052526	0.03584281847399534	0.22202336838413175	2.7225334288059626	2.0
3.3368126065396275	93.70000748315739	0.6058352268275286	0.07097332278030075	2.2863713606951905	2.0
2.2931939615606236	21.551120141753387	0.018957095665200575	0.12849661183326505	76.00823218918752	0.0
8.95924228170512	25.062341102389276	0.013660656489064416	0.07663462365032235	65.88812133576623	0.0
13.065605195617765	84.8812988913563	0.011868876351501847	0.045184475826798534	1.9960425608476509	2.0
3.5854093005418557	95.618982947222	0.05137696426324521	0.06163727360685106	0.6825935143660274	2.0
8.130135967925797	31.19818093496488	0.030003176055057024	0.05922118649659331	60.582458734557676	0.0
3.6489182756690046	95.28815371850042	0.030477600355283612	0.03314609265439741	0.9993043128208978	2.0
0.32905162396901966	99.28697423087083	0.19037371279439125	0.01358841618627469	0.1800120161794643	2.0
0.2933813051247675	99.0855111614883	0.3788409248762502	0.021370040318756257	0.22089656819191134	2.0
0.23933904871637082	99.233982488131	0.15989505482923497	0.03364826524211105	0.3331351430812775	2.0
0.19541209739246515	96.48244642798845	3.033431273618269	0.02530270955354686	0.2634074914472734	2.0
0.22009521793405537	98.36724986240641	1.056115601110446	0.028610930618210836	0.32792838793087015	2.0
0.14777916935877783	96.46552272844738	3.124522513050335	0.019932191061814968	0.24224339808167458	2.0
0.42040221225331786	97.05933970980793	2.0429352426032046	0.08713900015648053	0.39018383517907596	2.0
0.17206118152300823	96.2716571479224	3.3451712630361756	0.021339527132805985	0.18977088038561218	2.0
0.12117440326236939	98.54948981088589	1.1928484609303645	0.012971975199733374	0.12351534972164158	2.0
0.1622380681840586	94.40511007017773	5.2183437735923786	0.02443331725849104	0.18987477078735682	2.0
0.19205615812243082	95.7433243326962	3.8699464275079705	0.0206928873992057	0.17398019427420117	2.0
0.20076223029660312	95.38831938440606	4.042277633357879	0.017265811170655183	0.3513749407688011	2.0
0.2174191681621924	89.31863718244594	10.21515325862943	0.028313177212100065	0.2204772135503384	2.0
0.1587073353288155	45.85737259236364	53.68733509152987	0.01782206784644141	0.2787629129312427	3.0
0.13035753780730708	54.5752443095265	45.05728317272765	0.02484939646427878	0.21226558347426572	2.0
0.2917179474502779	86.82483549288725	12.55433525202859	0.0372279316723667	0.29188337596152913	2.0
0.04602907585549035	19.30902141911603	80.55980707156574	0.005085859364431218	0.08005657409830352	3.0
0.23396316347914595	83.751323172927	15.682985308360358	0.016343280047948244	0.3153850751855208	2.0
0.2349822284685174	72.50733599346614	27.043940875505907	0.011783001965101212	0.20195790059433322	2.0
0.01827640462251958	7.118632021183571	92.7950430505114	0.001987784232424615	0.06606073945008642	3.0
0.0648816474279133	27.512902278779254	72.31414782106962	0.009012884381157502	0.09905536834202518	3.0
0.11539818104595631	30.018155692039862	69.69638078774501	0.013565538783078925	0.15649980038609684	3.0
0.06846340785911074	9.74986704798737	90.06128839133721	0.007378722864870162	0.11300242995141924	3.0
0.16896287577040783	47.75492058857443	51.94079623795756	0.01558856456851467	0.11973173312909001	3.0
0.07178763352783978	13.894283545062747	85.96620892968858	0.007251274730794749	0.06046861699003671	3.0
0.05543148510080652	22.596808920020983	77.26277716883924	0.00586150883552312	0.07912091720343972	3.0
0.02172808610923017	6.2065073837999005	93.6553893253294	0.003309387675285608	0.11306581708620182	3.0
0.04226949402244197	10.52326113019096	89.3494397366064	0.0062094889834695514	0.07882015019672	3.0
0.3778511205062317	77.85102034339488	21.343491719690157	0.025360596370215514	0.4022762200385158	2.0
0.09387434064718876	18.13164316158192	81.5408263965658	0.014531704131048566	0.21912439707404402	3.0
0.02056144766137172	4.605578485608762	95.30499892797837	0.0017132798541110625	0.06714785889738491	3.0
0.07506141007084285	16.290332867888292	83.50836553954066	0.008559973583881527	0.11768020891631406	3.0
0.046203581742174406	9.423724393507726	90.37996084210333	0.005585731385937808	0.14452545126082814	3.0
0.036136573159460735	5.1002974800035155	94.8129386337705	0.0033296608460260334	0.04729765222049	3.0
0.049839030501699216	9.955140415701427	89.91680612239078	0.004562164278739206	0.07365226712736132	3.0
0.026477090540803556	4.8860111396485575	95.0454240221149	0.0019480830467137743	0.04013966464904489	3.0
0.03335296091485339	5.286456150812556	94.6149494388847	0.001780707762793518	0.06346074162510379	3.0
0.04138508529838538	9.954740127779063	89.86555588260032	0.005834184528212047	0.13248471979401688	3.0
0.08385626922406841	22.3838445590678	77.44229866899796	0.00852492303258711	0.08147557967757432	3.0
0.04733377472630333	9.1095762514405	90.76105627508313	0.0048718543847527315	0.07716184436530149	3.0
0.35648384202304195	80.01273122238388	19.336435109876575	0.02909003985614166	0.2652597858603628	2.0
0.05779070434986175	9.337365712913408	90.53071495323633	0.003681866173910235	0.07044676332651377	3.0
0.0439697691719469	10.33104203420878	89.55074659032877	0.003995625028018008	0.07024598126246788	3.0
0.03253038407462821	7.697787823823246	92.09731544400746	0.004038726979542387	0.1683276211151189	3.0
0.018256760147028185	3.4228604817615196	96.51224087261912	0.0008703300648015965	0.045771555407517865	3.0
0.46210549419180413	82.50149260495525	16.57725048800441	0.02230329726956469	0.43684811557898556	2.0
0.015629902813922136	9.70765385729874	90.12554619790282	0.0058186821747852535	0.14535135980972622	3.0
0.01043828699766068	2.856201509865894	97.1015360153052	0.002634219945382602	0.02918996788587116	3.0
0.015323552958955914	7.065450293099726	92.83415107665793	0.0016455104307959531	0.08342956685259001	3.0
0.034561602577522735	11.019665632173172	88.8695801912351	0.002388836050461973	0.07380373796373506	3.0
0.04361981192180315	14.45674805866208	85.41385570854155	0.0034354243237576655	0.0823409965507938	3.0
0.012295691504760132	4.428467128931475	95.50508514357301	0.0008460856925061211	0.053305950298238786	3.0
0.007981919244271997	3.695358254586946	96.2506092749739	0.0007394777274429865	0.04531107346745772	3.0
0.01840036596973355	4.96134858005511	94.97458746241061	0.0011072397065724105	0.04455635185797881	3.0
0.045936276718165525	24.489034126301977	75.32666378453948	0.0029402095350069073	0.13542560290537492	3.0
0.01600092015881791	3.4976727742042932	96.4099756991842	0.0010500733414001789	0.07530053311130619	3.0
0.06027437968176633	42.773939030835436	56.97571111108567	0.008342092843473826	0.1817333855536618	3.0
0.016939870617054625	9.898447801620833	89.9888793623905	0.002142071022718768	0.09359089434889746	3.0
0.3867819006984177	78.47332378898042	20.796886366158144	0.02315987812355562	0.3198480660394542	2.0
0.028754432457394025	19.193507397790242	80.64683745957386	0.004435753402281837	0.12646495677622008	3.0
0.08094923510529607	39.53935354077901	60.161995262075266	0.008955145455949873	0.2087468165844853	3.0
0.062208763430268134	14.593289136331064	85.26503147849677	0.010717775913508878	0.06875284582840162	3.0
0.018942389957843905	2.4276521658841834	97.51871194560935	0.003968625728699782	0.030724872819909432	3.0
0.08374162552424914	10.122413685052457	89.70610936263343	0.010512114278037823	0.07722321251185038	3.0
0.2295989686360089	21.005170277155713	78.5586844162158	0.030305335432281984	0.17624100256020378	3.0
0.029051442831028212	2.1408426440686976	97.7708552477898	0.012772742139744504	0.04647792317073483	3.0
3.963525272892986	85.15567218748174	7.231974835759856	0.29827997799916744	3.350547725866261	2.0
0.8142837894753431	90.48245263331914	7.112379826833239	0.36370059493004414	1.2271831554422563	2.0
4.905027631142852	81.0118320901213	0.3801028353870058	9.892504768826814	3.8105326745220216	2.0
1.911360077390316	61.68043577641237	0.22606161553811518	7.681150536256379	28.500991994402813	2.0
4.481655572213122	71.31701352381353	0.0319640787017368	23.189921456391037	0.9794453688805764	2.0
4.409595520489074	63.44278999521668	0.024801019999004678	29.88209341803626	2.240720046258981	2.0
24.992831578699253	29.878992476662976	0.004588239177161399	36.342800133056016	8.780787572404599	4.0
12.318533678665073	31.837971750142017	0.003053270040356481	54.93847274347377	0.9019685576787697	4.0
10.917886051571816	10.36224137819021	0.06773957516027213	7.12518803799354	71.52694495708415	0.0
23.441478752479384	30.186371318775894	0.003802532821229676	44.117832224888815	2.2505151710346696	4.0
12.52298294320193	39.031282595285674	0.004255620104779564	46.655676484952664	1.7858023564549592	4.0
15.539792864477455	26.677682192027714	0.002729348910980174	55.4040974012431	2.3756981933407513	4.0
6.773405308710447	42.30267706922983	0.0025942673548760083	43.97065391840073	6.950669436304091	4.0
4.507379715727888	39.04943268000562	0.007790495302423569	54.68100257136501	1.7543945375990577	4.0
6.014921753968566	22.444512204629564	0.0030404963218686066	69.56274838404018	1.9747771610398368	4.0
5.233796660161914	24.138684995332866	0.0040087181782939	58.323924021381345	12.299585604945584	4.0
10.184047653964406	12.485794830598756	0.001636529862532703	73.18557277439594	4.142948211178371	4.0
9.72350125609375	26.200960729930312	0.002609636570755746	61.87703882530157	2.195889552103626	4.0
9.50166045501097	31.04082442344215	0.002207122239771856	57.52943352948508	1.9258744698220178	4.0
5.7546854464340225	19.39418621585835	0.0009859732814085638	73.43794178844142	1.4122005759848002	4.0
3.5610360437710527	27.418313875161292	0.004465181688313062	67.94334575507092	1.0728391443084109	4.0
2.3014641389726047	20.99451752689398	0.006486844787019077	75.59420346802833	1.1033280213180767	4.0
3.268127171656976	17.32330209076938	0.002724634652418647	75.60872318400969	3.7971229189115414	4.0
7.184570412549124	24.796228134028176	0.0040356833756386825	65.83388009675085	2.1812856732962125	4.0
11.912416385007415	18.470885281368314	0.002548042197827266	63.767269353171784	5.846880938254669	4.0
11.276664227820431	21.682324126372567	0.0015794640164068343	65.35626631780279	1.6831658639877904	4.0
10.301667635124677	25.337485964593938	0.0023420064935467046	62.04881978907931	2.3096846047085253	4.0
5.837624006593865	17.19737904770253	0.0030262309059834146	71.08793789510429	5.87403281969334	4.0
0.7204472389625225	0.9219114724486919	0.014320950375335378	1.438839017882934	96.90448132033052	0.0
25.473298712265617	5.86417074568742	0.00284926845583006	10.239998897794836	58.4196823757963	0.0
64.72617605928869	9.194134334682758	0.00670908526375827	12.303589015469656	13.76939150529515	1.0
42.14527449236993	20.053737928550206	0.0022539143192230656	7.254501100145813	30.54423256461482	1.0
26.72700853766092	33.68794101873471	0.007150821429138516	32.04634508291207	7.531554539263155	2.0
21.388328783367264	31.91029668201746	0.021185019170919556	21.352072856958593	25.32811665848576	2.0
21.324859677575585	5.430059202321394	0.017190434539895678	15.021711691910284	58.20617899365285	0.0
25.019701748527428	50.39622091406609	0.005231188717707106	17.626875667605223	6.95197048108354	2.0
11.465910831932396	67.80082880156823	0.012511867923553131	16.24629576834351	4.474452730232305	2.0
9.095748905183603	77.20301661247349	0.01234375155674965	12.555500178903303	1.13339055188284	2.0
5.7221508809739845	66.73954768021858	0.017230277612805083	17.567488708892682	9.953582452301927	2.0
0.4346460889521066	0.4785351158967161	0.002243625609767426	0.2765782760897985	98.80799689345162	0.0
37.05502894757316	11.73605878970098	0.0022079760493022432	3.6611104572298188	47.54559382944673	0.0
68.08058398004383	21.68699254758134	0.004235122224949759	3.0470940646955156	7.1810942854543685	1.0
25.910006212353938	20.647463106782887	0.004865671533259145	1.951202131434239	51.486462877895676	0.0
52.4180136850357	43.43084922131345	0.004401850877125023	2.5875956517206307	1.5591395910530972	1.0
21.971423073912018	29.66166425448925	0.0053607954082776224	3.3592673261622323	45.002284550028214	0.0
31.22736923303201	65.29678126086995	0.012201891716794328	1.4055012609618636	2.058146353419391	2.0
6.299768802396316	92.71287378350264	0.00963145999020006	0.48172943727127265	0.49599651683954393	2.0
1.6495285353521703	97.83740184314337	0.022335548319023995	0.15866116042678072	0.33207291275866685	2.0
2.3006429933156958	96.7880084466722	0.02561243968757272	0.40836941420407263	0.47736670612046106	2.0
1.193492705163309	97.91451452234968	0.0690771500866433	0.26022542242531443	0.5626901999750207	2.0
1.078463960741847	98.24473529429673	0.09801772250605453	0.17288279484079283	0.40590022761457384	2.0
0.49847513679621297	98.67402497510132	0.23484734509012914	0.17731184555104293	0.4153406974613032	2.0
0.4970077547193942	99.07493569160754	0.046997340347729205	0.11795344141307977	0.2631057719122713	2.0
0.17078439406137527	99.51054379986091	0.10085239418919667	0.06183905868610124	0.1559803532024249	2.0
0.5112506195270703	98.96682206405296	0.167876732178787	0.10123224666900026	0.2528183375721685	2.0
0.6833922188676256	98.54441329428624	0.22271141501386763	0.12814645219197437	0.4213366196402865	2.0
0.25838913959420545	99.03739935821567	0.4397571820648474	0.0840763597623673	0.1803779603629181	2.0
0.4844630529379503	98.63376673601898	0.515951972234352	0.15477519555558605	0.21104304325314502	2.0
0.5461393014381326	98.65322743162433	0.1351939347171167	0.14683259660499526	0.5186067356154225	2.0
0.2349228775994749	98.94627970742775	0.49050733197027674	0.11314862525816267	0.21514145774434723	2.0
0.46195184293633584	98.42985045628889	0.6177276951473208	0.18060226217137787	0.30986774345606805	2.0
0.17306300650389903	97.95927216206461	1.5983668386738334	0.09481674171759305	0.17448125104010595	2.0
0.4331266941770304	98.35159591514518	0.5593037699570141	0.2324974551017008	0.4234761656190397	2.0
0.3559075180945786	98.47224853144562	0.7380663986893721	0.1510691413530362	0.282708410417397	2.0
0.18124791020006026	96.59610978737622	2.8317705139199414	0.07862916492909801	0.3122426235746911	2.0
0.15212968752938036	99.08903205377148	0.49672039095483167	0.0774460443568227	0.18467182338748986	2.0
0.1823696168630392	94.15098072389068	5.413690038232498	0.07597110290576706	0.17698851810801183	2.0
0.16234579000126545	98.54448907130802	0.9536299289539166	0.08439795804656948	0.2551372516902316	2.0
0.12370557166941673	96.62454631543802	3.0127274786196834	0.09066195933554837	0.1483586749373129	2.0
0.11161661718546445	87.04613551019746	12.62013346416866	0.042599128792312105	0.17951527965611047	2.0
0.14901511517440594	93.95973753340793	5.642212422713583	0.052133117082707	0.19690181162136197	2.0
0.20190063067809624	96.73118914740783	2.7260544076981024	0.09545567734992648	0.24540013686604528	2.0
0.16067249944711726	94.39903503267657	5.167486334852698	0.04535210798560696	0.2274540250379977	2.0
0.15704881034941906	87.12506183929136	12.540018409021469	0.04028572640955285	0.1375852149281696	2.0
0.15540884434591526	88.33536048044685	11.199562673979857	0.04852912371403624	0.2611388775133601	2.0
0.12101808343943125	86.76464489787237	12.95841706412746	0.025632697742522064	0.1302872568182176	2.0
0.29965722549039253	91.73834156567612	7.625073966704571	0.04728409519243791	0.28964314693647614	2.0
0.13964028616605345	71.30815288070802	28.344975677320996	0.030772422600062903	0.17645873320487704	2.0
0.31819150507643357	90.05760245074202	9.294531544954163	0.038733222088286966	0.29094127713909124	2.0
0.20232518413994047	80.7017041223816	18.870050734636816	0.028851719966145894	0.1970682388754914	2.0
0.2803290042449151	84.74220024265024	14.754141315383102	0.03665192428973167	0.18667751343201075	2.0
0.10953154383810455	60.76472712345381	38.96746342252222	0.022234623134417115	0.13604328705146473	2.0
0.2576200836061218	87.7665338653193	11.813771734632269	0.024920501864197177	0.13715381457810874	2.0
0.014371785995954612	4.737881721942439	95.19892263656291	0.0028937928495784	0.04593006264910912	3.0
0.06840175183043286	36.5990813952599	63.213743509678835	0.009025227511398334	0.1097481157194452	3.0
0.38221186211696756	93.80128139724896	5.520161464951233	0.04886418215069476	0.24748109353213177	2.0
0.01953112650890655	12.107910686601167	87.83255878040126	0.0056513165959371	0.03434808989271712	3.0
0.11098173990224695	58.62496746070589	41.115018940497116	0.019535711228060432	0.12949614766669149	2.0
0.029029920590502963	15.335634489713954	84.57987950763514	0.008998561028534108	0.04645752103188308	3.0
0.03173663766500082	26.80183074435793	73.08882900502319	0.008995723663831631	0.06860788929005064	3.0
0.0858588268557274	30.157421802555106	69.65671445019568	0.0171335519279065	0.0828713684655682	3.0
0.012646805568800526	8.76794983762119	91.17819454040689	0.005916010860544163	0.03529280554256973	3.0
0.05380099211284968	22.54374578836736	77.30309463666497	0.010085369085984156	0.08927321376884505	3.0
0.13215547017535473	62.54606845389171	37.18268377092375	0.02036379569844756	0.11872850931072694	2.0
0.017313986474825165	14.831599895257972	85.10931151333475	0.0043148062567679585	0.03745979867567864	3.0
0.026067490615116054	19.807825991512455	80.11712673066957	0.004435700634620907	0.04454408656824778	3.0
0.029289423478135082	18.46365666707385	81.4503530540785	0.005578264502752908	0.05112259086676728	3.0
0.023191212101228688	15.662214784404767	84.2632640031446	0.0033947272929663345	0.047935273056444384	3.0
0.11179986166192896	65.4199436064524	34.31086047063832	0.008263585592350315	0.1491324756550006	2.0
0.11899618325463984	68.56511373247407	31.083978318222073	0.01456978391630908	0.21734198213293343	2.0
0.06204676466201335	35.918525757195674	63.894494147268055	0.008684001580182097	0.11624932929407306	3.0
0.025534948210744906	23.232817562898532	76.57424626593593	0.004401475489867845	0.16299974746494114	3.0
0.06617660732019787	45.308972147837125	54.46658439786079	0.007179025751302504	0.1510878212305787	3.0
0.009115475477628665	5.285174583193192	94.65726471384383	0.0023758636514443518	0.046069363833890445	3.0
0.022919882840555322	10.573847820497976	89.33818429601111	0.0031445463087186416	0.061903454341638325	3.0
0.10483157777340273	51.63156898386813	48.08306837777337	0.00994818013664948	0.17058288044844533	2.0
0.23760968985862282	82.57615556337296	16.91922820881379	0.019233989112458435	0.24777254884215555	2.0
0.010855859688366014	5.4516860593296546	94.48415110933553	0.0030468889708456064	0.0502600826756344	3.0
0.01216947615055896	6.005869824306847	93.8516066583712	0.00689799050066326	0.12345605067075138	3.0
0.15650751955538272	51.62958022082522	47.91985845504552	0.03007476485659	0.2639790397172795	2.0
0.18758031838914244	74.00850872834593	25.590759257484265	0.029808847046933165	0.18334284873371856	2.0
0.061544475785862564	24.260881179397966	75.54562905440564	0.014626133685894709	0.1173191567246272	3.0
0.08344949621580244	43.871660951031124	55.81653352169618	0.02609601953216004	0.20226001152474768	3.0
0.11703735186068893	54.8411828806391	44.73557427666201	0.049370753685110604	0.25683473715309485	2.0
0.12323326114074866	54.6491071828388	44.903196441987305	0.04210220657892926	0.28236090745421105	2.0
0.028376501045071088	17.800011171443145	81.87228073322315	0.021022546074695874	0.2783090482139456	3.0
0.04284657309627081	32.179055390997085	67.53949905589471	0.019089308240488916	0.21950967177145128	3.0
0.16044969247737678	72.84696337560874	26.713978203339423	0.034633134592298116	0.24397559398216404	2.0
0.033446778085296947	12.449120106874373	87.43619376852284	0.008826081157786178	0.07241326535970666	3.0
0.17351677231177887	87.00477922633384	12.457423827823542	0.03964347616186746	0.3246366973690085	2.0
0.0330577097812319	13.599464075600935	86.26672761056908	0.00884219250116417	0.09190841154757638	3.0
0.037076517002574756	16.842742689134912	83.0196204986744	0.013294192526579603	0.08726610266154008	3.0
0.1825371499573982	70.09879862444771	29.337773349845076	0.05648895409891978	0.32440192165088644	2.0
0.17694837431360425	53.913547728217004	45.57099113234147	0.036802918037897224	0.30170984709002585	2.0
0.03360240441750066	11.627877944238021	88.19537203245486	0.015020408002472401	0.12812721088716245	3.0
0.1554097779325106	57.9523262767889	41.62549390343448	0.05186904176926662	0.21490100007482918	2.0
0.04761587259621928	8.757905196444806	91.01660201066703	0.025395508525577145	0.15248141176637506	3.0
0.1486314682437135	55.19420054759364	44.36849952514436	0.0723235725056496	0.21634488651264822	2.0
0.0877927187295564	36.28750486922479	63.39536705762955	0.04538513275157562	0.18395022166453515	3.0
0.04765543754625072	27.072037253536884	72.70281277987566	0.02832885502099613	0.1491656740202155	3.0
0.1431119844273362	50.45097058643751	49.06714160477611	0.06159115340755362	0.2771846709514935	2.0
0.05720857112995303	9.380157999390766	90.47813286185415	0.015136378921788842	0.06936418870332882	3.0
0.1452959947428672	40.481342556281405	59.097015768261706	0.02194896761286044	0.25439671310114487	3.0
0.07493545430968317	19.254586594166724	80.47814849217569	0.022157840091766873	0.17017161925611748	3.0
0.19500710697589357	62.692786785075896	36.6205263125314	0.02745557869562919	0.4642242167211889	2.0
0.19687490420537604	63.36930012726603	36.12224128166618	0.021378791744284746	0.2902048951181312	2.0
0.3684620489995941	76.10499747758314	23.085104236203783	0.01960513723948409	0.42183109997399065	2.0
0.19942327256673945	70.04810360350282	29.40244960392785	0.01753233176760025	0.33249118823497326	2.0
0.48216848051180067	87.96492912416481	11.189083659059166	0.026161464495827614	0.33765727176837457	2.0
0.33810187296910144	75.77642537494589	23.4314135398803	0.023597603655217594	0.43046160854947874	2.0
0.29048785100317565	70.68579716704978	28.758448455899465	0.016755153431411086	0.24851137261616488	2.0
0.28533175626141993	82.86420057874321	16.502429140431257	0.018029444928884808	0.3300090796352147	2.0
0.1921742036847237	69.18478070368595	30.369315428878036	0.02020801110177229	0.2335216526495204	2.0
0.037378019523612145	24.843335762094704	75.01330214255951	0.00867552018056908	0.09730855564158047	3.0
0.21723863686477882	82.2300058050509	16.9297899104231	0.0185073512556817	0.6044582964055387	2.0
0.06105180927487256	35.58215481209249	64.23664592815722	0.00918060779182814	0.11096684268359759	3.0
0.051993054702260594	17.297397809820648	82.48248756130778	0.007892269884089012	0.16022930428521787	3.0
0.13938900040098803	78.16579296479253	21.35720425438814	0.024435528267049138	0.3131782521512927	2.0
0.11260724968135763	51.79340642854308	47.86770073598514	0.019563660826298134	0.20672192496412398	2.0
0.09095251143438822	62.66299958698863	36.87908392173061	0.028408377203155255	0.33855560264322604	2.0
0.024704923819730665	9.892535096809151	89.97093995690842	0.010052221552278128	0.10176780091040877	3.0
0.09167737506292312	42.32790604511448	57.126330828204196	0.02871179121037624	0.4253739604080209	3.0
0.02920959004885361	10.415080250501864	89.47037178705767	0.010487593170012643	0.07485077922160614	3.0
0.2502970458653062	69.9915178826096	29.356420084629786	0.06518743675654928	0.33657755013876206	2.0
0.12135454864150666	59.17498018061499	40.400801100759445	0.028661940428093443	0.27420222955595486	2.0
0.06499130663877936	46.865590054200005	52.81760436778832	0.03880812691973648	0.21300614445315838	3.0
0.16948762300375583	60.37329144808111	39.154912574181544	0.06401993279488623	0.23828842193869226	2.0
0.18146723650052118	61.21279246239998	38.269940132418725	0.05447691662789762	0.281323252052879	2.0
0.11167902005620453	48.75288602351851	50.93523593415606	0.03766185846056893	0.16253716380864902	3.0
0.09380114761350289	25.099000315609615	74.64245550226853	0.03962814159289024	0.12511489291546926	3.0
0.1218526955521332	43.276057630858666	56.42258783254485	0.04943078347925638	0.13007105756507287	3.0
0.10492446946324277	48.9726620233326	50.7228711104176	0.04967963632938492	0.14986276045716593	3.0
0.14098765311459516	37.884202014772214	61.76934153746273	0.04003292411972931	0.16543587053072448	3.0
0.08934551339683865	31.642547951409384	68.05500782961744	0.019889577812587798	0.19320912776373872	3.0
0.045423771523034354	10.738936442619323	89.102312077384	0.012101706603745887	0.10122600186989943	3.0
0.04752908000379001	10.047248430999828	89.77151877309305	0.020630670986738354	0.11307304491660257	3.0
0.2607475408477677	71.52258972376909	26.683253872313795	0.38408363852548605	1.1493252245438634	2.0
0.10021230548399772	23.62216556037763	75.95324947219	0.0766242475092566	0.24774841443911721	3.0
0.47529846509321466	17.35971846425655	57.9404091665689	0.18233497647279787	24.04223892760854	3.0
0.06249889799909592	1.3778537264083615	2.131351387430476	0.023519166062289393	96.40477682209976	0.0
0.25097182456738265	1.1732223035187612	0.5919022620440184	0.02348016691797028	97.96042344295188	0.0
