N1	N2	N3	R	W	anotaciones
0.00820099558289663	0.0401150868265238	0.04055062629293118	0.0004927647238140521	99.91064052657384	0.0
0.019671692622081453	0.0733901946880151	0.059036907772110125	0.0006199421867739555	99.84728126273102	0.0
0.039238074471612094	0.06992581938027792	0.06807503386266833	0.0006546532395770911	99.82210641904588	0.0
0.05916174979008865	0.09217160483585556	0.025307489856634578	0.000473046286751436	99.82288610923067	0.0
0.05532479386709398	0.055674643565859556	0.0051278332198220564	0.0001462369381286647	99.88372649240908	0.0
0.029194865178372026	0.07461441144313316	0.009679996773955831	0.00032051205856374723	99.88619021454599	0.0
0.029771424900615046	0.05989027163101932	0.0028817651734929146	0.00013004954761570154	99.90732648874724	0.0
0.016087926959290996	0.07806314796004316	0.009059616842250354	9.733744760572816e-05	99.89669197079081	0.0
0.019748925417365212	0.02255130226739736	0.0018653623973030483	0.00016984278807855285	99.95566456712986	0.0
0.03005325384798215	0.04559471681663341	0.0029406976306749536	0.0005013198408580956	99.92091001186385	0.0
0.02211121964597533	0.01346164045353917	0.0017111135043911942	0.00018437950360789812	99.96253164689249	0.0
0.028201747892795725	0.033025448762611584	0.0012128601781826963	0.00013598538416881764	99.93742395778223	0.0
0.02828162271424418	0.02314963007462473	0.001204350781985704	0.00020920012610449836	99.94715519630304	0.0
0.007903878787701345	0.010182811805495523	0.0004320212815525731	7.2277979332126e-05	99.98140901014591	0.0
0.02589053797185888	0.030253675558351786	0.0014225183094274169	0.00035628929549611583	99.94207697886488	0.0
0.012534839686951753	0.037747588679921444	0.014765655280120644	0.00013694127471097957	99.9348149750783	0.0
0.013824750692404455	0.031179616802654325	0.005132556464832372	0.00014020155175966731	99.94972287448834	0.0
0.018229323414812558	0.05697247169498467	0.0017597901962513726	0.0007993804201475281	99.9222390342738	0.0
0.021424052274669033	0.09080711620508296	0.014004538685768609	0.0003962302300392913	99.87336806260444	0.0
0.0072676711662724705	0.033550139147740264	0.008244949725051444	0.00020744504075901514	99.95072979492019	0.0
0.010278567160936173	0.03217786088010966	0.00937928475837081	0.0002498234483242792	99.94791446375226	0.0
0.20308622970801357	0.294294374255689	0.002437262157584358	0.000908052860676295	99.49927408101803	0.0
0.3242453251601924	0.4159385859050847	0.011223110944708937	0.0011864415874014522	99.24740653640261	0.0
0.28216404648641813	0.2667781223370141	0.0027629009739831944	0.0007686245038776325	99.4475263056987	0.0
0.09081974551055255	0.07287961608161955	0.027606235451113886	0.0015208379459705802	99.80717356501074	0.0
0.07416882827063226	0.15386952874385573	0.005036625154017397	0.000659755679267026	99.76626526215222	0.0
0.1252794615157008	0.16553298855210116	0.0023336799523889827	0.0005422402710616677	99.70631162970875	0.0
0.03266777996558147	0.028771090172206283	0.0010183570519915889	0.0010313261049013092	99.93651144670532	0.0
0.06608054081721788	0.13405905646662464	0.0016382837544391168	0.002744202401513173	99.7954779165602	0.0
0.03713817544044955	0.05742636169990163	0.0008878714592172505	0.005008140057683764	99.89953945134275	0.0
0.05325192456660529	0.18999131141085465	0.0029314625665805166	0.010042371669581749	99.74378292978639	0.0
0.13114032953332916	0.19784002124471228	0.0006086788796134952	0.011172371935237478	99.65923859840711	0.0
0.01565199624635125	0.026995245380619894	0.0006099807247484465	0.0053111651990699355	99.9514316124492	0.0
0.023514199703752896	0.1090884783088425	0.0009630798280961149	0.0027151668469639874	99.86371907531235	0.0
0.026676813746881266	0.05980624822656197	0.0007876126289255952	0.0031387759299604835	99.90959054946767	0.0
0.2263989723730224	0.19968699410952648	0.0015653624063830206	0.004371214895044526	99.56797745621603	0.0
0.27768880644318944	0.7662241646515673	0.004474567812550193	0.002338806044987009	98.94927365504772	0.0
0.18460308291495514	0.38485153387662074	0.0015819569629499197	0.0014958840174700973	99.427467542228	0.0
0.17836848191949828	0.46333029271515014	0.005545498013923964	0.00180049412909455	99.35095523322234	0.0
0.2604242575257285	0.3424189841614559	0.006221923878508675	0.001998895940682288	99.38893593849362	0.0
0.28912925958509883	0.4289646169705389	0.01977887191465793	0.0030782863412584494	99.25904896518846	0.0
1.0463625340133949	1.3224396095130084	0.015069239520933746	0.009997575137450764	97.6061310418152	0.0
0.3604630754971118	0.7094532525340845	0.005959202084472473	0.004103314252018254	98.92002115563233	0.0
0.260548904428097	0.41084892054743466	0.00044747657161684965	0.0063903129370327045	99.3217643855158	0.0
0.7062679995120177	0.521444237909125	0.002527282102111339	0.011191562642649073	98.75856891783408	0.0
2.2537308617834153	1.9415802572731344	0.0019068709810284392	0.0271152705272679	95.77566673943515	0.0
0.8903707404252661	0.7149857161655768	0.0024677324596856128	0.012146133392411627	98.38002967755706	0.0
3.592615566326432	1.1153484818765877	0.0025970071029478184	0.020529660538572525	95.26890928415544	0.0
0.9761804274411425	1.0092596085389018	0.0037313540537367686	0.017877059386531207	97.99295155057968	0.0
3.4485085959174286	1.482265531231907	0.005888928552999123	0.013316366127941322	95.05002057816971	0.0
4.8478974833364274	2.203395358661643	0.008658231465263844	0.044991269175067995	92.8950576573616	0.0
21.319715815020494	7.912316336220888	0.010809705920983754	0.07605527820565054	70.68110286463198	0.0
3.776037533130836	2.9699615607584087	0.009458587942558624	0.06016544259602045	93.18437687557217	0.0
1.9525208559076042	5.610629241882209	0.011753343080803995	0.05066469551057249	92.3744318636188	0.0
3.1701936946897407	2.6171120840633955	0.003518180865521435	0.06451655800666709	94.14465948237468	0.0
59.2506886897535	10.051677333093705	0.015299798330875426	0.34249423147974994	30.339839947342167	1.0
71.70801608849928	20.979063780795414	0.03740432909073512	0.3751911561012637	6.900324645513297	1.0
19.591861419504543	69.37621417139808	0.1086981489252694	0.5940110555611523	10.329215204610968	2.0
12.603251607377858	11.978933973143464	0.013511671119322178	0.6322889319955671	74.77201381636378	0.0
13.200330738012658	73.03176348124927	0.27968145346832674	2.8323147577103436	10.655909569559393	2.0
14.579208295001928	52.286143525357396	0.09531547943434836	3.0139624520229424	30.025370248183382	2.0
14.232533399438674	58.66959136192923	0.10739506810909658	1.2902024476841583	25.700277722838855	2.0
12.187415372873682	77.15687041113627	0.45947951853098523	0.7066924471484524	9.489542250310594	2.0
5.881786050363538	74.02707325938918	0.7081952778743463	0.3977285868691162	18.985216825503816	2.0
10.746224975645603	32.842223250959805	0.05221612986280368	0.41487881248372954	55.944456831048065	0.0
7.397161813685453	86.87086236253589	0.28010947786247337	0.12435320357940119	5.327513142336778	2.0
6.31170771263129	90.2519117546308	0.18611119375610985	0.06227662180145565	3.18799271718036	2.0
2.4452776831478205	94.82627574105456	0.46126717564547	0.019650280525336832	2.2475291196268263	2.0
5.148238515357317	91.61338429794108	0.7592683884310968	0.04301978252635972	2.436089015744143	2.0
1.5583395118179675	87.45250675419005	7.926629635802886	0.017689944992183432	3.0448341531969305	2.0
2.4092743380527053	94.77370667214458	0.5110316995019858	0.014434145273039059	2.29155314502766	2.0
0.792091398569833	89.5118599651232	6.84806132509536	0.009422302092595439	2.8385650091190198	2.0
0.5127724963948871	50.588943583627476	46.172193431154135	0.003089029249332376	2.723001459574171	2.0
0.8048478143858362	74.98762831985566	18.99983916397663	0.004905468909602013	5.202779232872257	2.0
0.7469651891970407	56.80109616813189	38.821365998922445	0.004185994394219525	3.6263866493544024	2.0
1.5658962675531383	76.4023940654961	15.412402707644077	0.006342225735461974	6.612964733571223	2.0
0.9189121315137908	33.71891428131109	57.064586502492844	0.003518457121048715	8.29406862756123	3.0
1.2821344912305395	60.01041888157951	24.50425294246214	0.003362683374209352	14.199831001353624	2.0
1.0547782730707727	52.615109918696405	39.771920140126745	0.001234306069377973	6.5569573620367	2.0
1.344486491978004	37.57270675082155	56.176596982915875	0.0016204234139593696	4.90458935087061	3.0
0.27348430388521655	11.238433112119836	86.02336761603121	0.0005917904806529256	2.4641231774831027	3.0
0.26050578908722216	10.482212787800286	88.45876721280283	0.0002981579619648172	0.7982160523477021	3.0
0.38278214022349616	17.205862502279814	80.44530981023645	0.0007526125665835591	1.9652929346936692	3.0
0.14639286739204624	8.629790101976772	90.63533065923298	0.00026221256616750606	0.5882241588320509	3.0
0.21793006036842835	8.329468432690746	88.93179992775	0.00025200624660267745	2.5205495729442235	3.0
0.16706844040839122	5.616517051100408	93.56562370942613	0.00016938212720199081	0.6506214169378721	3.0
0.1828224281748737	6.924751298383781	91.82868746227662	0.00035144639367910374	1.0633873647710512	3.0
0.3291282321816242	16.683017276118214	80.63286472909219	0.0009226153615646264	2.354067147246411	3.0
0.7122270548000253	37.44013359846192	57.51465660752885	0.0011580148850883543	4.331824724324111	3.0
0.33935240829383373	12.79859445331174	85.44551356989612	0.0005201885058060199	1.4160193799925105	3.0
0.13886601709438476	3.8674781987384694	94.45505680785628	0.00029774977777564124	1.5383012265330889	3.0
0.1079392163193276	4.970399915593028	93.93582570025542	0.00020175227557279318	0.9856334155566394	3.0
0.2910296552142508	10.813575230938296	87.14222512936905	0.0004391138382847026	1.7527308706401197	3.0
0.1851771497209554	8.029838063777097	89.63855062407634	0.0013132988351046522	2.1451208635904933	3.0
0.062370803225230254	3.491426898803549	95.92166299527273	0.00014009509985398486	0.5243992075986257	3.0
0.26067935782307555	12.33421801880404	84.59660292323899	0.0011075013756492733	2.8073921987582455	3.0
0.13019980821729155	6.0092929484023685	93.36543397171437	0.00022112721961168807	0.49485214444633835	3.0
0.087553495909357	4.151941166151463	95.22815064872987	0.00016474077931414254	0.532189948430001	3.0
0.12478395338527783	6.094040100762372	93.37139275361399	0.0002198097619296942	0.4095633824764266	3.0
0.23325900331376015	11.840961394277482	87.15909642834947	0.0005782894857210384	0.7661048845735713	3.0
1.4923939031985987	38.05538447321053	52.777523777701276	0.003906556380723819	7.670791289508874	3.0
0.3219079247558	26.745279360927622	72.01313032598578	0.0009884795124968637	0.9186939088182994	3.0
1.3858384982983096	57.539150977778256	39.29129519839559	0.0026321685674881	1.781083156960361	2.0
0.4679995255648103	76.66414118692074	20.793277895934384	0.0018880566821623237	2.0726933348979055	2.0
2.1809456764643516	51.61868320037445	44.693495986031905	0.0029298494283855783	1.503945287700911	2.0
1.0041153146740687	57.299227083629134	39.01025470163032	0.0037593429492525088	2.68264355711721	2.0
0.6856061567926236	49.725695891990725	48.889714816116644	0.0017746195490537873	0.6972085155509565	2.0
0.08390109509313759	8.751650047669111	90.74035088938243	0.0005912708629634252	0.42350669699235743	3.0
0.23238398738641072	26.344235516352587	72.81434281933667	0.004097711751985313	0.6049399651723466	3.0
0.17733226475284522	13.12777909230099	86.32298469431578	0.002565146778981819	0.36933880185141155	3.0
0.49671692455547645	33.32928056185684	65.24025540942093	0.00777018312699519	0.9259769210397691	3.0
0.07614032985968106	5.087887220147396	94.36942831187196	0.0031178349592474305	0.46342630316172806	3.0
0.056794145186464765	4.601103092114232	94.7426066236381	0.0023184899912972175	0.5971776490699219	3.0
0.050447862740182425	2.726031448006399	97.06487879991393	0.0010455728819615932	0.15759631645752387	3.0
0.026787425945771593	2.3856624041211716	97.48787291673024	0.0007393483560312418	0.09893790484677106	3.0
0.01993749247441488	1.8766145647731798	97.94590081770119	0.0005817489401444194	0.1569653761110697	3.0
0.05662138374806176	4.775454101767121	94.94458710839609	0.0006697122724937665	0.2226676938162213	3.0
0.029614976781011753	2.7504785080637015	97.04870079644404	0.00035266443388282234	0.17085305427735908	3.0
0.4453517305354741	22.954353422090104	75.03012526973043	0.0034153211016191938	1.566754256542371	3.0
0.18538593416636656	9.583730817776816	89.78620706431947	0.0008226977056889916	0.4438534860316676	3.0
0.0644904763857214	7.164825560899588	92.49686386009265	0.001111600860833176	0.2727085017612137	3.0
0.1605868729553742	8.035576324642768	91.2694211757756	0.001009963213849848	0.5334056634124008	3.0
1.1051079266268056	78.52014525593236	19.36056891905337	0.003211260424631336	1.0109666379628375	2.0
0.123175813127351	9.319071629968978	90.10526421137439	0.0009982025582301603	0.4514901429710423	3.0
1.0302504923845257	74.47857370307126	23.058117169530036	0.0040848676182462205	1.4289737673959355	2.0
0.04958207229765825	6.230680143841933	93.34223408863281	0.0007110502633068955	0.376792644964315	3.0
0.3394910420812466	34.730018782903215	64.33721109067196	0.0030352353289554673	0.5902438490146328	3.0
0.023222303124513666	3.8761051639032256	96.00675529274817	0.00034453951889246284	0.09357270070520761	3.0
0.03808908558207791	3.3864701653973226	96.43653273338167	0.0004844699907418456	0.13842354564816728	3.0
0.1040468686557543	10.48644839956004	89.27344707022678	0.0008822549247864881	0.13517540663264932	3.0
0.017008462411438215	2.0084190644492446	97.91154682087456	0.00021386307847478243	0.0628117891862756	3.0
0.031363575303596236	2.372407114434343	97.48159718292186	0.00028333961950918843	0.11434878772070428	3.0
0.025762166505240484	2.4981627539330824	97.39328252139869	0.00019875258613382207	0.08259380557682756	3.0
0.17451836372443108	15.36185491305745	84.23387142822332	0.0008743370733778726	0.22888095792143767	3.0
0.04884448585965795	4.614778819558451	95.11768956570936	0.0013166700666485671	0.21737045880588982	3.0
0.09154207100807149	7.424002792761011	92.35211339642365	0.0007754385287287475	0.13156630127852145	3.0
0.10202406000260773	6.810974125297199	92.30175927162058	0.0021025562107399843	0.7831399868688955	3.0
0.04312951791294291	4.55417715767422	95.26899794213807	0.0007954172388338862	0.13289996503594156	3.0
0.19270952766916302	5.579507353593746	93.78411805044988	0.001255242027391124	0.44240982625979813	3.0
0.9814820669584606	62.003626996754505	35.23713547820319	0.006018081502273708	1.7717373765815794	2.0
4.981483125063958	85.65504343151147	0.6442227220790862	0.03548991956709278	8.683760801778389	2.0
1.3516736810222973	67.0360124194088	26.43682933215128	0.009013467693006866	5.166471099724594	2.0
0.5748245649024548	53.50953752876148	45.07204963100862	0.010119322164128917	0.8334689531633261	2.0
1.96726764709224	75.03891063624091	21.908484471205018	0.011937457418193817	1.0733997880436328	2.0
0.517419484938752	24.52759700732164	72.96963505253188	0.006311760681046079	1.9790366945266762	3.0
1.4637162479304031	38.61628139040696	57.07529685470318	0.008678416560657279	2.8360270903987908	3.0
3.26907703137372	84.22746870615767	9.184367290192357	0.03066494250177647	3.2884220297744675	2.0
1.2551995307428834	31.37082068687364	64.31605814939077	0.01635445759136539	3.0415671754013305	3.0
4.605019305926913	86.3519957914739	2.6466675477600337	0.022485061891376678	6.373832292947772	2.0
1.1715230369891672	39.90547709459559	55.231094041315785	0.013105567240360036	3.6788002598590914	3.0
3.1243464671722228	86.60221429249553	7.075319843490329	0.018157165074962716	3.179962231766953	2.0
2.150415413120162	89.83943001758512	4.56426851051063	0.020563569398641478	3.4253224893854606	2.0
1.4199493543247692	66.88712139634207	29.79053815794213	0.022305510460853085	1.8800855809301835	2.0
1.7655657277732155	33.574996570878014	62.15320305160801	0.07345160015853908	2.432783049582225	3.0
3.9150811522151066	60.247294602736055	31.172611581001618	0.07144972742381647	4.593562936623403	2.0
3.082720753932748	66.44469683047541	15.542187881115158	0.08967269634456851	14.84072183813214	2.0
1.6784644819882948	72.05529700477695	20.610391148832303	0.05414913510890707	5.601698229293528	2.0
1.607186200864771	5.422943748035698	0.182719010605661	0.029972952552702693	92.75717808794117	0.0
1.4589825435766706	4.092984392870225	0.1398868739433265	0.02483106067339512	94.28331512893638	0.0
5.51342448530551	3.455660521326524	0.03990722929786747	0.046411130820038	90.94459663325006	0.0
54.09062515795786	30.133353479773064	0.022118198445385363	0.1762624504001394	15.577640713423557	1.0
8.858578454648953	74.37611734438991	1.4770667429591813	0.17902070604775822	15.109216751954197	2.0
18.91337036645522	66.62912067460513	0.01934045692221355	0.5500161368165571	13.888152365200865	2.0
2.734197319405813	90.0147642233545	0.3684003800925055	0.17081813881639077	6.711819938330786	2.0
3.644690548102631	87.88012700369384	0.37485729972606235	0.1346168421973732	7.965708306280088	2.0
5.926984845702613	85.97044874726058	1.3413838364639166	0.20222963785527995	6.558952932717613	2.0
1.4194216303714506	94.61450285710333	0.4025364423997657	0.0673820450980358	3.4961570250274345	2.0
9.109469549543467	87.11232625567426	0.049755204718270635	0.3445378711727047	3.383911118891309	2.0
2.578527024953302	94.12709548984007	1.220660815947254	0.07825899122521876	1.9954576780341564	2.0
3.9713393480503116	91.7307597311612	0.423832892413715	0.0762806894147997	3.797787338959968	2.0
8.240997543992348	86.39895766832814	0.26637369516807335	0.11280924987042376	4.980861842641033	2.0
0.606441029922573	36.951690013787655	61.834251230329194	0.0755845948943857	0.5320331310662085	3.0
1.8920029148232518	92.84372368241101	0.7812825940307608	0.1241893279206985	4.358801480814274	2.0
2.178858075128368	94.1275644696004	0.5479042405628664	0.15007646639160355	2.9955967483167854	2.0
0.6601112803568044	69.49323450360936	28.87278607111952	0.19055231595125174	0.783315828963065	2.0
1.0803629188857067	54.80633446831485	42.62064308091607	0.11574342455398759	1.3769161073293905	2.0
2.2078309004898116	75.31537191808746	18.421158252647682	0.3477651592704403	3.7078737695045785	2.0
1.7254086985548245	92.77141887937792	4.1976160560893545	0.6870567917171665	0.6184995742607415	2.0
1.1063485550645902	32.952683014554914	63.79450984579288	0.2995236584541013	1.846934926133518	3.0
3.0122187702274177	84.05969513076586	6.443079972267333	2.2059764339514323	4.279029692787947	2.0
2.903388478817196	85.74382873392122	0.7479830412418316	1.174123300828879	9.430676445190905	2.0
0.935519626067729	6.532508363944153	0.31815776603362494	0.09980506557257002	92.11400917838192	0.0
0.9592130876182257	2.461634587926869	0.017236091184041354	0.0550614097163662	96.50685482355449	0.0
1.7556185380921252	2.5793189718451974	0.009673260475389729	0.08640803368865589	95.56898119589863	0.0
2.8868647380244767	4.553087261349665	0.008642244357873722	0.11094903453290918	92.44045672173507	0.0
8.04590324134575	2.1051102776130795	0.00391396411664761	0.21007084298518708	89.63500167393934	0.0
1.7162128300006938	1.3210480743538107	0.05185904464487719	0.13867510697081628	96.77220494402981	0.0
1.4208842381954487	0.7496819395673496	0.006935465167578433	0.028226219669595674	97.79427213740003	0.0
7.854388917491799	2.758332100255249	0.0065469407104491615	0.15337878605313546	89.22735325548938	0.0
30.96293513735253	13.235742029209034	0.014812567108871235	0.4133933988808992	55.373116867448665	0.0
33.80563193100931	6.617189068046961	0.005115705025161749	1.0546519511995514	58.517411344719015	0.0
29.847417324142604	61.05639183782539	0.09864894786578769	5.089404701494779	3.9081371886714464	2.0
10.575047902379046	83.36503070279345	0.09937501975252928	2.6716078723599233	3.2889385027150433	2.0
15.646599950709064	67.4303669803835	0.08846334169148765	8.813933187459828	8.020636539756147	2.0
1.98492933738244	79.05705281794604	3.424803243330278	11.198558196204015	4.334656405137213	2.0
0.27408278898369715	0.6304736295052541	0.017375004626728353	0.08176552351286326	98.99630305337146	0.0
18.320432598499014	4.951492616327292	0.0037226284103783033	3.2565240574864083	73.46782809927691	0.0
29.74865156314853	5.820758242495974	0.004816749084068449	8.816322235186009	55.60945121008542	0.0
16.661175705909297	67.56564831538164	0.14883838373162112	6.093308806057016	9.531028788920443	2.0
2.659295107750595	82.60247412931676	0.25860849075328524	11.503689046178888	2.9759332260004703	2.0
4.334175174795719	74.65384546384077	0.09833078678029776	4.733733604068446	16.179914970514776	2.0
7.581979629452866	81.1363169808944	0.03243325833328068	8.67503840658079	2.5742317247386457	2.0
1.289357844221097	83.08664002284907	0.9170462253035673	13.825237759755153	0.8817181478711239	2.0
2.8631957090773055	49.15529200460538	0.04283025849966651	46.44338563440676	1.4952963934108947	2.0
1.0169201177971572	6.827759704722297	0.00211241102185738	91.28869486563846	0.8645129008202378	4.0
0.08512431241653866	0.29970465424525927	0.0003278083744398855	99.31019398247248	0.30464924249127706	4.0
0.16302079413324366	0.12229564301992851	0.0005623720633328266	98.91373535669148	0.8003858340920261	4.0
0.6506282822163246	0.21581267638234014	6.507995917559509e-05	97.33515493634403	1.7983390250981317	4.0
2.2446811151246946	0.7880612625435787	0.00027398851874006335	91.77719038282713	5.189793250985859	4.0
0.40914008899713694	0.09434626812937805	0.000108401246152183	97.07521406227899	2.421191179348331	4.0
0.5406950568138624	0.2945528512207986	3.1571386902484924e-05	97.87121658274492	1.2935039378335167	4.0
0.00988712437057993	0.009768842296209905	4.956004104120068e-05	99.60744843743005	0.37284603586209464	4.0
0.03239768823349052	0.024399159401015252	8.362008763576447e-05	99.71513422520307	0.2279853070747814	4.0
0.13542507610353446	0.03657025756771466	0.0002954566509029096	99.27523705839317	0.5524721512846622	4.0
0.06148641949816835	0.015365249090018384	0.00026541568517035374	99.03998046535501	0.8829024503716251	4.0
0.11535113424380238	0.02162187648513767	0.00017394167413476385	99.34093405334406	0.5219189942528709	4.0
0.07085107060274845	0.025413557442383466	6.737690703800634e-05	99.56053188068171	0.3431361143661148	4.0
0.08404243829984942	0.006689564835078071	4.657722731744782e-05	98.90277639496718	1.0064450246705845	4.0
0.1846478058297403	0.06827243853925911	5.536719913503814e-05	99.12077539517031	0.6262489932615474	4.0
0.15135153911683866	0.05531172279794445	5.979056103642202e-05	99.57465823728472	0.21861871023946344	4.0
0.15929709657254648	0.06028050005240895	0.00015897888454466245	98.75151736854316	1.028746055947339	4.0
0.13009661290862548	0.05963364285602203	0.000212975753809182	98.87449877958672	0.9355579888948233	4.0
0.09754431696764089	0.059276191257583544	0.000276943072423842	97.61954483090187	2.2233577178004817	4.0
0.25085757138282244	0.11851449638986841	0.001267569741057895	90.5534938706598	9.075866491826448	4.0
0.15135012742849419	0.5274375014452506	0.005928661910483784	96.88166583295428	2.433617876261487	4.0
0.1801810386370661	0.1170509881266799	0.0006302744239443275	96.37746577509584	3.324671923716474	4.0
0.2653890500341977	0.08125086565263628	0.00011894853192906076	98.7667414297876	0.886499705993617	4.0
0.2645883866508867	0.062158672760274515	0.0003197904571544984	98.955659463052	0.7172736870796672	4.0
0.13936749924977238	0.02280034862224968	0.00011406194527985689	98.79443757508643	1.0432805150962616	4.0
0.5013220113438775	0.049690302815525174	0.000141922501858338	96.6344663390117	2.814379424327041	4.0
0.17796241212055128	0.04905993487455499	5.628298403135205e-05	99.48825693116886	0.28466443885200254	4.0
0.26838735626476284	0.10031375217262892	6.984428498856881e-05	98.34881857948797	1.2824104677896546	4.0
0.5119642184108817	0.0990956797809315	0.0001233581264682084	98.48980166704877	0.8990150766329691	4.0
0.1156090332190106	0.07031570442893705	4.869742921631925e-05	99.64659858250357	0.16742798241925913	4.0
0.19362490247583802	0.06985980799243482	0.00012855508530734087	99.21078081610968	0.5256059183367362	4.0
0.13653215437503394	0.04844932624794478	0.0001642249701121114	99.59732064098363	0.21753365342329078	4.0
0.09829472038555938	0.035759859784422705	6.889435402739115e-05	99.71006571522499	0.15581081025099952	4.0
0.059573405163407984	0.011197350188596506	6.422714103481167e-05	99.08006079009968	0.8491042274072925	4.0
0.026891785481802453	0.010373350103976083	0.00012206907416861462	99.72246324237591	0.24014955296412296	4.0
0.10811244087106588	0.027756898268474803	0.00017624918022006008	99.66258142693133	0.20137298474891285	4.0
0.4982072406920324	0.07274290469538594	0.00039572009446008327	98.38899463075049	1.0396595037676304	4.0
0.16847384996945353	0.09801667698994164	0.00011918554339664686	99.4639237298307	0.2694665576665336	4.0
0.15035278384868828	0.06987067717245157	0.00017059567119203503	99.64070065568829	0.13890528761938783	4.0
0.09151807880935048	0.032465186949113295	8.713431684379596e-05	99.72192850719614	0.1540010927285577	4.0
0.07901594173491171	0.01226947166167032	5.962102617237474e-05	99.83816535492079	0.07048961065647939	4.0
0.10055988820785902	0.019680891412226655	4.776765841228499e-05	99.7189186615979	0.1607927911236086	4.0
0.18732968526216448	0.1274553276782594	6.816331030585495e-05	99.5733092499471	0.11183757380215407	4.0
0.14521587151293197	0.08815421592189329	0.00027767951084473936	98.23668483741646	1.5296673956378646	4.0
0.5713488594016652	0.27795909351918346	0.0023763727758194593	63.93401607067995	35.21429960362337	4.0
2.647370227060125	5.968539010412646	0.31440394609202404	7.845141498890048	83.22454531754516	0.0
2.966081262679557	0.7937354797034178	0.04121102296255489	8.348348163661152	87.85062407099332	0.0
1.1887139671684714	0.847849603297517	0.005864205825380416	1.0879077121424212	96.8696645115662	0.0
2.5241786951913454	0.9521935500334273	0.0022121612040150638	0.7692918321026837	95.75212376146854	0.0
6.014213847282755	3.657436665353866	0.07714972417072548	1.06721748244741	89.18398228074524	0.0
8.124593042977338	10.041044851887628	0.03539495616648491	4.706660013592824	77.09230713537572	0.0
1.3679779863449573	0.7976646399608748	0.0021612344820485124	0.9125946791259504	96.91960146008618	0.0
0.7875552762268365	0.7844526020705125	0.0173302443566017	1.0952902724682416	97.31537160487783	0.0
1.5695086911282081	1.69267105980433	0.0033439238724900164	2.995664172784683	93.73881215241028	0.0
1.0296015294391803	0.9278678723720134	0.02814447073071753	0.914427788197615	97.09995833926047	0.0
5.161355724673818	3.070267763864989	0.0032435180683217536	1.5907998193577786	90.1743331740351	0.0
1.14233380150985	0.8116853733566012	0.0012366042552399445	0.34691701187459023	97.69782720900373	0.0
0.3088718599755191	0.17032407736164246	0.00025038923787125975	0.18946530333241535	99.33108837009254	0.0
0.57250677904758	0.4196470606046329	0.0023465907479588042	0.3959229631579223	98.6095766064419	0.0
2.0747289573901453	2.300828799333129	0.029554848736009262	1.976006529597733	93.61888086494298	0.0
7.998056838308372	4.997118527504474	0.020595485777874675	3.6449808644406967	83.33924828396859	0.0
0.4836810163783291	0.544837459866655	0.0007498120794583073	0.4492638530673378	98.52146785860822	0.0
0.3955248621294429	0.4701783396044792	0.0004680435871076119	0.1378216690226121	98.99600708565636	0.0
0.946186358371885	1.12340584624669	0.004065957868775509	0.3145918052156727	97.61175003229697	0.0
0.5971026759986566	0.4574138806187893	0.0004672222103005823	0.31878424280323997	98.626231978369	0.0
0.44686398220122203	0.3075132972448943	0.00019001220040231574	0.2370721839683252	99.00836052438515	0.0
1.0919168866234599	0.7132382647379082	0.0006654757497201772	0.44000031068740203	97.7541790622015	0.0
4.8178944900342415	0.6938029690409189	0.0018967677010495597	2.4266988881228437	92.05970688510095	0.0
2.5328016116432126	0.49490792913774295	0.00019537047906612322	0.9682945190252654	96.0038005697147	0.0
15.613538816455169	4.807305869422251	0.000907838198345242	11.351586382616725	68.22666109330751	0.0
25.000805901414537	8.161363036693272	0.0009044244087067998	15.431468863902516	51.40545777358098	0.0
2.419512950095545	2.099963846116395	0.0008917470979749822	2.611992427296013	92.86763902939407	0.0
1.281790294213108	1.2131040143358465	0.005410023404266218	1.9796655272792725	95.5200301407675	0.0
0.6323604488532867	0.7558538825366209	0.0006228404318387571	1.1006217858688156	97.51054104230944	0.0
10.001805320257223	1.6852580058764344	0.0010895691069926826	4.8248843675331905	83.48696273722615	0.0
4.851113093465382	1.3236727373123147	0.0007628330307707815	1.8336580709355486	91.99079326525597	0.0
4.940366079713612	2.5179521986249114	0.002960251797530789	2.8826231108057225	89.65609835905822	0.0
14.284424794138095	9.286794263263749	0.005121688610367669	13.791114528926487	62.6325447250613	0.0
1.200688427686722	1.084481389430424	0.011752506098212379	0.7356318940800484	96.9674457827046	0.0
2.177395812561641	1.584357591177047	0.023656056874852893	0.35073288618334886	95.86385765320313	0.0
1.7030603938291526	0.610710970868288	0.0009612240906313282	0.161957693757136	97.5233097174548	0.0
20.44900319506788	3.2257541030419423	0.004423413267610011	1.946864652172184	74.37395463645038	0.0
1.9737233622114854	1.0182449942215126	0.0009015402522460998	1.0718251621508308	95.93530494116393	0.0
4.037644014602679	1.1693008382514283	0.0007924209413612398	2.966177436472963	91.82608528973158	0.0
8.536189981635383	2.737706942742446	0.0025022798403998626	5.0380705833905575	83.68553021239121	0.0
25.263079420335256	15.066380689592854	0.0023637876947666288	18.770137414061587	40.89803868831554	0.0
36.57178597505358	18.838001579906674	0.004418973090848898	30.44627587821968	14.13951759372921	1.0
21.696669294867867	20.008790098638833	0.005784743945200714	14.67419262217578	43.61456324037232	0.0
36.33666233597205	23.5614112756867	0.004508969098809795	28.114578808904078	11.982838610338355	1.0
11.677653294815466	46.043389255058045	0.02145446270644358	7.153129411509583	35.104373575910465	2.0
2.0085028715010855	4.25087838007288	0.018150830156938583	1.2748986731173435	92.44756924515175	0.0
3.8572572780860916	4.964993488350003	0.02759667889817123	0.7190004616862102	90.43115209297954	0.0
1.0884923326752087	1.2601436489410458	0.00025618871449621737	0.0871129668931643	97.5639948627761	0.0
34.30437457646574	3.0014624743165226	0.002048848832716262	0.7541847663951176	61.937929333989906	0.0
57.06386016994468	22.89912507341336	0.010921005040641439	5.459491514778547	14.566602236822765	1.0
52.267500537208754	19.303870143193393	0.004270601306107325	7.35319171567514	21.07116700261662	1.0
25.999802770619013	49.53801691484729	0.025602335346126125	17.221026493969287	7.215551485218297	2.0
13.550086820666024	65.46045197406039	0.025336370131245217	16.38400611102952	4.580118724112812	2.0
15.816002633689333	47.438958358449526	0.014981757616461804	19.281593814070245	17.448463436174443	2.0
17.92293903940618	51.559542755636144	0.01873464201300506	23.605080823771864	6.89370273917281	2.0
10.960975446432798	61.297589164432075	0.020014619805963557	12.014018856481101	15.707401912848065	2.0
13.673588303165756	35.194766308623755	0.0029916248636226547	11.548802065104708	39.579851698242166	0.0
2.4178865123011906	6.194583829099358	0.02959002382700495	3.3470055135361365	88.0109341212363	0.0
8.637170214926497	5.9302459775493395	0.0014088734202141115	3.2403564277119266	82.19081850639202	0.0
2.197261610640101	1.7209040031086575	0.0012728707284447062	0.9487482802704551	95.13181323525234	0.0
36.77540002034423	16.881382573487947	0.0037004898837721613	11.084167431865065	35.25534948441899	1.0
19.15462540555951	14.162272199278567	0.002209792315180157	15.090982406417655	51.58991019642909	0.0
7.464828509577326	16.194280098216396	0.03178741224426019	5.331342424730902	70.97776155523111	0.0
5.245144300514169	10.03078043515091	0.1926885778137291	2.0990785952860245	82.43230809123517	0.0
8.922512332481254	4.861389072308833	0.010710714342971685	1.2415521070291498	84.96383577383779	0.0
30.223594277987694	20.47830720825103	0.01002853724821635	3.733180142530703	45.55488983398236	0.0
27.922942571855558	18.435054769341612	0.004626925961985421	4.48194703853033	49.1554286943105	0.0
7.415227098050383	17.259434338984402	0.018413013332081177	4.680194423977848	70.62673112565528	0.0
6.9700848536241	24.637361738055507	0.1667684973733388	3.7297211597111954	64.49606375123585	0.0
2.538784339162043	2.4000708467767744	0.03697727519558659	0.6519372108588194	94.37223032800678	0.0
6.608163996219626	2.967371954151837	0.001198803209553486	0.2748633057187335	90.14840194070025	0.0
2.3820634363796183	3.755970397146588	0.017168032674098273	0.12665874795319876	93.71813938584651	0.0
54.9126217760592	6.202872838369434	0.005512422879224121	0.3215141260434438	38.5574788366487	1.0
59.84681408829954	14.860334928031133	0.0033882353695532386	0.9373286407043494	24.35213410759543	1.0
56.69547692032191	37.66057040744998	0.021870920751805103	1.6004654971529368	4.021616254323364	1.0
17.598336163776807	78.645874558559	0.06454674862409096	1.5445204706619922	2.1467220583781126	2.0
9.058471044747696	88.2114143167608	0.02238444203985209	0.700081044694407	2.007649151757239	2.0
1.1774412082425538	97.42028637404783	0.19265538523290376	0.24684287524729095	0.9627741572294041	2.0
3.1085078202338052	95.13858265690017	0.10430474481011659	0.15191780658053913	1.4966869714753739	2.0
1.6694212079016846	96.66911065128289	0.18544945471106594	0.1469765485337303	1.3290421375706563	2.0
1.9285200170402292	97.12026256156595	0.14583251305334108	0.052784860988783426	0.752600047351688	2.0
0.4742206447946902	75.76189016220147	0.5496781091925359	22.309177856877564	0.9050332269337216	2.0
0.5844392077989398	86.40314200700165	2.0386641418218434	10.361541821395056	0.6122128219825028	2.0
0.7669445413972914	85.04463719516785	0.3316481304437403	13.225127891950406	0.6316422410406921	2.0
0.5460169179756127	98.68744097817832	0.31881339769721845	0.015368430549209453	0.4323602755996403	2.0
0.7482130321638054	98.05730922626994	0.2843870482563238	0.01145437674473606	0.8986363165651925	2.0
0.6802716351411381	85.92154156268069	12.29080696094896	0.011037500415123675	1.0963423408141038	2.0
1.793855506821688	94.33964372128675	2.854770512840696	0.043789600452893575	0.9679406585979494	2.0
0.762583372794883	92.47772972605328	5.785667728351293	0.01657708411135075	0.9574420886891942	2.0
1.0677983375431128	96.3821766591794	1.8960358396530403	0.020516706194862542	0.6334724574295766	2.0
0.881520367436228	95.19154523936577	3.2733359690503097	0.02735297719520697	0.6262454469524927	2.0
1.0262827170072266	93.87173275706479	4.546624534473381	0.024504060565619438	0.5308559308889631	2.0
0.16844612515494625	39.81196427956381	59.85972507935493	0.012775252966978543	0.14708926295933478	3.0
0.23773082557343167	33.58494069261205	65.55944829167235	0.012644542775712139	0.6052356473664404	3.0
0.30996596755026096	66.44983305411775	32.542566041542145	0.01124895519192707	0.6863859815979132	2.0
0.11433408809925392	15.875848063344499	83.78782681085785	0.002097246766586861	0.21989379093181818	3.0
0.022197715222167264	7.808812320980625	92.04115296341355	0.0013749362221599022	0.12646206416148903	3.0
0.035903046670619346	8.410269148453818	91.40587992755155	0.0009667361931951711	0.14698114113081812	3.0
0.02273448640969947	8.577209422730435	91.27124546711006	0.0009264192316275618	0.12788420451818897	3.0
0.03078011860532976	4.927406806422904	94.91508348548932	0.0017572458622398973	0.12497234362021656	3.0
0.03735234156839464	11.857763911635764	87.84967123797486	0.001435816144384737	0.25377669267658975	3.0
0.008931206715211878	1.2139142273053434	98.70878709825254	0.0004929063892963249	0.06787456133759961	3.0
0.06303248984313786	8.070929225787276	91.65501274294738	0.0022508014491418055	0.2087747399730707	3.0
0.01834775126569784	2.9401817852181664	96.88871567182808	0.0016368457516595122	0.15111794593638425	3.0
0.027464501186070824	3.783613138725292	96.04072726734228	0.004861513262890895	0.14333357948346895	3.0
0.009368231110858327	0.8917437282509391	98.96897292456987	0.0013513406003938183	0.12856377546796335	3.0
0.0359926258150715	2.4847401138073812	97.2992447976076	0.004187281770601364	0.17583518099934908	3.0
0.15000598773518453	46.354938764883926	52.797802055142014	0.009311579530773394	0.6879416127080895	3.0
0.010620958824325635	1.5120522289930036	98.38634426536781	0.0025518649348443712	0.08843068188001796	3.0
0.028677768677426305	2.881473114275373	96.84714632873373	0.005222460464601843	0.23748032784887702	3.0
0.020369648034050676	2.4252888355445608	97.45622001314872	0.005398818490564417	0.09272268478209438	3.0
0.022585201427796183	2.292623851070339	97.59139913654239	0.002570953410021441	0.09082085754945289	3.0
0.008940033524920236	1.1612046943938426	98.76145877918202	0.0023688386749914432	0.06602765422422004	3.0
0.018490859844293977	1.89575580621286	97.9826471788112	0.002285028850361479	0.10082112628125775	3.0
0.01713153247176098	1.5677807883141925	98.33826424585642	0.0034191341042061588	0.07340429925341677	3.0
0.01773958382100495	1.9051726616236344	97.97607426106931	0.0025090101020849302	0.09850448338396811	3.0
0.012009991607283794	1.2634097210459143	98.66572713929605	0.0018326643935303968	0.057020483657197765	3.0
0.019208884574811475	1.5009181447896776	98.28665869327901	0.004403777071954471	0.18881050028455867	3.0
0.01463693081050233	1.7626140995338466	98.17299999462547	0.0052381499387617	0.04451082509141172	3.0
0.0092590247436746	1.0303618629411815	98.85949902194812	0.0021386452559287988	0.09874144511108848	3.0
0.026386116371650895	3.5194921815220255	96.14892001323257	0.01488563353875107	0.29031605533502247	3.0
0.006942269380978167	1.0856803736685747	98.88462932957778	0.002581885031890897	0.02016614234077436	3.0
0.008392916329825506	1.688160336320024	98.2202929441146	0.0027046854364998285	0.08044911779903599	3.0
0.026585009860849267	2.1862473373911984	97.70818045618216	0.0049937135183855865	0.07399348304740166	3.0
0.02288558887334002	2.173370096541972	97.70103839883308	0.004411830303964493	0.0982940854476522	3.0
0.022231811311743642	2.8138565690294026	97.0886530550231	0.005118199480825207	0.07014036515492816	3.0
0.01645375751353594	1.4236053933336508	98.51245177327525	0.0023377300897405267	0.045151345787837235	3.0
0.02251739649754025	2.287950657808301	97.60955415639424	0.010100895866756691	0.06987689343317016	3.0
0.012341877008106671	1.8656264809917038	98.03777824300727	0.03116881959054261	0.053084579402368694	3.0
0.019546403921351853	2.650684250596445	97.19808476889258	0.006195089840897195	0.12548948674871963	3.0
0.01946432677508886	1.915144369170248	97.96613904960904	0.008746231758650818	0.0905060226869801	3.0
0.009885551764638078	1.381066804553655	98.5473641533564	0.0028706059666298526	0.05881288435868384	3.0
0.016403471250908266	2.1609062388644755	97.73484434895357	0.005317279941825683	0.0825286609892154	3.0
0.012976880847501813	1.871842470367785	98.0408811640375	0.008698422264601024	0.06560106248262093	3.0
0.01502439902268015	2.343523677776624	97.58004887241778	0.006954997547379719	0.05444805323552582	3.0
0.007865425180766706	1.546457071585428	98.39635883508994	0.0027217673206241435	0.04659690082323617	3.0
0.021758477330944055	2.1991804674557613	97.69107009917317	0.00694670060999358	0.08104425543011706	3.0
0.027884966404913013	2.9764079300763817	96.92557223351096	0.010137078851462733	0.059997791156265294	3.0
0.030126296497882413	2.504051823122481	97.32241637133026	0.008608464581126284	0.1347970444682513	3.0
0.24669911485102858	11.52265012332854	87.79207546722418	0.012647621089366195	0.4259276735068829	3.0
1.7706753094745873	27.805921100829007	66.08520955778334	0.030682874844217254	4.307511157068844	3.0
9.40180718923977	76.81791379909183	4.008278436195596	0.09740423321609418	9.67459634225672	2.0
2.7804482001326045	72.43388471257708	21.04317417930414	0.04532962331525975	3.6971632846709137	2.0
3.7403829830231077	94.29744472792883	1.164605564468098	0.07721365068146692	0.720353073898471	2.0
3.2519905732587984	95.0870513797029	0.5923407327317228	0.13971076468922594	0.9289065496173711	2.0
2.210954484446698	93.5211315231989	3.2348151114693295	0.1316004905498247	0.9014983903352503	2.0
2.201005375543108	96.39416837490997	0.5058865547582405	0.17959134433804017	0.7193483504506334	2.0
0.6904945900696084	93.2455619984094	5.281805141336629	0.06009244472311738	0.722045825461259	2.0
