N1	N2	N3	R	W	anotaciones
3.249577517242307	61.31238024586766	5.663907544909861	0.2159291752450611	29.558205516735107	2.0
4.042590414327239	58.97899980870417	3.6218984500589775	0.23381698023815187	33.122694346671466	2.0
1.7730972165832355	22.123817132445147	3.7093010115787006	0.11763249442736629	72.27615214496555	0.0
3.076802968980055	21.43959598527556	0.2873513277318375	0.08954782245398943	75.10670189555856	0.0
1.1695272608545928	30.108864177042822	2.7685825196931675	0.08410908695536662	65.86891695545405	0.0
1.1516421566662378	31.58349252642395	20.64157843578979	0.081161413602196	46.542125467517835	0.0
1.6010722013431984	34.470681520154066	3.9323478798094005	0.12059683156286928	59.87530156713047	0.0
2.3210558915525215	44.53464030322918	19.811046611061503	0.11627229257988758	33.21698490157691	2.0
10.731683563388614	57.57494350597611	3.8542315843808996	0.6221915113944687	27.216949834859918	2.0
3.838464696147218	20.9387321203292	0.8710653487048482	0.04976408281148045	74.30197375200727	0.0
29.940343112872725	36.767136188670825	0.4091618113334525	0.9627998394660837	31.92055904765691	2.0
17.903002584310673	40.59156468857515	0.9954560761508863	0.435290358694002	40.07468629226929	2.0
13.433476136763254	59.271595135085335	0.5180824933596968	0.21262958383152694	26.564216650960194	2.0
4.150485195105827	61.102823016554645	12.73969936207108	0.22656030547264658	21.780432120795812	2.0
1.8723521233411786	57.53519707888572	2.159655809165634	0.12363535752975591	38.3091596310777	2.0
3.577586233668434	66.56926991078242	1.527846077287079	0.18778260078946896	28.137515177472576	2.0
2.212627947437739	49.15108674035617	4.452111783567846	0.09972930841758325	44.084444220220654	2.0
1.2926931665517223	33.37776187514571	11.828771264930866	0.04341005407682562	53.45736363929488	0.0
1.0518523317106756	36.46101814224693	14.211547273146305	0.06650332541782883	48.20907892747826	0.0
1.4653643465017054	33.80199292313149	17.861187547996998	0.03268220131232341	46.83877298105749	0.0
1.9198200495300095	26.054281832307176	2.0818560759165536	0.06776943443314243	69.87627260781312	0.0
2.0607299292475973	30.089272898015523	14.145838032933087	0.037206187985946396	53.66695295181785	0.0
2.3631427501883637	41.654835355264645	3.2267884220319525	0.04225615930392721	52.712977313211105	0.0
0.4506117759360829	8.25999744815207	42.688994385975036	0.03015651647671537	48.5702398734601	0.0
2.660506769233756	43.436874009028195	6.19216738194859	0.07762668862844634	47.632825151161015	0.0
2.2519484778453442	25.35221726877192	22.938065799705445	0.0597079434524092	49.398060510224866	0.0
0.7320292325323469	7.560296563335261	49.95539100523555	0.0398997339618016	41.712383464935044	3.0
2.4240198610968022	27.629219674398175	1.1783870710871356	0.06920614725457565	68.69916724616331	0.0
0.9281324051223606	17.60108985935687	33.14682171019843	0.06281565775127217	48.261140367571066	0.0
2.0093610953803527	39.52143017753826	10.881109843474782	0.05021770015222211	47.53788118345438	0.0
4.582279687047673	43.015272792255594	6.804780425944069	0.08916180539488046	45.50850528935779	0.0
3.575136559465636	29.027821213771297	1.2443810618730813	0.14111422486739789	66.0115469400226	0.0
2.8012896545900725	31.612967600272114	2.632533892677567	0.08767985503916366	62.86552899742107	0.0
2.9358232018796637	15.986217610480407	32.700339490584746	0.06965895000359712	48.3079607470516	0.0
2.824672612934017	28.38079221281583	2.7942953193182465	0.09531895469724512	65.90492090023467	0.0
2.0751207959675906	24.371490364057237	19.081846060522587	0.07408734830409498	54.39745543114849	0.0
1.814532317865497	26.921232263174506	3.182736597256576	0.13294487622527765	67.94855394547814	0.0
11.258515099363999	19.110951913447316	2.830648086249201	0.07314310672247823	66.72674179421699	0.0
3.5773046496000562	33.05109069150332	4.856604156749869	0.3261476756680392	58.18885282647871	0.0
2.69802362196995	38.05939161061992	10.076115351791417	0.11759752612004644	49.04887188949868	0.0
3.2542485758137762	43.22535338555263	2.5122162320203847	0.11220859951006229	50.895973207103154	0.0
2.625762643294954	51.95621707096685	9.017626878576461	0.12022468280543995	36.2801687243563	2.0
1.265904074535281	35.4392180607613	21.16891528746135	0.05806517390546856	42.06789740333659	0.0
0.5416963073820299	16.391771281278068	47.08246921385736	0.03081886424351357	35.953244333239034	3.0
0.4909690128450184	11.86425301598265	72.29693488805769	0.029461854597060345	15.318381228517575	3.0
0.9386454444702563	13.161795147403677	69.827452034557	0.04743107981344863	16.024676293755626	3.0
1.275998336356783	21.176577164233237	59.27653726768145	0.027614586631417897	18.243272645097118	3.0
0.4305154038045436	9.784091166598719	76.58131379784068	0.026850825843830535	13.177228805912227	3.0
0.5426533688520365	11.523859586334071	69.54330574528271	0.017157733635041177	18.373023565896148	3.0
1.720473278110763	31.987357551789575	16.061064383232875	0.043073256475912196	50.18803153039087	0.0
3.054443613104381	48.356280528588826	6.373235779052036	0.07323101821444916	42.1428090610403	2.0
1.1716345193751332	14.993517499752832	57.333877505941054	0.0349322945095456	26.46603818042143	3.0
0.8000339212889939	49.20254851816717	16.78526968013947	0.04820644830348568	33.163941432100884	2.0
0.19924510351200195	7.054434832096376	71.03260127953467	0.013814277963072833	21.699904506893883	3.0
0.32637715747760787	10.688118509823461	52.24073171781855	0.024459467410935947	36.72031314746945	3.0
0.31632951186507596	21.06045045043801	56.89963674283843	0.04202760450850033	21.681555690349988	3.0
0.43860114519536175	7.823151205991275	86.9389948909651	0.028490309042276684	4.770762448805973	3.0
2.4651772219206456	5.185869704150712	5.513547214284698	0.014323613063839516	86.8210822465801	0.0
0.6704103845964687	8.067073721541334	88.39503258993999	0.01034376849387457	2.8571395354283253	3.0
6.808122677793807	70.09518303753053	5.6908211948533225	0.09668669714624528	17.309186392676093	2.0
1.324321818824139	23.493245475041988	66.20616850299965	0.036194338808750774	8.940069864325494	3.0
7.577067285011699	74.80858265391112	3.9339654436794462	0.11953727168267365	13.560847345715073	2.0
1.656803006591494	16.30238492382967	75.64465305858737	0.05633582175233199	6.339823189239137	3.0
6.435364410591974	67.42696000896277	6.054507190201548	0.08988450365593387	19.993283886587765	2.0
3.874965131482651	5.754641934893462	5.801812742512422	0.016965077246455226	84.551615113865	0.0
2.3804587736907408	21.95616242285883	54.143764398606656	0.08831640066275544	21.431298004181016	3.0
0.6838585786488718	12.227490752980794	72.91805858406079	0.0925818842071478	14.078010200102401	3.0
9.516764261297045	77.07728369487444	2.6571481402133825	0.7914617700605472	9.95734213355459	2.0
2.3827664837187763	51.86581180275057	18.515889120222763	0.4579073590146274	26.77762523429326	2.0
14.255236427052045	72.0186432506293	3.6462074939824203	2.466479177653897	7.61343365068234	2.0
8.419111216771316	8.087388536644765	0.1840266543052685	1.853875812285596	81.45559777999306	0.0
15.379698573215448	54.17711794363872	0.16765021924320936	9.694027473221501	20.58150579068112	2.0
2.450574129377786	81.71143742014297	1.7492417536937466	1.7611164921963562	12.32763020458915	2.0
19.27929364275616	47.444752757290054	0.02932660794484391	9.443771468239207	23.80285552376973	2.0
29.785611640698146	29.184290528024725	0.14993721500411672	27.44464521756283	13.435515398710185	1.0
22.46961407505149	10.986495587277709	0.07188657794951844	12.965188400541686	53.506815359179605	0.0
31.425878458623725	11.020220018379183	0.014742333552106206	41.38270662278473	16.15645256666025	4.0
27.288501795270808	15.099275125885619	0.3929420137272759	49.482247036077375	7.737034029038929	4.0
20.540165067408534	5.743007281771774	0.011186741203284202	22.435349135244238	51.270291774372176	0.0
22.965400656225746	15.446001834325553	0.04325730636355164	48.858241269973355	12.687098933111802	4.0
12.563042627812909	9.929392915614507	0.07857016424339543	62.64126341842508	14.787730873904103	4.0
19.627002405243818	19.153952919820885	0.04491575911070135	53.58167582362292	7.592453092201685	4.0
7.392020403702758	10.000364772190794	0.00848980579590567	64.49602615152723	18.103098866783316	4.0
7.5881704894543045	12.142601616792152	0.010093448453537775	58.22063366791821	22.0385007773818	4.0
1.292135230155058	3.05078115687917	0.1719363606117536	86.85731176023542	8.627835492118594	4.0
5.827985726428512	7.374951636633035	0.015103536091471408	54.74840186286411	32.033557237982876	4.0
2.91998813482201	1.3639418066825324	0.002370358380449023	14.00087596638008	81.71282373373492	0.0
10.578365998657484	13.838692809895846	0.04408528168754366	53.033436666260855	22.505419243498263	4.0
5.141550892794923	12.09220841904891	0.03968363878788317	71.11654979902174	11.610007250346532	4.0
3.5927733396106047	5.467671964251768	0.015080897450927127	23.90613562329032	67.01833817539638	0.0
4.801613219873757	5.693728365917629	0.011949720120062195	58.71003886817532	30.78266982591324	4.0
4.834782579339443	5.253955159567263	0.011130153431474209	46.74491020402348	43.15522190363835	4.0
6.344107640106427	2.461751067610924	0.0055053243700871925	17.707435063069425	73.48120090484313	0.0
2.792946363436519	3.5322297960667286	0.03757053756466923	85.48982444225884	8.147428860673255	4.0
6.32192534586659	5.599226073232747	0.006702111646527962	37.24220441425638	50.829942054997765	0.0
5.8448368092592	7.286467636194821	0.007051362626647802	32.806406148928566	54.05523804299076	0.0
10.472750693716511	34.559389258087435	0.09162033181914313	46.66226506900396	8.213974647372941	4.0
5.179034377229281	4.69975479446596	0.02169753570428358	49.51066940852931	40.58884388407117	4.0
5.558871063482602	7.8778278080110535	0.005937754242933438	43.49220788526152	43.065155489001874	4.0
10.343688874035838	6.955838679343046	0.04071009302618562	73.61741490996764	9.042347443627289	4.0
19.4787399968452	12.088270622763817	0.009615443617145286	52.67964491688092	15.743729019892921	4.0
17.0032104214715	6.914575412550699	0.01370736698637453	43.41041057456451	32.6580962244269	4.0
11.043753972056	3.0608017255458853	0.004257018110673315	35.169591661170074	50.72159562311735	0.0
25.719520296395675	6.0086554827279945	3.7557618694103104e-05	41.1631829468895	27.10860371636813	4.0
18.810259102065963	17.059822609106437	0.0244576494179495	26.296304648748453	37.80915599066119	0.0
23.758682353682023	16.073079790408713	0.026554737502387515	49.325605210767684	10.816077907639212	4.0
24.769323138238196	16.956182398696818	0.02080612509541396	41.79492231230959	16.45876602565999	4.0
15.042226665289588	19.404860318315368	0.01557427618969296	49.425946539982974	16.11139220022238	4.0
6.118784204482995	9.626380777697285	0.06300885699426557	75.05136576578525	9.140460395040204	4.0
5.672121062873222	8.10032244597227	0.012820953812005485	26.67845541950731	59.5362801178352	0.0
6.030307349981748	3.438239560667439	0.002136132972814461	11.745448895262319	78.7838680611157	0.0
9.441680702869636	3.510018861170419	0.0012864884872549318	19.79522656819111	67.25178737928158	0.0
5.430416656963438	1.2856037136389924	0.0008101271682987518	2.010337756485821	91.27283174574345	0.0
0.2764915025316653	0.7725742826656907	0.03995095987846218	0.01897612415904097	98.89200713076514	0.0
0.26493034844412783	0.3354632584442942	0.009125849726399982	0.0037524195772332984	99.38672812380794	0.0
0.36023615270127424	0.24990818667729814	0.01037828749264873	0.004221841902752929	99.37525553122603	0.0
0.7053132124500943	0.8726020037219041	0.018819121837732725	0.023105692572090546	98.38015996941817	0.0
1.2093868711768274	3.4896467355306284	0.07823047989536808	0.08300389813833838	95.13973201525883	0.0
0.5647947568067327	0.6552966676175495	0.057174033850546535	0.006590567681070497	98.71614397404412	0.0
0.24058633661594897	0.5196664674968323	0.055521926324377815	0.001928154732951913	99.1822971148299	0.0
0.2863406851670137	0.6477041393832786	0.09334373170685537	0.0045861685544414926	98.96802527518842	0.0
0.5704850274379696	1.468670905329068	0.43251649501191547	0.016801964213097806	97.51152560800796	0.0
2.227175416721374	4.487272618691634	0.18173283753163103	0.032424652422702795	93.07139447463267	0.0
1.7303025899351299	2.810728305555176	0.021761227589885215	0.01557949004602606	95.42162838687378	0.0
0.7338119033739854	0.6577636109061387	0.007876685757795536	0.049021217975703135	98.55152658198638	0.0
4.320128690595366	0.8240105224789485	0.0027432669694902774	0.7326702129712226	94.12044730698497	0.0
3.784905524870999	2.179268134100945	0.0054091528574923145	0.340656027931086	93.68976116023948	0.0
2.219899470434791	1.6848550827521938	0.001527882191804196	1.3340769869255162	94.75964057769569	0.0
3.652622863061771	1.262401666929597	0.0018397536583464916	3.9406629880683797	91.14247272828192	0.0
4.94205064085438	3.04808311313231	0.008323449301379253	7.600875135348844	84.40066766136309	0.0
4.585587932071184	0.8216395567278791	0.004642664827477232	5.3026853239445515	89.2854445224289	0.0
17.889259760940526	9.502301822957547	0.022793105967710142	32.89751023841713	39.6881350717171	0.0
19.995940115666386	7.711295926234743	0.02549974906882646	31.95445922577423	40.312804983255816	0.0
16.916011825947642	15.562273223243409	0.01886588089005891	55.407606624620364	12.095242445298531	4.0
18.674709222298866	27.88609820139899	0.05041652957108032	41.980576343539475	11.408199703191613	4.0
2.4450807763393083	3.060453127216293	0.006889176616787571	10.316206174926146	84.17137074490147	0.0
6.347290223946676	17.853933000544473	0.022460195392050825	21.574022775392223	54.202293804724576	0.0
9.687567981576507	8.65106236621596	0.009663919677409274	28.15770239192719	53.49400334060294	0.0
20.287037591172147	20.58154781320953	0.03960061416065275	19.3562449677905	39.735569013667174	0.0
10.744894259762294	12.68977666791101	0.008914664589283637	18.244151704364267	58.31226270337315	0.0
10.341925778964503	61.71057830358786	0.03686956649921397	6.457810977843204	21.452815373105217	2.0
7.97292564161034	78.1157934974892	0.2021367224070781	6.465979456920877	7.243164681572502	2.0
24.049910392622632	38.087135847078315	0.03293730001234013	8.572610507409781	29.25740595287694	2.0
15.248178738909496	66.69549881960914	0.4172355222477761	6.23867892192118	11.400407997312398	2.0
26.194436499257122	55.75232425607904	0.17586575044596478	4.236172059111856	13.641201435106012	2.0
28.562289678576924	60.46687644304558	0.25004282324916477	5.564382645060872	5.156408410067469	2.0
7.391445043258606	86.02712031587797	2.036757603187243	1.8363735920509057	2.7083034456252935	2.0
19.841091500829073	65.64627204427678	0.14066362470401797	5.365357943420661	9.006614886769476	2.0
8.607210740293112	75.4175854529428	2.4960975576130635	2.327217839934838	11.151888409216177	2.0
7.246679852068377	86.10969929416814	0.2783777637763471	1.4833595112731075	4.8818835787140005	2.0
29.503518329908886	54.034482812210584	0.14546132420466987	6.905792676671655	9.410744857004218	2.0
6.562602133064146	88.44463216491496	2.543228715909176	0.9090591417429263	1.5404778443688065	2.0
19.85238698808719	71.9361834863851	0.25262942951792733	3.0699502923437905	4.888849803666006	2.0
11.830350369312308	72.22806822193868	1.270912655892944	2.3850489161433903	12.285619836712677	2.0
21.45047710027106	66.62171398445632	0.11991687875309183	7.117783924329367	4.6901081121901695	2.0
6.65265771947008	12.269534310394246	0.0799313379153491	0.6205236060719351	80.37735302614838	0.0
18.052160685963354	75.25229770272081	0.2280937113004936	2.822619406236913	3.644828493778445	2.0
24.356914468780975	21.494453219328523	0.024560972475160328	6.085768810440855	48.03830252897448	0.0
19.63160007774648	57.59928682111243	0.5779953337972633	5.027195043290472	17.16392272405335	2.0
28.399785416341466	31.830738284207694	0.3846880998045661	5.490420704244181	33.89436749540211	0.0
17.455920286941943	48.30584006330338	0.42313180427930897	5.435063808751972	28.380044036723394	2.0
1.5892690505129679	3.111042958870245	0.012360289742680105	0.22847605410431468	95.05885164676978	0.0
1.3105975814929416	0.2620900257650957	0.000283216139301598	0.1690814391600063	98.25794773744265	0.0
0.35312661625708885	0.1191416185045795	0.0012227980936171628	0.015558132237995709	99.51095083490674	0.0
0.16255807971148237	0.14780709500953446	0.01252112561113813	0.0030745497139093377	99.67403914995393	0.0
0.44815697250994424	0.5415737240263616	0.005918014682615171	0.03323553935531384	98.97111574942578	0.0
1.2288282029702735	0.47203125121348755	0.0035105934712461716	0.03767604990850688	98.2579539024365	0.0
0.5528868524645971	1.5586381222863726	0.04533405702115802	0.06599805981753275	97.77714290841034	0.0
0.19031388458567922	1.5624008462533951	0.4110044009759276	0.04852630554383726	97.78775456264115	0.0
0.11348206490990845	0.38161269579128143	0.014797604711007417	0.0033317665542480076	99.48677586803356	0.0
0.1308661791763859	0.4342606627855409	0.02332900848425345	0.0027105140043322093	99.40883363554948	0.0
0.09274252757393975	0.755994970293577	0.09391308044066346	0.00826038046991768	99.0490890412219	0.0
0.5898022962109695	1.0180796109445336	0.006502954172730397	0.04569974156937402	98.3399153971024	0.0
1.1969011246394732	1.6120515921754386	0.02065216776518095	0.24504456202552208	96.92535055339438	0.0
3.2345697043113337	2.234791216087243	0.019141567254742566	0.9338321994150399	93.57766531293163	0.0
1.8359920896497688	0.3685398455514738	0.0011903044698728042	1.0012644228741339	96.79301333745475	0.0
33.872910753785476	10.481805570215876	0.01991561481124762	5.88104422583111	49.74432383535628	0.0
40.262594771160494	18.778188816139146	0.0380068717659893	14.333970238555091	26.587239302379277	1.0
40.82783962383418	36.08399637787599	0.06254693986954103	14.500647725055124	8.524969333365165	1.0
17.558825144289553	74.24774879377503	2.942703881904727	3.5668897651621707	1.6838324148685093	2.0
35.98958527831262	42.713123588438734	0.16848403062175785	4.832589246631569	16.296217855995316	2.0
18.25809524971475	71.96003586946125	1.0288708764154835	5.731219753960385	3.021778250448141	2.0
28.753319829683633	61.67170564007526	0.13696362926282102	5.57869643956193	3.859314461416377	2.0
11.073194749996986	83.26926311277717	1.3100302465037947	2.820866220047314	1.5266456706747427	2.0
6.207028934390527	89.83540552321263	1.425831373744954	1.4220760266183323	1.1096581420335472	2.0
5.062571167278354	85.70368618351223	2.4940089901665097	5.074185228109068	1.6655484309338338	2.0
16.609417572691658	59.667946533845665	0.6712648528653943	3.8353098967592256	19.21606114383806	2.0
8.63804168803197	88.06822479645524	0.3529176191057378	1.8912925851014148	1.049523311305625	2.0
2.2839663580642373	93.39167824296794	2.644349238920497	0.7026584768943285	0.9773476831529774	2.0
8.285049699369385	84.9498933675152	1.0602056950580263	2.687490421935246	3.0173608161221375	2.0
7.396613074802767	87.12117066015607	1.367120905408973	2.2332486495726678	1.881846710059532	2.0
2.351240113507833	73.82096251647027	21.709890557759216	0.6863475419625	1.4315592703001867	2.0
10.109014888381004	86.9689104049958	0.6389557683310754	1.284913204575043	0.9982057337170674	2.0
3.544092418159094	73.35962405766007	20.62375186920035	0.8587833933475217	1.6137482616329615	2.0
6.352422382060488	85.77712107439062	3.6695255823865103	1.7842220314102757	2.4167089297520885	2.0
3.566833144060938	74.90494591976912	18.63913665850554	0.1491548082815521	2.7399294693828695	2.0
17.0231337138784	74.98786009320385	3.163675413026565	1.04851798222371	3.776812797667475	2.0
26.40555607969286	66.81073155495216	0.599080039884106	2.110138026830613	4.074494298640272	2.0
3.262170336459179	95.6145892702454	0.5264628265913837	0.20097288920989825	0.39580467749412335	2.0
3.1567381812533233	94.5687932202875	1.2825702165253001	0.33086010292871093	0.6610382790051881	2.0
4.663277397589834	91.82826481689139	2.3568581815360923	0.20023341846050588	0.9513661855221773	2.0
2.203613575299385	91.03304970744117	5.545838227362772	0.17774858885040146	1.0397499010462692	2.0
10.11656925367821	44.477993485672314	31.524408469486776	0.14515322243650644	13.735875568726202	2.0
6.714905844525826	81.7461561799941	10.165926029664464	0.3891844712170999	0.9838274745985177	2.0
3.11135819526983	91.50503241845358	4.579650328509336	0.2830494794566363	0.5209095783106172	2.0
2.3844554318538624	83.4059259496459	3.540044071408048	0.1914558731562771	10.478118673935926	2.0
9.163476446560765	85.86699201050844	3.5044918562556058	0.3044119341659207	1.1606277525092872	2.0
5.0818778832744105	93.37716518379314	0.6945421778461787	0.3087182964135404	0.5376964586727312	2.0
1.4453297447004199	76.4446452784917	21.6659088593501	0.12096339515594416	0.32315272230183073	2.0
1.1037648914968314	61.25987797287132	25.62832962530334	0.06985780849948693	11.938169701829022	2.0
0.5849133045326712	37.45349746065672	54.67351582743569	0.09006896646608196	7.198004440908842	3.0
2.155006059121302	92.0217208086626	4.9754705200941824	0.24677537408107547	0.6010272380408501	2.0
15.923477122960081	64.97622867829696	7.445021483803657	0.1172194832370527	11.538053231702246	2.0
2.930317853464222	25.784828770987843	57.64948522565272	0.07069122869460104	13.564676921200626	3.0
21.69601198887357	61.649205041570745	4.7503123295018295	0.11030127598540061	11.794169364068456	2.0
10.031482596394367	42.57208587839686	36.821606014018	0.08558581084176221	10.489239700349003	2.0
3.1560620141864053	12.364315759096067	73.61154201507503	0.06776002997322764	10.800320181669267	3.0
1.041969841958276	63.31938425814446	21.109615680773263	0.08932598124381562	14.439704237880182	2.0
1.5308241926675288	6.210601962851479	87.48227021574515	0.017696991111006033	4.758606637624842	3.0
0.16520296889252184	3.6568909867486066	91.93758353524473	0.013997801131011595	4.22632470798314	3.0
4.8832782715059295	83.10056024528363	11.228697727825425	0.23291857389605825	0.5545451814889503	2.0
0.9959662667564283	29.174839116513795	69.4973842852802	0.082452872434267	0.24935745901529557	3.0
0.6369339563404042	16.317009498506593	75.88499101594634	0.053726168625098825	7.107339360581555	3.0
5.64956735369945	84.10362473965736	9.606960314475392	0.17419266104542316	0.46565493112237083	2.0
2.1698771229602816	43.41244446338502	42.95722213881151	0.11558857462337156	11.344867700219808	2.0
4.921861452174136	90.21422359965251	4.110133984390002	0.20263316452096675	0.5511477992623884	2.0
1.5172739042934957	36.037050991953606	56.038075825614484	0.08297997037644796	6.324619307761966	3.0
17.441994542393502	59.63473375332501	9.91958132214901	0.12239566787348154	12.881294714258996	2.0
18.143432047570034	43.311313656799264	18.741949697700353	0.1404773990779942	19.662827198852362	2.0
1.229068861728792	5.4166320928094285	88.7770804764175	0.02983019803381843	4.54738837101046	3.0
0.7289601622449572	62.05293971568082	20.823123148895085	0.22637722411471975	16.168599749064427	2.0
7.4516937536058245	36.74226735610145	45.16110527992405	0.1475420930600625	10.497391517308607	3.0
1.3502334485711873	5.99774475464812	86.4073490758924	0.05728816688931769	6.187384553998995	3.0
1.4734142156874495	4.556264661224992	89.67073852966007	0.045462373454422944	4.254120219973044	3.0
3.1640238505905844	19.3005382918915	64.29992027300901	0.10459012616933318	13.130927458339581	3.0
0.2622891969488392	8.194282107311157	91.23421504657651	0.09323051049118407	0.2159831386723106	3.0
1.3373251290169843	77.05351940788981	20.83660481401319	0.28702123004051516	0.48552941903947483	2.0
3.378694285898444	5.906487696207938	84.18567392282971	0.10191126241552655	6.427232832648383	3.0
4.489502498667386	44.63829604758167	41.21099914595652	0.14229958270708049	9.518902725087349	2.0
17.18154061657183	57.470969422219106	12.430232583036718	0.13943728767309402	12.777820090499251	2.0
2.3859981582863794	11.221089358429333	80.2248664024826	0.08137633009235724	6.086669750709327	3.0
18.406504084696394	52.09199675577558	10.370768840150053	0.15124203165211347	18.97948828772586	2.0
0.9275714922571123	4.821187426773717	88.87287081526	0.031138541462454136	5.347231724246704	3.0
0.40338560000864976	9.684714740357794	89.67076972599699	0.08188084644331317	0.15924908719327288	3.0
0.7133914053208573	4.552444658622672	91.37067583747717	0.026426986800524584	3.3370611117787523	3.0
2.689963751853958	19.432051795508933	68.03804047237875	0.10922506511601138	9.730718915142344	3.0
0.9106815684727996	38.449934697882526	42.67500159039477	0.2433450813595692	17.721037061890343	3.0
1.2021654995253797	46.0828612092469	51.88909919159016	0.11257901470087867	0.7132950849366694	3.0
1.19641173067693	29.468757794306466	68.76077653829665	0.14545508604519883	0.42859885067475856	3.0
4.443495940408028	91.18436764970907	3.578615563800918	0.3664009506077243	0.4271198954742684	2.0
1.6295087914577122	81.18507597389659	16.776668347811384	0.13507672661570083	0.2736701602186207	2.0
7.5825446212008165	33.438121489127546	46.9301893884615	0.17067353348611755	11.87847096772402	3.0
3.7342912644136264	46.775400424839866	48.70053094003703	0.14794054173535043	0.6418368289741349	3.0
4.098565091462439	91.22256896853898	3.645718563354669	0.19103297035539654	0.8421144062885246	2.0
3.83380425604612	73.54145945126388	22.052468799345736	0.1650926080507015	0.407174885293571	2.0
4.74135946739901	90.93329032361319	3.842632795648838	0.28995709401225	0.19276031932671547	2.0
22.057574426159686	60.269511146694455	11.115886110270303	0.13799981381439863	6.4190285030611705	2.0
7.611894218397536	88.78297848243389	2.650304950044474	0.5477662285553875	0.4070561205686983	2.0
11.511499101318996	48.026066156690014	31.77936924293709	0.31345923353570454	8.369606265518211	2.0
2.2031192070923495	20.341000849447394	76.6415204503173	0.15735333884211508	0.6570061543008491	3.0
7.548527980920179	89.24427823246775	1.5037659656729592	1.0714268505946782	0.6320009703444217	2.0
11.917782531700857	63.78906703591818	16.44867634690659	0.26067365540199827	7.583800430072385	2.0
2.0121833640301547	10.03057284321521	83.01757786417117	0.11181015892627168	4.827855769657205	3.0
23.70752108425896	53.08810537978914	10.716705512455603	0.2568933217813527	12.230774701714948	2.0
14.902626127838376	52.44372486762391	18.851466376288723	0.18251364315040203	13.619668985098585	2.0
1.1942055073117501	41.33182868134727	56.6609158542086	0.21643066032157837	0.5966192968108074	3.0
28.51831994332377	57.2537272197126	11.97127328792512	0.31928573953659617	1.93739380950191	2.0
2.0537393645213804	78.12772927894349	18.912007442276487	0.24073269986175277	0.6657912143968774	2.0
1.8302891790404476	64.0035567647431	25.189281391116538	0.1772943406927138	8.799578324407193	2.0
12.240443506571827	64.15160719525142	14.085128288367683	0.13720828052572362	9.385612729283366	2.0
6.0893217576261796	23.117625930982516	62.008051129374266	0.12556710445045371	8.659434077566587	3.0
3.4236015490427936	18.8920898072833	66.25493170101336	0.12043441660072425	11.308942526059816	3.0
12.345036847323279	36.95812256206919	31.159323252419934	0.09974092644707373	19.43777641174051	2.0
5.2518391799344535	43.428601842010885	34.70933003828811	0.11836840185640116	16.491860537910156	2.0
0.6250077168377891	9.852448302084934	88.88258211468909	0.02647976857617553	0.6134820978120382	3.0
4.139475303159509	86.61342145156607	7.884928064769224	0.269111124097294	1.093064056407903	2.0
7.272192370477142	18.000733534716797	67.88179139553564	0.12111052816524398	6.724172171105174	3.0
14.603118942326196	10.091472694081432	61.53208178530824	0.2205789055082984	13.55274767277583	3.0
4.282287254520559	72.90483026400943	20.894510242228815	0.17338871451421536	1.7449835247269576	2.0
22.351628777083842	64.91324221605888	0.217800604098115	2.3943608140038544	10.122967588755314	2.0
18.733885351472583	72.63204069617052	0.7673743624228258	1.907865542575973	5.958834047358097	2.0
8.159827142059573	81.14434032340183	0.5577987760090214	2.7457480884949317	7.392285670034647	2.0
6.587645718146293	89.48232804430944	0.715294156032822	1.9361615236958285	1.2785705578156255	2.0
4.562963926773109	82.25928003324199	4.844492015685418	7.0333267467487	1.2999372775507885	2.0
6.822914415174837	75.74320581361516	10.67265669895453	4.814525111718071	1.9466979605373955	2.0
18.567770393446374	69.07386386434992	0.4718262420860093	10.574142116500067	1.3123973836176381	2.0
4.176396469405706	73.80655144102863	16.553830795079705	4.767086451907778	0.6961348425781616	2.0
7.5649525253188035	79.07482591811457	0.9539148182668359	11.207436994263473	1.1988697440363116	2.0
13.262030535768366	54.58610939306108	0.4587658379254938	29.955685273494588	1.7374089597504683	2.0
48.021251638004316	18.01508948719578	0.03341480913668798	19.39303715107315	14.537206914590081	1.0
34.67643043167829	16.69087392362245	0.011053188683050077	46.700989243064924	1.9206532129513108	4.0
5.135543596541519	8.684615107234094	0.18399513312848867	85.59930049287621	0.39654567021968223	4.0
10.8839314384727	10.341316141105558	0.05900054922358594	73.39838398118995	5.317367890008201	4.0
7.133928756013954	5.000394326182275	0.010077214670003543	81.336092207279	6.519507495854769	4.0
0.9017014211163978	3.228246588771446	0.17272382414024992	95.11984424919932	0.5774839167725804	4.0
7.471914361766572	6.599420283435918	0.009835408879346377	82.88987767748887	3.0289522684292898	4.0
2.337604217005393	4.337336168260399	0.033539780963233685	92.78024438775564	0.5112754460153486	4.0
8.016335734991973	8.169322505993112	0.04407345401734328	77.1892636020847	6.581004702912879	4.0
9.297419372057195	8.782062580100433	0.00025434898456901323	75.06012025705203	6.8601434418057705	4.0
2.4722381168345398	4.014757451572221	0.11981530863902161	92.43397703421883	0.9592120887353894	4.0
2.7073321438145364	1.4257214193687302	0.006765387918629736	92.31508105610796	3.545099992790136	4.0
4.7696754953809855	3.4180963776953357	0.013219631997210029	90.02713709879708	1.7718713961293775	4.0
1.5049042398594918	3.4724468278159413	0.051507615871634556	94.64422021831825	0.32692109813466885	4.0
5.654190478339854	4.988123192544093	0.0377648994406942	68.62356800741789	20.69635342225747	4.0
5.306811989058847	3.0475859236928886	4.5567133458211726e-05	67.57802690630331	24.0675296138115	4.0
13.107558301118003	7.2289654479635495	0.018080231350617225	69.75585788727841	9.88953813228943	4.0
30.14766272536125	17.028073830177103	0.009309482686667966	50.77707072693419	2.037883234840789	4.0
26.375509392955447	7.55350815326144	0.019760296170926273	54.19923677511002	11.85198538250216	4.0
14.079006942547128	38.824616127647566	0.035604435570045515	44.5986793180089	2.462093176226367	4.0
21.190856565196928	44.08615859475313	0.051299902522550095	32.584226448094995	2.0874584894323807	2.0
18.850454585638204	22.276977203532585	0.021942285991746715	23.176455788050312	35.67417013678714	0.0
0.46647989713973426	0.9097964232384145	0.12185338875789098	0.053012478860592814	98.44885781200338	0.0
0.9083856339373579	3.4585330257871596	0.13629848638603556	0.06815864387827998	95.42862421001117	0.0
2.927018997451503	6.4181732370355835	0.1175906088032779	0.563779113336196	89.97343804337343	0.0
5.835904421781446	13.928516915751556	0.38120606026667814	0.6049738449994769	79.24939875720084	0.0
1.4302974927395815	5.263074724492283	0.15646928439009916	0.31809640056954674	92.8320620978085	0.0
3.2053810177491133	4.150888007953915	0.05537052236689931	0.8618038463520238	91.72655660557805	0.0
0.4858233351478139	3.511133691366718	0.5805623101615128	0.05349811368006944	95.36898254964389	0.0
0.5106737221884803	2.9919348303589626	0.6363986962723056	0.03534299441133877	95.82564975676891	0.0
0.908113129578624	3.4141049128229706	0.7346075183982967	0.04258958566995298	94.90058485353016	0.0
0.48404818312085435	1.4591551436331631	0.17767373977065348	0.01625080485670655	97.86287212861863	0.0
0.3851942212096005	8.45135575497267	0.3559062979491617	0.04967805318915255	90.75786567267942	0.0
0.9156715708774844	1.8904499571824618	0.04543045046085545	0.04623107229788604	97.10221694918133	0.0
0.7501185619190014	1.2540684279443415	0.02199425314822815	0.04097383334339026	97.93284492364504	0.0
2.131536073783621	0.8493656438831395	0.008991649098053785	0.09331235399921939	96.91679427923597	0.0
8.196173248168876	12.575908111022226	0.04839540855803643	0.8312374585502849	78.34828577370057	0.0
24.889396993369356	11.203160272439506	0.03916346541092608	2.7437641104383705	61.12451515834184	0.0
39.61776767685321	41.562273018121665	0.1785630048825578	5.256090516894854	13.385305783247711	2.0
19.2556572823886	10.76768452988895	0.04362914258342515	2.4838644392604206	67.4491646058786	0.0
19.404566476494356	45.719516188658766	0.18895136379577332	7.049090994271346	27.63787497677977	2.0
21.691119803418392	65.41585398402026	0.13410278477643023	8.535348526476525	4.223574901308397	2.0
13.765656462125358	80.59270973745285	0.24904401091998177	4.255631879562443	1.1369579099393607	2.0
41.26454938419205	30.040789792372408	0.2159627465929492	10.003513289643518	18.47518478719907	1.0
10.051659600289458	78.22833435508402	2.211020425851778	7.026749648313768	2.4822359704609993	2.0
36.34078257678197	49.269145049316705	0.15516520590334126	10.145824805978352	4.089082362019623	2.0
10.427362307672388	82.220922296561	1.6888808271178606	4.710285391595136	0.9525491770536092	2.0
28.492498245630443	58.79579487664962	0.5818510503249998	10.61961571667998	1.5102401107149575	2.0
10.959565017490187	78.09847034910528	1.4673787376646585	8.841299923309135	0.6332859724307477	2.0
20.18339543256847	50.072094356867304	8.670467413136508	1.9432327736424566	19.130810023785237	2.0
47.27723326176035	34.8577722988567	0.23503029293442335	6.614900278709905	11.015063867738624	1.0
18.298290362641765	67.1280515676332	1.4925115288417221	8.73727892183878	4.343867619044535	2.0
30.426752315806542	57.16122993317108	0.10995828570532361	5.578685275745964	6.723374189571103	2.0
35.876734133879914	52.479870749895255	0.31419737090803107	7.4384909932438585	3.8907067520729526	2.0
14.817467561954995	69.8531393694335	0.36350557192877836	2.8037003377440373	12.162187158938702	2.0
10.716541268026598	85.4578760187407	0.5140953416797471	2.946197517254883	0.3652898542980712	2.0
26.002762785439344	63.425024766622954	0.21955185357409873	2.536499430898284	7.816161163465325	2.0
18.953926705386884	75.61016577836413	0.8562895795851869	3.8460850245853164	0.7335329120784523	2.0
12.25054640059591	85.62250115380361	0.12178956403093108	1.3894458791986688	0.6157170023708767	2.0
19.78574538597418	76.78586428795909	0.34713844137665467	2.3897985728217352	0.6914533118683347	2.0
5.021308328016428	91.42239448401244	1.4066927198310066	1.74999520401945	0.3996092641206407	2.0
4.879982540286486	91.62960830343478	0.9614773151466947	2.167370051309591	0.36156178982243053	2.0
2.306119128496778	94.82927378989517	1.3624961782175424	0.9738881765560079	0.5282227268345181	2.0
3.391555539562675	79.83799846774411	15.608221821562932	0.6815052513790303	0.4807189197512582	2.0
10.20566180288251	84.06266442727829	2.7622131703510915	1.9360759934007037	1.033384606087383	2.0
23.61854930923913	68.41741345649223	2.3028374781156757	1.0504460924441266	4.610753663708833	2.0
18.386006032829965	78.92848768117743	0.6172522761214824	1.2509271470431633	0.8173268628279658	2.0
28.851565929257404	63.261075971809944	0.14161854888161976	2.7987102146846023	4.947029335366432	2.0
11.313182827154023	84.91542930542683	1.2242723715697483	1.7247483363793437	0.8223671594700496	2.0
14.983445247431849	76.36477840941882	1.2275818585922458	4.489386612306613	2.9348078722504582	2.0
22.402674639354863	73.32628987273144	0.6715668484914944	2.7985737601203478	0.8008948793018795	2.0
2.769290199675652	91.61019895647489	3.770979887220497	1.432589360613491	0.41694159601547365	2.0
13.485665723799745	82.62848403232103	0.4385891507056888	2.789260304366042	0.6580007888074912	2.0
5.1286382312025065	91.19207640003468	1.790757561590959	1.5224149122517148	0.3661128949201429	2.0
2.9562721231687785	93.19386825372229	2.4666520450106635	0.9587579992358396	0.42444957886241824	2.0
3.563922182862743	92.75077128744523	2.3940259774021877	0.966128422495942	0.3251521297939059	2.0
11.813583000502287	83.6641970654822	0.5476406127662911	2.368042763163062	1.606536558086163	2.0
1.3772594117799999	89.68929800766303	7.328608026996138	0.8618130290135072	0.7430215245473344	2.0
12.687119584329503	79.15443585659303	0.23087612823993342	5.902858020499381	2.024710410338159	2.0
5.396449044323599	86.90829846684919	4.651323526605171	1.119070712977438	1.924858249244613	2.0
18.065147786424898	70.18553060903804	0.6844052582748127	10.1000697892993	0.9648465569629495	2.0
4.342806546427895	90.20286356190208	1.556025903622042	3.577801906309664	0.3205020817383107	2.0
6.522396929607348	88.66096060263607	2.9387149333248	1.476024954654489	0.4019025797773084	2.0
13.271626550353869	74.93277968221744	6.175749787420528	0.9674168880392711	4.652427091968903	2.0
2.0685793027183506	75.73154916524174	3.2191612671907914	1.4846327934141135	17.496077471435022	2.0
14.233036185415951	76.91432729487119	1.072049171427913	1.5323803768331332	6.248206971451829	2.0
2.7849140676998467	82.3303734181747	10.386314793307857	3.2062582880982413	1.2921394327193425	2.0
5.716072222248931	88.13414374026983	0.6065348302196207	4.2227239887461	1.3205252185155232	2.0
0.81468128423964	20.51583212818793	77.66347113490096	0.31012327434148657	0.6958921783299818	3.0
21.944358054525605	67.41585653695091	0.33579358731257564	7.172368147877781	3.1316236733331233	2.0
4.540124304629129	89.75513497789065	4.170541678675164	1.112422083154859	0.4217769556502068	2.0
3.7062292749437376	80.19796337737799	13.73505941499857	1.7767157797140272	0.5840321529656731	2.0
12.917853929255518	72.38965472977833	9.88893287085367	2.660235001149676	2.1433234689627887	2.0
22.237972550198734	67.54140966260192	1.419777969851076	6.28462184119643	2.51621797615183	2.0
13.812067384328735	79.5991279990796	0.6308054913732627	1.4671600641327436	4.49083906108566	2.0
14.327003056442496	72.14798610960311	6.751232063512791	0.9069496622429531	5.86682910819865	2.0
61.43643859798582	23.12994456887561	0.060375200684393684	1.4281632573708094	13.945078375083373	1.0
24.99271285686672	59.80893496603892	0.3790896236839626	0.628058106753493	14.191204446656888	2.0
36.777445718087336	49.61614140171864	0.23187857564657602	1.9954531448023363	11.37908115974511	2.0
7.671778819760483	89.24027885365075	0.2425319715966529	0.8076642012334003	2.0377461537587136	2.0
56.59416793652557	24.49950039267062	0.05641866443865951	1.4886476953673282	17.36126531099781	1.0
7.8947349533272595	89.82203387592321	0.2028896930669189	0.8916398248557592	1.1887016528268195	2.0
29.453486362359122	64.64765632176332	0.35296313512316185	3.809424187989198	1.7364699927651828	2.0
8.68497498592961	89.0438005859342	0.22973676522114617	1.644362681960937	0.3971249809540844	2.0
5.7421744491812445	91.98830330884167	0.35977179114755176	1.537439860155657	0.372310590673884	2.0
27.204826977236092	66.14116051999814	0.8452420625501942	2.0450213079824713	3.76374913223309	2.0
45.884417011700016	44.50808047028571	0.0853987786314326	2.6956298655087902	6.8264738738740425	1.0
5.220515352586304	12.405670455663133	0.11929036088442989	1.5829135629208597	80.67161026794528	0.0
4.160917188202333	7.541242420560707	0.040570019649627406	0.9525348421301335	87.30473552945719	0.0
9.414389571300205	7.563472747522596	0.04141787135902436	0.8960204277099476	82.08469938210823	0.0
8.377855441834654	56.74713048875753	0.4754479267905884	1.3295503614757616	33.07001578114148	2.0
24.48694621483277	24.816014403294535	0.04493059203492521	2.9897245499813887	47.6623842398564	0.0
14.740751292273234	67.89325323264443	0.05426883317607326	3.8208890631324732	13.49083757877379	2.0
6.866501358120619	40.01085345820988	0.2410885355947113	2.908868802763629	49.97268784531116	0.0
0.9593688685806888	3.2915540300156456	0.023960165804967414	0.18333830691837338	95.54177862868032	0.0
0.31035279486514816	1.0576772973216468	0.03103532921065154	0.1389163300212972	98.46201824858124	0.0
0.18276033588281781	1.4194114985720727	0.10470216404237448	0.09086463157116652	98.20226136993158	0.0
3.3973272012382325	1.696159150728288	0.0060157975143764085	0.4634059620091767	94.43709188850991	0.0
3.97741086309095	3.421897640603053	0.02902469369360748	1.7605754355130991	90.8110913670993	0.0
5.67085276027662	8.40876295084647	0.015367648403492154	3.223993882840623	82.68102275763279	0.0
