N1	N2	N3	R	W	anotaciones
3.388287499175387e-05	0.0011590824556931957	1.5893650188161813e-05	3.13070960204796e-05	99.99875983392312	0.0
2.248856162198808e-05	0.0014716000982516171	8.704227514696955e-05	1.4498445535501491e-05	99.99840437061943	0.0
2.1234383653242913e-05	0.0009908442802356555	5.5672790484079654e-05	2.7159889985648477e-05	99.99890508865565	0.0
6.918123797495467e-06	0.0016085639103097982	6.994351370513887e-05	2.3518810181428155e-05	99.99829105564201	0.0
1.8556193896294677e-05	0.0019783707382273236	0.00011091675707910381	8.648993872666038e-06	99.99788350731691	0.0
8.00584083004743e-05	0.0014586707494405459	0.00011233225871877249	3.638538957125449e-05	99.99831255319395	0.0
2.363016210970971e-05	0.001095199877154192	8.836566752668211e-05	1.1043216598292208e-05	99.99878176107661	0.0
1.0691945839353355e-05	0.00108572619853794	8.137094002489084e-05	4.7939354002558646e-06	99.9988174169802	0.0
2.5705427716194455e-05	0.002134247329135619	0.00017247725268455078	7.807559998064442e-06	99.99765976243046	0.0
3.2443634153684054e-05	0.002342470843849314	0.00032472605225991916	1.3013489938327515e-05	99.99728734597979	0.0
0.0005138789490742353	0.003643366994913232	0.0004339430740057403	2.1217119092548882e-05	99.99538759386292	0.0
0.0004437351850555819	0.003434641089620788	0.0002478577781788484	1.010818317977765e-05	99.99586365776398	0.0
2.5785536560625474e-05	0.0015063866089337662	0.00019899243292865193	1.159369455163573e-05	99.99825724172702	0.0
3.981769699635426e-05	0.0016073984747862514	0.0002995272040398103	4.014303150356502e-06	99.99804924232103	0.0
8.696400316812588e-05	0.0045605214720391436	0.0004390156335796107	1.2009761575442386e-05	99.99490148912965	0.0
6.37547044404754e-05	0.005573263414602858	0.0036668886886679812	2.0307385026876495e-05	99.99067578580726	0.0
0.0037800182954981845	0.011171059567108966	0.004715043932001641	1.8115138379941215e-05	99.98031576306701	0.0
0.0038105414499590576	0.01977033688613138	0.008197011445506615	5.987428846768637e-05	99.96816223592994	0.0
0.002521436121539893	0.02168772844722096	0.013272352092175754	6.312394294857321e-05	99.96245535939612	0.0
0.0024808871432217758	0.02565787290388505	0.03521912991123178	4.086780799847219e-05	99.93660124223366	0.0
0.0019342026565837586	0.012797477168440987	0.0071398711820213215	5.833651861492015e-05	99.97807011247433	0.0
0.004039407160718665	0.015387695283528501	0.004638790548286849	0.00015165011008355292	99.97578245689738	0.0
0.002332627484262594	0.012872934739428384	0.006252810334524731	0.00010030066813100335	99.97844132677365	0.0
0.001955484717580026	0.014410101066735306	0.004976190702666297	0.00019225204081191655	99.97846597147219	0.0
0.002392822337026506	0.026630382764908627	0.003967769294131945	0.00011739747081844823	99.96689162813311	0.0
0.002137905349571906	0.016813519002601286	0.004287819614507789	8.22017232573012e-05	99.97667855431006	0.0
0.002413761853436243	0.02087047005604453	0.004509984766924482	8.369208631256996e-05	99.97212209123728	0.0
0.01001796163194767	0.019124865628143244	0.007752368416888559	0.00019841781423528452	99.96290638650879	0.0
0.062370796731968714	0.11621056694104812	0.009306178620710263	0.0006239520872144996	99.81148850561907	0.0
0.005984506293691292	0.014588651156758583	0.0042139096561949665	0.00012662568589181882	99.97508630720745	0.0
0.02504168304888153	0.1043263422887192	0.010814093295450898	0.0002771996511810337	99.85954068171577	0.0
0.004740357282740521	0.01855625750093933	0.00726954491305633	9.447370270281383e-05	99.96933936660056	0.0
0.00259618847409599	0.008028127381143047	0.00231684726173902	7.322783049421991e-05	99.98698560905254	0.0
0.004963522965788223	0.015644528012895665	0.0044116307845593035	7.13193879327994e-05	99.97490899884882	0.0
0.002013450823652778	0.01329872600564358	0.007820095393504882	5.371644375291586e-05	99.97681401133343	0.0
0.0019974801359373	0.017887506871456817	0.0054604074410664165	6.693477749559969e-05	99.97458767077404	0.0
0.005226847687271531	0.029349429401852284	0.016227787104630843	6.339873362580098e-05	99.94913253707261	0.0
0.006472637795841639	0.05267291058136475	0.008659023276456007	4.845646501462251e-05	99.93214697188132	0.0
0.009707710269985164	0.05716486264870349	0.008393390198609631	0.00014623680380990874	99.9245878000789	0.0
0.011326208814410698	0.04818005641303534	0.011887715916441345	5.88339240751961e-05	99.92854718493204	0.0
0.009799516342521665	0.050016405225604896	0.009358646870507055	0.00011810580888514178	99.9307073257525	0.0
0.006607500242553481	0.03372802505427309	0.006646788904104232	0.00010579208400658156	99.95291189371507	0.0
0.002699532706530282	0.015346351293640611	0.016780656288366322	9.062942417615953e-05	99.96508283028729	0.0
0.003537087924078499	0.018480985271271424	0.01122847805484278	0.00047930968960449815	99.96627413906019	0.0
0.02002729385952819	0.03430373598192522	0.0026909100816330626	0.0006583900138511863	99.94231967006306	0.0
0.08937801279198095	0.09356724764963746	0.004615091666942936	0.0031378313983070056	99.80930181649312	0.0
0.018428344886416113	0.029366342685458836	0.009809493012452365	0.001819624493691768	99.94057619492199	0.0
0.012567445164796031	0.025872532023133624	0.0030988048141289875	0.0017182859358664056	99.95674293206208	0.0
0.12435802359264157	0.0783673784264431	0.0024085171695725476	0.009671345674910114	99.78519473513643	0.0
0.12754453561203463	0.0871405900254207	0.0015719384178841636	0.006163382315663598	99.777579553629	0.0
0.24518596183363167	0.20201185280890482	0.0026336198769360297	0.008934209518029906	99.54123435596249	0.0
0.032833319803321444	0.08181646512176613	0.01380604222159106	0.005708254789090143	99.86583591806422	0.0
0.012416687295667883	0.028571201586697605	0.0032489412469171386	0.0028022411820594656	99.95296092868865	0.0
0.09941790064762228	0.04473910860864601	0.0011737977407250593	0.005093983063205556	99.8495752099398	0.0
0.04151647920308543	0.033023432017145055	0.0029479041140145807	0.001991201879585102	99.92052098278617	0.0
0.052465670440576956	0.05014096684465767	0.002929872786509322	0.01735292137094505	99.8771105685573	0.0
0.07573492292330326	0.051502374014419	0.0014866645970399949	0.006336021467403413	99.86494001699782	0.0
0.06159869099758586	0.0621231585026178	0.005087978860290018	0.0054017523031855055	99.86578841933633	0.0
0.06021586035876641	0.042737942638342304	0.006381908236540378	0.005196302931932936	99.88546798583442	0.0
0.30775074640596556	0.09193986015329768	0.0021555200719082655	0.01085048275065305	99.58730339061817	0.0
0.030301210507354154	0.033363807820378684	0.0013724721268551063	0.004276203724359981	99.93068630582106	0.0
0.12111082013742469	0.08184800776841408	0.0020514977438056614	0.009848859832255525	99.78514081451809	0.0
0.04990132589708204	0.031115221615567953	0.0035563713225357264	0.01247851152293982	99.90294856964188	0.0
0.05732201781846474	0.054341160948189624	0.0032083964587267576	0.01789381705838203	99.86723460771624	0.0
0.056926376748958195	0.04167436082339128	0.0024137710564221407	0.03331867458182215	99.86566681678941	0.0
0.5115148466120739	0.21084819048987094	0.0065873088343425985	0.13525673059321136	99.13579292347052	0.0
0.21882751662025465	0.06869608343478	0.0016832203540603243	0.046358007368505746	99.6644351722224	0.0
0.14485934969335446	0.1295398787360668	0.003056959675305273	0.03201903604082342	99.69052477585446	0.0
0.2886937874720705	0.12782539498751533	0.0005383763449377756	0.15519451416551086	99.42774792702997	0.0
0.06332995858892046	0.11184075404894152	0.0037804487753756275	0.012649595377343113	99.80839924320941	0.0
0.006664260965684794	0.014104912021022936	0.005702141277261499	0.002924606628530183	99.9706040791075	0.0
0.045914544536915874	0.02546114224358124	0.002390611133755932	0.003719294015916053	99.92251440806983	0.0
0.006904136944988888	0.012609770376961033	0.0060880687808405245	0.0013106813820693813	99.97308734251513	0.0
0.0039819642690843765	0.013722168200282157	0.002720925182566542	0.0009313921420763845	99.97864355020599	0.0
0.03293908979241266	0.07049403587681788	0.007454055171977344	0.00232715998993815	99.88678565916886	0.0
0.047854157797164856	0.06530619456443704	0.006547962357068623	0.007196809323779282	99.87309487595756	0.0
0.014813335539579276	0.0324218001637279	0.007340417079195288	0.0012979289656593882	99.94412651825185	0.0
0.03177777903313723	0.04667891790230126	0.00487799178664393	0.004209453981749067	99.91245585729618	0.0
0.026983812711314045	0.10677619897625652	0.01683493416755425	0.005787337498012442	99.84361771664686	0.0
0.14221560343016953	0.0895788496620313	0.006749677760872052	0.003666687689802033	99.75778918145713	0.0
0.03004424008206525	0.04904867206008354	0.002360911487281174	0.006221156452791106	99.91232501991777	0.0
0.0382004132012263	0.05517578303442282	0.00576532595141338	0.004294636154344986	99.89656384165858	0.0
0.14542714275131474	0.07607372105263402	0.0030146363680946583	0.007837493415751736	99.7676470064122	0.0
0.03621758643734919	0.031090453726778048	0.002040212329319737	0.006435550577590527	99.92421619692895	0.0
0.026729851312688242	0.024516333365882177	0.0016825379574653952	0.0032104080262137856	99.94386086933775	0.0
0.012221154111091564	0.022823368282421288	0.001355755367445653	0.0017793962014022917	99.96182032603764	0.0
0.03826045667232348	0.03203635183643063	0.003986489181026897	0.0014781652031142587	99.9242385371071	0.0
0.035269415974152334	0.02208128165832048	0.0009211128173200944	0.0016415363929800227	99.94008665315722	0.0
0.029262348389717183	0.028944598103116424	0.0014051524003051595	0.0022584876782385513	99.93812941342863	0.0
0.03656475072183636	0.021716073827317002	0.0009831584878337114	0.0016124414632676738	99.93912357549975	0.0
0.10875291332615575	0.03970488217887152	0.0007715696636839774	0.005820896370341357	99.84494973846094	0.0
0.0686964944615213	0.06917846196791382	0.001983148016821504	0.0050146881290623006	99.85512720742467	0.0
0.06640927533021526	0.04716532021800649	0.0017348572453381075	0.010047189026929002	99.87464335817951	0.0
0.11170121446300296	0.05016481309458087	0.0011710319602409353	0.011391801187742008	99.82557113929444	0.0
0.10778439453774363	0.0609404635912203	0.0015966125461381847	0.010593342989354836	99.81908518633553	0.0
0.048536552292231576	0.12062454384122939	0.015962144892601032	0.012150213752589414	99.80272654522136	0.0
2.2956537579552103	0.6462313253469499	0.007149675878694219	0.13456690847382563	96.91639833234532	0.0
0.5431329449895227	0.14103814195751335	0.0020332466610693024	0.08118089000596956	99.23261477638592	0.0
1.5220690133228145	0.3717895436395414	0.009057280315697129	0.24426675095323178	97.85281741176871	0.0
2.62976117501546	0.8702716880591207	0.006244580459466199	0.35216025804317086	96.14156229842278	0.0
1.4024609053598271	0.2810445930665427	0.005486728526892116	0.565944863567201	97.74506290947953	0.0
0.3711443491355502	0.16454375700892387	0.003462348096192445	0.3084072324694799	99.15244231328985	0.0
0.36529129884710304	0.24861832156726082	0.017322260230241388	0.2035604822351263	99.16520763712026	0.0
0.028997317181476006	0.03088116490057672	0.002277530266626395	0.007454904497675151	99.93038908315364	0.0
0.20005674530261855	0.09669016200897354	0.006093530546908226	0.0795340805631765	99.61762548157832	0.0
0.11389785022664398	0.21831646220340659	0.002128747161660768	0.06355819800812006	99.60209874240017	0.0
0.16898174436339944	0.1814661022206967	0.0005646528053408384	0.040956763882055	99.60803073672851	0.0
0.07118394309301528	0.1235122097138284	0.0002707604284188641	0.032638700525978497	99.77239438623874	0.0
0.019697889038481516	0.05071171106953641	0.0004579207397464638	0.010090462513829366	99.9190420166384	0.0
0.049214371459970506	0.04180089462629217	0.0006205935810438004	0.05796206103546014	99.85040207929724	0.0
0.05006441162203018	0.021663727184409117	0.0002706733091004449	0.01574237459023711	99.91225881329422	0.0
0.05516759448666185	0.05119024808296414	0.006074500259142167	0.043130965239608896	99.84443669193162	0.0
0.0874335510993939	0.05330171182328264	0.0021049894496480434	0.010805065092902352	99.84635468253477	0.0
0.09616511569273245	0.04725353947458813	0.0016351944246431305	0.006207854186804232	99.84873829622123	0.0
0.3104754615350089	0.22919609480950262	0.0030592609128980547	0.006033406454039585	99.45123577628856	0.0
0.1681133359602016	0.10564306778664696	0.0009255590891595096	0.004382914449943775	99.72093512271405	0.0
0.3821751843541196	0.21958501343745834	0.002265411094911382	0.006512364623965269	99.38946202648955	0.0
0.332562373397244	0.19690605912211148	0.0013874232249232953	0.0046838178476925054	99.46446032640803	0.0
0.09809417545982337	0.12503673367271465	0.0006978133066230068	0.019004070043604215	99.75716720751723	0.0
0.0689640460839729	0.08890929097673198	0.0021442983533306675	0.003828168243071867	99.83615419634289	0.0
0.09121952204048193	0.15645499659688608	0.0029096866140140894	0.006401696082052926	99.74301409866656	0.0
0.21705253215474887	0.18525826403956147	0.0017938133200735295	0.04167093829201894	99.55422445219358	0.0
0.1775696744459133	0.08188445029112949	0.0016158265455215623	0.08034431472927174	99.65858573398818	0.0
0.0466746789206268	0.0895914813621345	0.008463105447379228	0.03987806125646303	99.8153926730134	0.0
0.06296865494063345	0.27754580325431083	0.01774860777971737	0.11929950730278997	99.52243742672255	0.0
0.29392799719409796	0.4460883695556876	0.037911422290847874	0.10394057495443482	99.11813163600493	0.0
0.20416378773954244	0.2861677402206905	0.012598489669668532	0.04015176031941699	99.45691822205069	0.0
0.06085865720484083	0.11318675707824982	0.0037370264186824833	0.01598371856795137	99.80623384073027	0.0
0.050873475643517706	0.25421982315277636	0.0036023765669337643	0.007759875414337051	99.68354444922242	0.0
0.0677137182300929	0.09692337507987293	0.002294862631666953	0.007546127989599452	99.82552191606878	0.0
0.14125757793079383	0.2365727655355884	0.008145983361208472	0.01599947884515151	99.59802419432725	0.0
0.2699715063740921	0.27231037425807764	0.006550784495257162	0.011815206379670786	99.43935212849291	0.0
0.44365177759856267	0.41791700785290575	0.007404620367992321	0.0075900791497534375	99.12343651503078	0.0
0.2527210575452169	0.4855811761665477	0.004100538476442359	0.008609761335299665	99.2489874664765	0.0
0.2112277014681043	0.2562952525244372	0.00234459848482799	0.004883723259852643	99.52524872426277	0.0
0.6317032806276092	0.5532365678175474	0.009533555777574546	0.013656253103209223	98.79187034267407	0.0
0.4107093053429077	0.33116289442754093	0.003514874764403944	0.007351781364881674	99.24726114410028	0.0
0.2984956336517993	0.2808588924494161	0.0009208155786976339	0.003208174461598374	99.41651648385847	0.0
0.23043608373342395	0.21374194715308828	0.000960715278240775	0.002385047800745393	99.5524762060345	0.0
1.4676883976362507	0.19880777955564374	0.0007555717091872184	0.002687077972341656	98.33006117312657	0.0
1.6984958984733087	0.17331153101239472	0.0012880938863832191	0.00540229649225953	98.12150218013566	0.0
3.867379819322518	0.3441112975155205	0.004044685654029542	0.0044581027235119815	95.78000609478441	0.0
0.6689049002610932	0.30347510971916525	0.0025380833736356914	0.00407955931425155	99.02100234733186	0.0
0.3809280454131063	0.21417209014533223	0.002627831577858521	0.004571304888047804	99.39770072797565	0.0
0.7946649558175786	0.2401587310649109	0.0012038219287203904	0.01975328712993861	98.94421920405885	0.0
0.17008669549911187	0.35546753345372084	0.005298378332342737	0.008733166314438188	99.46041422640039	0.0
0.44699592246745573	0.23191859951794142	0.0015084475633027105	0.019725799688778883	99.29985123076253	0.0
0.16963471777501632	0.21826030483710124	0.0005204219629529889	0.012676927759595728	99.59890762766533	0.0
1.01260098471716	0.2543048431366016	0.0005794300723189009	0.016348479991403375	98.71616626208251	0.0
0.5541843668469714	0.6030408218686251	0.0042079750521645636	0.011416487295047836	98.82715034893718	0.0
0.8440402241719174	0.5487554300368753	0.003432358425265954	0.005519072284387893	98.59825291508156	0.0
0.5386160352715108	0.7297349871211991	0.02721334868985878	0.00845340046388058	98.69598222845354	0.0
1.0769664751452048	0.8356325168076831	0.005614091432012589	0.008621243201348435	98.07316567341377	0.0
1.0988516119689828	0.63422922985431	0.003302969893922081	0.009795381028335026	98.25382080725444	0.0
0.6585406858891135	0.20610456429932417	0.002196939026373942	0.007605599478768558	99.12555221130643	0.0
2.067520423279332	0.4477360083928452	0.0030887855276756386	0.004573570967843502	97.4770812118323	0.0
0.6404484889571543	0.8538775979709047	0.010868709071352064	0.008703099694864116	98.48610210430573	0.0
0.5158910310595846	0.44765244676139304	0.01141430699528059	0.01693377240250352	99.00810844278124	0.0
0.45357762066032614	0.6072236777329402	0.004826430526193039	0.008758380777432136	98.92561389030311	0.0
0.39223866498241877	0.575744310097643	0.0018453380295143024	0.014867609445554205	99.01530407744487	0.0
1.0096455640310555	1.098313064292467	0.0038215123765638816	0.0293319513782276	97.85888790792168	0.0
1.2342445374068394	0.584928803917705	0.0037618182757890905	0.025601788796327282	98.15146305160333	0.0
1.345312238945393	1.0717397214518192	0.018311612466183756	0.023661446806673245	97.54097498032993	0.0
2.470514090441218	1.04968010058304	0.0018459630187651714	0.00842717564286301	96.46953267031412	0.0
28.658199960497583	4.572142503322496	0.007577596520308955	0.024439902482791563	66.73764003717682	0.0
46.21155783491698	1.9463233478370974	0.003110955752648982	0.08078273175904949	51.758225129734214	0.0
64.47004912712447	6.313239142160895	0.0024278785278009536	0.13293576417586087	29.081348088010976	1.0
68.96279024787722	15.1315195823462	0.004256631473447749	1.0346344695520222	14.866799068751094	1.0
44.65029921878648	40.38081022696214	0.010150318110040676	1.4705102206338023	13.488230015507547	1.0
0.5367728793937868	1.231146217351707	0.006606987000184827	0.06053382439809927	98.16494009185622	0.0
31.582390065095318	14.71337225883075	0.010544444801961076	0.5602738135803038	53.13341941769166	0.0
33.714555109187074	48.13324241955249	0.011172690195402216	0.911070892081577	17.22995888898345	2.0
24.81614706841638	51.95209901334963	0.06538396624482873	0.43896605676499234	22.727403895224167	2.0
32.615049376204155	32.434044541821585	0.05749860254450268	0.8001139202356677	34.093293559194095	0.0
11.906391328244451	53.425776005082035	0.09267876927330483	0.37927185905240995	34.1958820383478	2.0
1.2382212761258278	3.858332886472133	0.0851085759531677	0.028282687471866887	94.790054573977	0.0
34.57204376908331	43.54133472487804	0.10169487476474723	0.2804654864253571	21.504461144848555	2.0
32.714368241354684	45.22276896752858	0.16845866496029527	0.28549107092296205	21.60891305523347	2.0
32.67508854631309	43.341425779086165	0.08250403475458053	0.3736490888388022	23.527332551007355	2.0
27.922585790999584	60.1789896592449	0.09069386000782209	0.2871664946889146	11.520564195058778	2.0
32.260101060505896	42.2854796761591	0.18355051633163627	0.3033806311549423	24.967488115848433	2.0
24.70255863639609	47.88451750914918	0.29990982115836146	0.25603176338110784	26.856982269915264	2.0
35.64835224052024	46.322703566298934	0.21192716334073516	0.2285616223764679	17.58845540746364	2.0
27.420120471422475	64.65635904914086	0.1846640792998968	0.19293413294342457	7.545922267193362	2.0
10.671208010139406	84.92511671634003	0.4290137619955907	0.1433311215916847	3.8313303899333024	2.0
13.657588080783933	73.66121769108962	0.3029651458765178	1.3118057256714004	11.06642335657853	2.0
11.149064119257796	81.59411952423741	0.1196137575846663	0.5567302117341778	6.580472387185958	2.0
4.274602172829649	89.12374828565895	2.2041476032228466	0.17789760944475536	4.219604328843798	2.0
3.251900919242981	88.71535886192129	5.154789646600739	0.10193183467560535	2.7760187375593883	2.0
3.0586271428162686	89.51289620082149	3.0908917845381567	0.07691622633473004	4.26066864548934	2.0
4.492497286292072	91.93423224939532	1.2114754347057186	0.014285093555829964	2.3475099360510594	2.0
1.7783178287071502	92.47073846749386	4.351727658577863	0.006114914037376756	1.3931011311837465	2.0
1.4358057390408712	93.81265899642871	3.370391084194139	0.00580105399121943	1.3753431263450493	2.0
0.9543827100913906	79.99881522747144	17.743108727079886	0.00584718286398283	1.2978461524932876	2.0
3.233254715709847	92.44788628566721	0.9966627054808969	0.011705614710412008	3.310490678431629	2.0
1.0920479586177552	92.1251691171893	4.792705651966493	0.004387769558956897	1.985689502667508	2.0
5.304405996295407	88.73068235795212	0.6930975913081237	0.009415886730327446	5.262398167714007	2.0
1.948976223344954	91.0319070835094	5.377462629376334	0.009564951318632144	1.632089112450665	2.0
1.1523457906761978	87.0576130019671	10.64985187321711	0.005649688313641168	1.1345396458259518	2.0
0.4079817258067502	52.910950081367695	45.61800171251735	0.005532484218868692	1.057533996089341	2.0
0.8765372618962205	82.69393689032682	14.169860881030374	0.007525491365315593	2.2521394753812594	2.0
1.620912365548471	90.04741651455521	6.25654170097982	0.008846541892907558	2.0662828770235917	2.0
0.339959581168854	43.930829736061625	54.82308782827965	0.0029869466267970373	0.9031359078630751	3.0
0.5192462434415863	53.3246813564442	44.282260046296464	0.004420993210160206	1.8693913606075911	2.0
0.6116781610304097	77.03832878456251	20.763191074246215	0.004995005860776488	1.5818069743000929	2.0
0.07888900580131143	19.79297212210139	79.43631804903319	0.001759959274685157	0.690060863789427	3.0
0.10412072676855867	29.52908369574035	69.55137193106943	0.002969309940802077	0.8124543364808516	3.0
0.04155951276684233	10.025162413594549	89.66417247243578	0.0015061028171379303	0.2675994983856874	3.0
0.3285036638188849	57.41721201539607	41.38625403770191	0.007577096387408271	0.8604531866957431	2.0
0.6606333526253003	20.302667224681212	55.293493347847	0.006609436610839575	23.736596638235657	3.0
9.30496910058032	55.81875033110474	0.3035142474290618	0.024520344017563513	34.548245976868316	2.0
4.019006426401354	93.92848955434239	0.43692721302646964	0.06479788838454802	1.5507789178452365	2.0
1.0504479779555076	96.98324366163074	1.4588913460384316	0.06954062147253655	0.4378763929027767	2.0
0.24788168421258852	94.4982826384469	4.841046508973087	0.056290093763092665	0.3564990746043322	2.0
0.03168988835177075	18.952085833313113	80.89577435802875	0.00811011250055701	0.11233980780581687	3.0
0.06350829248410529	59.165701887963465	40.56567355696419	0.015345056698666234	0.18977120588955607	2.0
0.1449089379164153	77.99402357410965	20.33258019371573	0.01797095036658527	1.510516343891623	2.0
0.04100538088419556	15.594032733554663	84.17429300327558	0.005173588906330599	0.18549529337920506	3.0
0.05691986274179906	36.74359874325359	63.01155161747876	0.005911058581139594	0.18201871794470056	3.0
0.008177055217883615	5.729300212965793	94.22301022331054	0.0016309829277647754	0.03788152557803498	3.0
0.009449093273699744	1.8426571958239053	98.12905903615986	0.002198794043956199	0.016635880698580414	3.0
0.006938806480171585	3.0894358316370454	96.86921399365671	0.0013823007762386928	0.03302906744982128	3.0
0.03800454149765186	22.977786029241745	76.72709807326918	0.004093998198286616	0.2530173577931287	3.0
0.012701590663603697	6.1514515495483675	93.70070404810436	0.002448051410165875	0.13269476027350424	3.0
0.012596175436746928	2.86379347630506	97.09268321335453	0.00285889181518301	0.028068243088480938	3.0
0.011692718062078233	7.270727733291584	92.60824709469863	0.0017230905851079988	0.10760936336260771	3.0
0.010895915497136203	3.92394681563243	96.02908784392572	0.001168349149630998	0.03490107579507223	3.0
0.01717637939489117	9.968957781882906	89.91851405402966	0.0017347351040820818	0.09361704958844727	3.0
0.004243520497771056	1.2130482438536436	98.18322613868148	0.5843783793554846	0.015103717611636893	3.0
0.035778639743779886	18.06016611165701	81.8181097874312	0.0021609630283522478	0.08378449813964033	3.0
0.012345805770636901	3.5159124432814144	96.38342127078492	0.0013843950334004483	0.0869360851296322	3.0
0.019218086347100993	7.848464929252029	92.05519106410938	0.0021062009165475947	0.07501971937493551	3.0
0.020748271684447057	3.840485024250645	96.10045524148278	0.0009984944958007981	0.037312968086329716	3.0
0.1741768113635445	60.77581754469852	37.53417364420979	0.0023029661869908677	1.5135290335411709	2.0
0.6837807390525258	90.29122051520818	8.087499103605325	0.004604398187372078	0.9328952439465861	2.0
0.21655388208158172	81.503781346583	17.879593905149356	0.00576312684138834	0.39430773934469016	2.0
0.17944818903421358	88.97966189658239	10.301339628671839	0.009349183031979074	0.5302011026795886	2.0
0.11252806859863576	79.73344598406543	19.198457482216035	0.0052970469918610956	0.9502714181280361	2.0
0.18377094730600876	74.4593735600129	24.72265307931107	0.0068890907288773435	0.6273133226411411	2.0
0.2110720711237473	83.21611814173424	15.419820190972064	0.011168711920730838	1.1418208842492084	2.0
0.11484166630905807	32.173246278106305	67.23620590238049	0.008318742393706032	0.46738741081044377	3.0
1.3024063442406606	6.97942049797933	1.0058519948545042	0.00790583873268225	90.70441532419282	0.0
3.388128714656144	30.30113703057588	0.2349018002585631	0.009093658201222092	66.06673879630817	0.0
3.5603600090049197	83.08321999171592	0.1561691577401219	0.01579757603785933	13.184453265501167	2.0
9.918556601487378	84.4929956362792	0.3875004218174726	0.011098510839427062	5.189848829576514	2.0
4.756054431049568	88.79656790855262	1.2007257360101042	0.014004608334699357	5.232647316053008	2.0
1.157123068518689	85.42705470478025	9.945614821918852	0.012415924575096701	3.45779148020711	2.0
1.5631235615012091	82.43502150593767	11.813215671709054	0.01505732654080122	4.173581934311287	2.0
1.3153548443690393	86.86324836888953	7.666617384110152	0.008536871644099142	4.146242530987177	2.0
0.19578981721708566	34.86461062314053	62.406865621675266	0.005647138685194236	2.5270867992819346	3.0
0.11069837722895838	36.54831341207924	60.71947079143043	0.00595516251563577	2.615562256745739	3.0
0.1644226097275909	31.490611247036803	67.20649017423843	0.00524117993481519	1.1332347890623622	3.0
0.09639832709434085	17.197348887829435	81.35978840889396	0.0027418233761263536	1.3437225528061105	3.0
0.06760972968263272	14.421428921388818	84.447649684013	0.0027683797096387645	1.0605432852058996	3.0
0.014865727283239658	4.458583727203453	95.34847591888155	0.0013370745058070184	0.17673755212593006	3.0
0.15540735717108506	23.35100855079723	75.6321275013223	0.008241899172045921	0.8532146915373233	3.0
0.07418534678868915	11.18051478685868	88.35114155901584	0.006638884912832861	0.38751942242393833	3.0
0.07624718559505465	5.816884566364319	93.94714981944801	0.0037630558158913076	0.1559553727767235	3.0
3.539658140028453	60.391532439157594	16.950331411402892	0.10014040064959984	19.018337608761467	2.0
8.839657932952424	75.02658043646865	4.80316805033403	0.30041027154949884	11.030183308695406	2.0
12.972304100971026	40.841851540320725	0.44251680846598074	0.6085970017767981	45.13473054846548	0.0
17.50083820090113	69.17886533398728	0.4330988218597719	0.8562669153546312	12.030930727897186	2.0
13.106074675320556	69.37530739303742	0.9091437021266527	0.5686316160784508	16.040842613436915	2.0
8.380096144748038	69.62342453184796	10.439265090931423	0.4047323710938651	11.152481861378712	2.0
4.052717451702794	41.305209181702764	51.07912078349306	0.28858558930048633	3.2743669938009035	3.0
2.8498992630101765	38.035743971906015	55.30296256869644	0.1914216968493545	3.619972499538024	3.0
0.7029700925912745	19.88643335896441	76.93751852065247	0.059515529592355954	2.4135624981994717	3.0
0.16423496625921813	7.764843601183428	91.22096922429054	0.015969571342178527	0.8339826369246246	3.0
0.26908930739970727	20.026121219367447	79.17692404859196	0.06043043084144787	0.4674349937994465	3.0
1.6104602709405544	38.28986985151338	12.404967387853375	0.08146078856539965	47.61324170112728	0.0
4.54595435942871	63.73202097404776	2.0319444031400242	0.24418382926363444	29.445896434119877	2.0
12.98118879471274	53.538566460034346	0.35269766117078083	0.4942141255148946	32.633332958567244	2.0
19.53948755913928	72.52447448127776	0.8782394615204538	0.6793711989659237	6.378427299096579	2.0
9.00300882859387	76.9256777479009	7.491919870849284	0.500521501269035	6.078872051386912	2.0
1.0489203477183884	50.86200919661833	45.842888861047356	0.2008725225715595	2.045309072044375	2.0
1.1933006171050384	76.73194249229192	19.159119468700133	0.2638559119913896	2.6517815099114896	2.0
0.5272490415558436	48.426506701208005	49.68993719926422	0.20100667706003397	1.155300380911884	3.0
0.14128940588759692	19.413516125294322	79.7953949776188	0.12015804366975356	0.5296414475295383	3.0
0.20470361802894335	25.610498901900048	73.10325350552968	0.11589408101324858	0.965649893528079	3.0
2.3672511763254565	82.17730592228187	8.23886079320205	0.34027867897769276	6.876303429212936	2.0
0.8263124818205804	38.4785369542824	59.61304141221368	0.24156832387770052	0.8405408278056324	3.0
0.1895485184738521	10.517086452027769	87.56619742778881	0.09746773588914943	1.6296998658204258	3.0
3.68721349800483	15.58263687670715	0.9804275515011158	0.21940367428999832	79.5303183994969	0.0
5.060066873473621	4.310266276925828	0.07670231801382524	0.15281328346809708	90.40015124811863	0.0
55.02329976776732	12.673671474974979	0.061169397445756654	0.39461611869424523	31.84724324111769	1.0
4.854591671602341	5.974119750022997	0.23631620001200718	0.12998857736433095	88.80498380099831	0.0
52.52783123349383	38.90174330743179	0.0331177207652002	0.19227613196996532	8.345031606339198	1.0
19.8585925229621	17.943523286957426	0.018397839873722965	0.09360418622876104	62.08588216397799	0.0
48.99430524256517	48.47766324759119	0.04232228090186574	0.28661728215105214	2.199091946790716	1.0
6.056453847400619	92.69721588107492	0.13337620477857176	0.13377993801089122	0.9791741287349853	2.0
1.9287451606650523	97.0831521874058	0.22439810048305076	0.029500105572407717	0.7342044458736826	2.0
0.9405855575561108	98.67124542232885	0.1177758434340916	0.022020862407051953	0.24837231427389828	2.0
0.3110350233308752	96.56556040182039	2.887207956354848	0.010782212958486683	0.22541440553538916	2.0
0.24357070881016823	78.5851894515615	20.897233529173953	0.0028135177819440743	0.27119279267243984	2.0
0.2906870853727092	93.3752489671275	5.961804920750577	0.008828646343924863	0.3634303804052652	2.0
0.03510176348563292	44.614558422099456	55.213684499111835	0.0029584880256099313	0.13369682727746038	3.0
0.03663863386858688	24.993372082792746	74.86525169437894	0.0032996951858750897	0.10143789377386586	3.0
0.12259837448326869	92.97477772365129	6.7421493171284945	0.008795425545148923	0.15167915919182015	2.0
0.018453960990027968	7.424617498982372	92.51502304313946	0.0023113456312811864	0.03959415125685152	3.0
0.03681108752733423	28.458149674587546	71.38025443589065	0.002690047080658552	0.12209475491380349	3.0
0.016761241418763548	8.335058085007766	91.58957960339032	0.0017007295002231218	0.05690034068294619	3.0
0.04659608618320725	34.93405301116854	64.92617753235311	0.017896801629140358	0.07527656866600792	3.0
0.015657208945696867	6.364229856823954	93.56220377462537	0.0012474561463189503	0.056661703458665405	3.0
0.07022943281290224	84.44523255561703	15.19375448655515	0.04815315116652099	0.24263037384840047	2.0
0.036911138583391886	29.637656623130916	70.11577478041578	0.0028849544138343126	0.20677250345607945	3.0
0.045724708605693304	40.99125501239793	58.8512917950491	0.002811399631892219	0.10891708431538095	3.0
0.030028452665655594	24.010774566559924	75.89668974240901	0.002718453540456068	0.059788784824952264	3.0
0.1073570676696259	67.7936117672755	31.98779405469684	0.00843780675416037	0.10279930360387965	2.0
0.021409170545315142	18.231777792616736	81.68777890394995	0.001976271330959422	0.057057861557038285	3.0
0.019912737801397223	8.640017457234515	91.27593576244675	0.0019452520077402019	0.06218879050959925	3.0
0.009244505208692438	6.698314249995166	93.22724473926756	0.0032023439095096302	0.06199416161905762	3.0
0.012059641255537518	12.147189020670782	87.62921673162415	0.10355035527804428	0.10798425117147364	3.0
0.08439703897691003	63.79918655684611	35.653084381558244	0.07583282195056136	0.3874992006681749	2.0
0.1598440275262742	91.41139909172111	7.481282585642367	0.18896483257531302	0.7585094625349668	2.0
0.07993512847138913	76.4037596305328	21.840410303271845	1.3512832138434228	0.3246117238805443	2.0
0.19583265702971614	96.00969883054002	2.4061930284965163	0.8199226862016138	0.5683527977321331	2.0
0.1325051662166213	84.52092349554651	14.039840790213635	0.9307555399136174	0.3759750081096208	2.0
0.2960548447238562	95.50059003518348	2.282577074488903	1.4464133816845481	0.4743646639192234	2.0
0.6054526081484966	91.52092501631768	2.1826556819535505	4.911406780581343	0.7795599129989311	2.0
1.0984998181342696	87.1697831372981	0.40127221677252256	10.164393812076934	1.1660510157181807	2.0
3.1003904122963384	7.313860054245201	0.2916976605375092	0.6645847528056202	88.62946712011534	0.0
26.019279323064154	13.834085591281822	0.015115073851040993	3.237109087738637	56.89441092406435	0.0
19.614569696970722	68.50046392789584	0.06876413577102726	6.760529938014765	5.055672301347635	2.0
3.6231718714576484	93.96753487560069	0.16827875703279485	1.8248648808878392	0.4161496150210305	2.0
2.7708399568211766	91.96925942694723	0.02779934476880742	4.252116503247639	0.97998476821515	2.0
2.9313640797926332	81.56607496967293	0.023652221711917668	11.406192185108985	4.072716543713552	2.0
1.8287213882840028	87.5836139824237	0.008561552196817208	10.073333186603163	0.5057698904923273	2.0
5.541564933973393	82.51575868580869	0.029399147246992604	9.053521153449337	2.8597560795215706	2.0
4.293578828707518	84.24664972738836	0.22326649154466982	10.181110298743393	1.055394653616087	2.0
4.182026699316631	73.02036463521733	0.00834787535912436	20.97941012000494	1.809850670101954	2.0
7.663615986692192	63.213859022562715	0.02069186286618838	26.708411724006183	2.3934214038727313	2.0
2.6567014528141284	60.546595453682606	0.04187542105674868	35.88105656498264	0.8737711074638754	2.0
0.9511370219681105	17.16758353025868	0.02352159261160347	81.51785480699894	0.33990304816265676	4.0
7.1377508009196555	35.67868142492552	0.11605076446366855	15.762544369500663	41.304972640190485	0.0
0.6854735191117969	0.796231136535829	0.021215892324253815	0.17601567841427332	98.32106377361384	0.0
2.837745307540216	1.5516480216776076	0.0024982299047778627	0.24563185635600934	95.36247658452139	0.0
37.80374157508728	33.95860581988771	0.007140533340376691	1.811603390210143	26.418908681474495	1.0
0.5806073299968307	0.5086357084554204	0.03240647257120679	0.041609392616392134	98.83674109636016	0.0
0.6230398946305504	0.40942158839160114	0.012362053664614682	0.02985154490307721	98.92532491841017	0.0
0.5553648346837888	0.3420093294486132	0.008366364101299059	0.02777047241050771	99.06648899935578	0.0
0.4553336506048086	0.424666925804887	0.028607817788442527	0.013050804071975121	99.0783408017299	0.0
0.9396140850309305	0.4693663116017107	0.035022303305351166	0.009097808412604023	98.5468994916494	0.0
0.16773500971384525	0.22593035477707907	0.008053436443282606	0.0023500537849202104	99.59593114528086	0.0
0.055852610215840454	0.12761756458481127	0.03033515691706812	0.003228471180856245	99.78296619710143	0.0
0.5242947902360634	0.29963406002977355	0.05598307298318754	0.005031998736356545	99.11505607801463	0.0
0.5492399868966755	0.7751775436897528	0.054572931325500125	0.0056400570277678995	98.61536948106031	0.0
2.2371650877395304	0.6716212208435818	0.01319131013914355	0.02270183598027273	97.05532054529748	0.0
0.5373008566634229	0.31958886917320417	0.014578129213288089	0.004301980238756162	99.1242301647113	0.0
0.8961408076789374	0.4305896848233545	0.0037114950266242583	0.010772807298932884	98.65878520517217	0.0
0.6758320571818712	1.0809370040186599	0.009492816867274744	0.009344664175815245	98.22439345775639	0.0
0.8131286619092362	0.6519163488704617	0.028276878053854194	0.007815160810717143	98.49886295035574	0.0
0.9553077108917815	0.9057066301685464	0.1113343697941321	0.016577854732633825	98.01107343441289	0.0
1.1025135982349312	0.5511511083800611	0.006481671877126302	0.010499504897735316	98.32935411661013	0.0
0.7740655886314602	0.3751350371809663	0.0015388292057295736	0.026540430570692587	98.82272011441114	0.0
0.5950836588857004	0.23340122429691695	0.0026422071613911675	0.018024835540713848	99.15084807411527	0.0
1.5827343473198239	0.6426587060098031	0.0038965747844070006	0.009630457960917172	97.76107991392504	0.0
0.5248265448938029	0.4865004706822441	0.00615669842081458	0.02150672152427814	98.96100956447886	0.0
0.10036380762743523	0.2619303903922844	0.011547047432173572	0.012285099781824259	99.61387365476627	0.0
0.5108384328805302	0.6473481474278049	0.04378517517938848	0.012245174643577076	98.7857830698687	0.0
1.6991795487190018	1.154959168608801	0.009259280059883704	0.014489811913574787	97.12211219069874	0.0
0.7552377697006104	1.4015170667872394	0.026045034392264424	0.019440223493322722	97.79775990562656	0.0
1.322789690503743	1.2751335303954585	0.012888973452049052	0.010747623290792001	97.37844018235796	0.0
0.903260691466843	0.9011633725767326	0.010552267018867632	0.012898947160410056	98.17212472177714	0.0
2.6520670236468007	0.5058578221565163	0.0020462087775631388	0.004943059465478167	96.83508588595366	0.0
3.2841525396687095	1.4292799190760037	0.007044573660588632	0.026466620827585417	95.25305634676712	0.0
0.40042241853984223	0.5952378940011201	0.02044227901267465	0.007494832979861534	98.9764025754665	0.0
0.4713377386709757	0.4266287015743427	0.0029312089994320005	0.012900841073579843	99.08620150968167	0.0
2.084706766224681	0.30112478264133086	0.0006192397684131489	0.016530991514540985	97.59701821985102	0.0
1.6054436961004812	0.23123693328646863	0.0008161891956442967	0.013718044304238803	98.14878513711317	0.0
1.8173897507922616	0.6215017777590618	0.0016607500952660677	0.01311551867113981	97.54633220268228	0.0
5.1040029423425715	1.4597231370486998	0.005376863427531208	0.024072802836238184	93.40682425434497	0.0
1.0300729552410905	1.1793826429645307	0.00867696198998486	0.026281058524773908	97.75558638127961	0.0
1.4521333772165326	1.205869837766143	0.009085054420412075	0.009815094853833875	97.32309663574307	0.0
1.1463565724234621	0.7436141913266044	0.025106202856155484	0.01236292597392678	98.07256010741985	0.0
0.6908625484068377	0.3737926832274013	0.009236778284440816	0.015352781223659854	98.91075520885767	0.0
1.5816496465871737	0.9382335092723152	0.007096148660538774	0.009244407185124245	97.46377628829485	0.0
1.4360237434628742	1.016414301104429	0.004078802858086436	0.011592330160166078	97.53189082241444	0.0
1.3395823950176404	0.5813696250106097	0.0007466819947707154	0.007771448071394422	98.07052984990558	0.0
2.131840063327716	1.7665962605027234	0.005044320495236994	0.02272879114808981	96.07379056452623	0.0
0.6157055579570133	0.41366187924829595	0.009832736658217937	0.018638846939292592	98.94216097919717	0.0
1.3967263593875063	0.8749813202762144	0.00639993359278365	0.013914956801139218	97.70797742994236	0.0
0.24339335798581907	0.24579775237224757	0.006431655175995837	0.01828707781601837	99.48609015664991	0.0
0.6423639249543339	0.5006824504127221	0.0005944416329062504	0.012345431801555928	98.84401375119849	0.0
1.9046680683706825	0.891259587731719	0.0011807744413952262	0.06271623016417849	97.14017533929203	0.0
2.59950684328033	0.6719450407719055	0.0008678017852567145	0.0672902386883022	96.66039007547418	0.0
2.0415205317889353	1.3584617176331426	0.0006500510798124877	0.06080160208854176	96.53856609740957	0.0
1.1234010201365359	2.1736217055563403	0.09260405279724171	0.19702822599555578	96.41334499551434	0.0
1.3701074641740707	0.5126881069005158	0.0472039290589482	0.04564697980759238	98.02435352005888	0.0
1.1177192804745215	0.5946170004741546	0.010039188209161595	0.03622762990301181	98.24139690093915	0.0
1.4186740556783535	0.6048063212811962	0.0012524770561381658	0.012343392315797301	97.96292375366852	0.0
1.0852203458160221	2.027057151692292	0.025488096373185627	0.06049455800572768	96.80173984811276	0.0
0.6586080795396814	0.31142967507212793	0.0016087690281334649	0.009561439843994823	99.01879203651606	0.0
