N1	N2	N3	R	W	anotaciones
0.4592917048199005	0.0798393619067583	0.0003685328733168765	1.5959212630067465e-82	99.46050040040002	0.0
0.15488506635160962	0.1369308759342429	0.0011416032519288469	5.023343424399778e-83	99.70704245446223	0.0
0.4105823586539845	0.21199951551608598	0.001196069992665287	1.0134012575100777e-82	99.37622205583726	0.0
0.08077958892635566	0.1844523132201377	0.001262263300426531	4.197264022922014e-83	99.73350583455307	0.0
0.10899107863231469	0.11814058149969174	0.0011214033947005277	5.240644581681458e-83	99.77174693647329	0.0
0.036891929555707845	0.006709148294342214	5.429367580771079e-05	1.119076167055836e-83	99.95634462847414	0.0
0.0033873576673882962	0.07418597598018332	0.00028897653551229524	4.777974097445165e-83	99.9221376898169	0.0
0.058058602764339454	0.027140999243609045	0.00022832471973436688	2.7097517373606363e-83	99.91457207327232	0.0
0.007931853723672437	0.04990091588189687	0.0001966944367691978	0.015594385914487552	99.92637615004317	0.0
0.006275898860447162	0.04318233008502316	0.00043730507330752983	0.05945433222297551	99.89065013375824	0.0
0.0038821181913695404	0.005386672757294688	5.684651194711575e-05	0.011830375568677727	99.97884398697072	0.0
0.019457999170297786	0.04508276545339801	9.163228533977125e-05	0.029541632178843744	99.9058259709121	0.0
0.15905844137369646	0.010408631963865923	5.1146963536171546e-05	1.5460424141317657e-83	99.83048177969889	0.0
0.683160687318029	0.12310766418198575	0.0006627394220036512	3.248763049394578e-83	99.19306890907798	0.0
0.3893757508451081	0.07183441972890045	0.0009100083705725819	0.060379838805283186	99.47749998225014	0.0
0.36031590158034116	0.09626213954364388	0.00034838637197481326	0.03524743777340951	99.50782613473064	0.0
0.1842609360568895	0.14096276198132915	0.00043513365130669747	0.039863703913801306	99.63447746439667	0.0
0.19638673949946475	0.04850266492168291	0.0001385456314817929	0.00943479174787788	99.74553725819949	0.0
0.3030747571746804	0.049215906511733964	0.0003419278843223135	0.027122796386369656	99.6202446120429	0.0
0.2809651192119409	0.029607221497304066	0.00012239798009250775	0.04065005913035567	99.64865520218031	0.0
0.27131980858080595	0.022778636479363724	5.925208648114224e-05	0.01012990352751626	99.69571239932584	0.0
0.28626255327914796	0.07356671564236883	7.103303902527399e-05	0.02683402456817515	99.61326567347128	0.0
0.22042301296863456	0.01930898864844518	6.940154940799933e-05	0.007069964292163397	99.75312863254135	0.0
0.7145909454435222	0.20900298165793793	0.00036963875438586664	0.08144660187301815	98.99458983227115	0.0
0.5541042202493721	0.1933744144977575	0.00011887232423808373	0.03479567995585679	99.21760681297278	0.0
0.5752561367514917	0.4193258721774722	0.001164671273756828	0.1472256227464698	98.8570276970508	0.0
0.44519329580660616	0.2005909970309029	0.0029378410219294843	0.11887857913376343	99.23239928700681	0.0
0.28063755920018263	0.16533076520326734	0.002885727781922204	4.679312386008011e-83	99.55114594781462	0.0
0.1509532081906762	0.22096494900629135	0.002791053572819227	8.6532983567565e-83	99.62529078923022	0.0
0.14261312959082278	0.21438719435838893	0.003914089966065621	5.249608501150266e-83	99.63908558608472	0.0
0.1553054445015659	0.250057150045702	0.003040472247063542	5.881541648113527e-83	99.59159693320568	0.0
0.1192934458764987	0.09813689024246247	0.000266829893860506	2.746672485330813e-83	99.78230283398717	0.0
0.16591025618143887	0.05180376820875232	0.002470671715139636	5.919650216445143e-83	99.77981530389467	0.0
0.44565674084192747	0.11555761810942596	0.003847148929623098	8.603837050290799e-83	99.43493849211903	0.0
0.2942455274204005	0.2707846292902077	0.0009036077025547127	3.705424322899487e-83	99.43406623558685	0.0
0.45559255077705274	0.24045552723550895	0.009826981004710317	0.05888385176123013	99.23524108922149	0.0
0.6911618898274754	0.232343083860352	0.0007804070049365685	0.03655438634265901	99.03916023296456	0.0
0.15791279587329593	0.03364683748480617	0.0006271077592341786	0.06331048324291545	99.74450277563975	0.0
1.4312785575505669	0.37055603060527165	0.006562910772584258	0.18694070107229419	98.00466179999928	0.0
0.5639006044931751	0.3829588270424529	0.0037101635172025376	0.0453025882521898	99.00412781669498	0.0
0.06475789380539035	0.10498107509431011	0.005522818028587313	0.00548257242800642	99.81925564064372	0.0
0.002640855271007275	0.016511081853887954	0.0011119718754145815	0.017794403310060002	99.96194168768963	0.0
0.004395725471379718	0.009724040225557997	0.004413207464344426	0.0006805785144020568	99.98078644832432	0.0
0.002148709079940305	0.011256954931162768	0.0011008226619180403	0.0014735361704914694	99.98401997715648	0.0
0.0018700638193837854	0.008250629322378735	0.004430237670514107	0.002603566866654309	99.98284550232107	0.0
0.0016450368584418995	0.010984444480025973	0.003074865970582008	0.004866271921323469	99.97942938076963	0.0
0.033041776357641134	0.01612510172834563	0.00371690802573825	0.0032228079564634183	99.9438934059318	0.0
0.003523819338146904	0.01735970483426865	0.002296741968913987	0.005350720079404075	99.97146901377927	0.0
0.0021333803465424135	0.023290777532668352	0.00697257871135417	0.00833046373531043	99.95927279967414	0.0
0.0008166311728754571	0.001456300158393913	7.018014627559444e-05	0.001367722882815815	99.99628916563962	0.0
0.0010780790745428769	0.0026362629829356503	0.002447775651605759	0.00104299779067149	99.99279488450026	0.0
0.00093792800425588	0.00689050757439561	0.0039948054950065676	0.0012360745792172679	99.98694068434713	0.0
0.0019412126377963547	0.024985619968218464	0.0019093297502526258	0.018414970156422603	99.95274886748732	0.0
0.006674959455677174	0.055340195475773124	0.004285253936117631	0.09624098332577477	99.83745860780667	0.0
0.05390783900956916	0.13643540370279722	0.06693223840144241	0.004354599694257893	99.73836991919194	0.0
0.0894609128401852	0.46944632209228204	0.10930066880121524	0.0012980517174824239	99.33049404454884	0.0
0.05534334402550854	0.3783420415761726	0.05211603773241932	0.0017203455690508176	99.51247823109685	0.0
0.011723331821092116	0.16875263021184372	0.046057964021985226	0.00038532298489310236	99.77308075096018	0.0
0.12052575842016432	0.27473743613375134	0.038386577276633464	0.001161069437902314	99.56518915873154	0.0
0.17478131781406667	1.3751132428542128	0.42693941148086845	0.010478494883584145	98.01268753296728	0.0
0.32195304414095444	0.7070869488964666	0.14093950727434856	0.008816077299585164	98.82120442238865	0.0
2.33531928720453	2.711423699986242	0.046505045771448435	0.20925691793882303	94.69749504909896	0.0
6.032784063830827	10.50590585885244	0.08891708607605016	2.119033633585405	81.25335935765528	0.0
1.510727344760177	1.1568382529162822	0.034110767022143745	0.39931581510224623	96.89900782019916	0.0
4.923712208952635	5.319212760991159	0.06472330676384548	4.599999271515955	85.0923524517764	0.0
6.065895122884	7.875693786973807	0.06577438591164343	11.127066339230735	74.86557036499983	0.0
2.62700995641496	1.5986492856571177	0.012061146616808228	0.8231448536294022	94.93913475768171	0.0
3.715669747572287	8.41872855060176	0.048793476851781536	0.8600551440569086	86.95675308091725	0.0
1.2959555150225994	0.7880052552568682	0.014246909417234464	0.7524853772277598	97.14930694307556	0.0
3.3710850455433845	2.5906010901810843	0.06505816339764346	3.7003576646864293	90.27289803619146	0.0
3.961106077094544	1.0391042667145327	0.01883152565755206	3.1601556697533577	91.82080246078002	0.0
3.792236924212272	1.385289350446945	0.02456672410886765	2.006104273047644	92.79180272818427	0.0
6.150489294777155	5.190487602062014	0.034651837816801805	5.405829785165534	83.2185414801785	0.0
0.6126529679511726	0.3466945475349541	0.020583031021121963	0.15823120067660723	98.86183825281614	0.0
3.983363406647774	1.4995489341875048	0.03020917962490278	0.9042732242041898	93.58260525533564	0.0
11.364259309865066	0.835120925340279	0.0249736575288493	1.745002311961202	86.0306437953046	0.0
2.001768194913834	0.4995402624199151	0.009735405409281807	1.9402511689301027	95.54870496832686	0.0
1.2240653559543104	0.4081886137363937	0.0006165608752733562	3.6816708464655115	94.68545862296853	0.0
1.5422251806647755	0.14969722707037164	0.0005559747861104339	1.5463484132111798	96.76117320426756	0.0
0.9391981667613106	0.6606445143527095	0.0014211717259453801	2.116841263796116	96.28189488336393	0.0
0.15233021020106305	0.04730975438384976	0.0010232114313595544	0.04245324877041717	99.75688357521332	0.0
0.4299680053357677	0.6098341441353711	0.0018868940316616228	0.10783081024002457	98.85048014625717	0.0
0.25959656429767336	0.17211094962522477	0.008635325612014343	0.06767565284276524	99.49198150762231	0.0
0.5648419216919762	0.16885457691187272	0.004029453996897127	0.09301187714702387	99.16926217025224	0.0
0.9007025992211464	1.3718679383266021	0.010645324694990157	0.5408919075077403	97.17589223024953	0.0
0.18191932211168346	0.14708527932662357	0.0014240769136638126	0.16144975700947456	99.50812156463856	0.0
0.8670403836370035	1.8434544456194242	0.0027662903779862597	1.208085171689353	96.07865370867621	0.0
0.4758054965296135	0.44842610164421715	0.003983299440799578	0.3653296268569479	98.70645547552843	0.0
0.1043623438039607	0.06398050852449286	0.0016595223782990846	0.012429091500573891	99.8175685337927	0.0
0.4289552595683406	0.4928254101263123	0.00969662321042767	0.6685599358452712	98.39996277124966	0.0
0.18089994661711217	0.2034550578953141	0.0017099810254682423	0.09054767697982427	99.52338733748228	0.0
0.24326198778671404	0.4688113411259206	0.003929416321760298	0.19219835365195626	99.09179890111365	0.0
1.218538091535233	1.7816947450768494	0.013464577453897264	0.9936210152642144	95.99268157066982	0.0
3.1213300386735696	0.6271598390979708	0.0043134357810702935	2.1440487091819613	94.10314797726544	0.0
6.835829908283905	1.4420585316908532	0.0088961731969769	0.584550303802325	91.12866508302594	0.0
14.460387526815996	1.3628622415439104	0.0034464210548704123	0.5672023438849765	83.60610146670025	0.0
15.890570985133879	16.11690427389585	0.08265192661099573	1.3636806781172728	66.546192136242	0.0
14.265455302283407	6.042433856037658	0.010664400527039876	0.4841848016193976	79.1972616395325	0.0
5.591533592587584	19.85205212454159	0.045272050503959084	1.37876507943582	73.13237715293106	0.0
7.875617480719975	8.766060293504994	0.03633241352512532	0.48247509592364973	82.83951471632626	0.0
8.396755467978178	14.437476489246375	0.03512701545836472	0.5277140641359676	76.60292696318112	0.0
21.459254380744234	18.912784371184213	0.0681992049092483	0.8520029315408505	58.70775911162146	0.0
10.437498017106432	22.249527458041374	0.07116084795272408	0.43211608242368266	66.80969759447578	0.0
21.73907747476332	34.10089252278571	0.08453392809299802	1.259541401754812	42.815954672603155	0.0
13.537150668046516	6.4617247869332095	0.0723369121769334	1.4288886654131296	78.49989896743021	0.0
21.06037123978704	21.301092168603848	0.22897349334153388	1.8693372581240857	55.5402258401435	0.0
6.724749329846266	7.413781388932097	0.08627903604449874	0.9277443929002248	84.84744585227692	0.0
12.70305926061624	3.346784496373545	0.04088291697728436	5.501224449254816	78.40804887677811	0.0
14.393304954171345	2.5997677344928993	0.005379781895959659	7.770884658576545	75.23066287086326	0.0
8.457555820777415	1.8656752146443571	0.05864116108409018	1.0172662847804566	88.60086151871369	0.0
3.221527812468171	0.8074764322055519	0.026222032188991433	2.1471008554734765	93.79767286766379	0.0
2.4874973045353963	0.6504120666908917	0.03908147206757454	0.3190097507857946	96.50399940592035	0.0
3.3863809415733996	0.3983860810918799	0.008610257466397545	0.9595516378319611	95.24707108203636	0.0
4.625760366750339	1.3396495104203499	0.10328934202958598	0.5233797304700593	93.40792105032966	0.0
0.929253267638635	0.36837116635421197	0.017552151102233564	0.05298830232011646	98.63183511258481	0.0
0.1569682576263658	0.21076197760818005	0.09978347530828037	0.028077258813334432	99.50440903064384	0.0
0.12289466087402605	0.2535452343667221	0.8139252351316214	0.04316896331717507	98.76646590631046	0.0
0.1578802940080644	0.23213337151834582	0.015521854062069846	0.13923858518715737	99.45522589522436	0.0
1.281081269371678	1.2323614080507357	0.03749683274687601	0.5244238564806477	96.92463663335006	0.0
0.1564946281156843	0.11600641922744444	0.011754693039542203	0.03368601020158756	99.68205824941575	0.0
1.5840269110110934	0.8970667193670154	0.07423490841720241	1.3462635863348071	96.09840787486988	0.0
0.6358094495427309	0.19194272958348396	0.0066297613471531175	0.31634986236196105	98.84926819716468	0.0
1.2739096063284139	0.39523767668598503	0.01169145563421718	0.25701032090232456	98.06215094044906	0.0
0.18352274868497262	0.5185008987134381	0.02390205650897733	0.1516938753911545	99.12238042070145	0.0
0.8177940226332472	0.41418831643248133	0.024542102574380546	0.5016866861574705	98.24178887220242	0.0
2.518740387007345	0.3724586028155144	0.0201228048056222	1.9430877915571532	95.14559041381436	0.0
5.987495710540407	0.5898598775960163	0.004002463668958941	1.960388018204581	91.45825392999004	0.0
2.664838151362274	0.6806458477379094	0.058396718818754564	2.982788843531699	93.61333043854935	0.0
1.367004197572874	1.3334244952094145	0.06585053103310702	0.2798622528396872	96.95385852334493	0.0
0.9738875836371884	0.5315199246855422	0.5046588540893232	0.22024545276000704	97.76968818482794	0.0
1.1064699664029212	0.15570023492194732	0.37813030100261097	0.1800515924628303	98.17964790520968	0.0
2.5761715348823615	0.10579086021664957	0.0013356643072640535	0.12428328803264765	97.19241865256107	0.0
1.3010627974075146	0.3682881813706108	0.008874465477821659	0.8004677971215044	97.52130675862254	0.0
0.8370591901291514	0.13620345988826643	0.002012777492005356	0.5497932540606573	98.47493131842991	0.0
0.9918574678044763	0.10590834471483998	0.002343813715038864	0.8947952138752762	98.00509515989036	0.0
5.976151908427487	1.4372659952083862	0.058997848357730115	9.868206181937792	82.65937806606861	0.0
7.764712637709067	0.5077037687891749	0.004610298960736325	1.243374931796769	90.47959836274427	0.0
0.7085067289553518	0.9921405090341996	0.1790049859313082	1.3020322004157734	96.81831557566338	0.0
10.297536175656612	0.4300654841092616	0.032253929693243234	13.64528164545407	75.59486276508682	0.0
12.398501844896256	0.757582231119031	0.07658381803824348	7.778690500556215	78.98864160539026	0.0
36.721590083621145	3.5213632409815396	0.5769936753815844	16.554864535155822	42.62518846485992	0.0
50.282335783075574	12.146888614548564	0.07603811080987742	13.028436971892024	24.466300519673958	1.0
10.698948663796468	83.87443686396921	0.5928007094011648	2.5086736627759465	2.3251401000571867	2.0
33.275868917787896	59.221774719392926	0.055661918794046986	4.228882322663951	3.2178121213611752	2.0
17.92272794379482	76.98562038325439	0.9514468425153096	1.7273932591479417	2.412811571287557	2.0
4.379257337560444	93.503325156909	0.5161396617584049	1.0695384015619527	0.5317394422101756	2.0
25.667252054308058	71.17829899507842	0.38968021752401477	0.8464508485049063	1.9183178845845965	2.0
13.002857286405625	83.22136008226558	0.5902663654070426	1.7249978000536927	1.4605184658680441	2.0
4.9102794499893765	89.57511289256088	0.2124804165765166	3.32118456901518	1.9809426718580245	2.0
9.74127597457623	84.20265224238575	0.7315542946422126	3.509940293014734	1.8145771953810528	2.0
4.71630553366045	90.565240520315	0.41898040624412647	2.9093654258403747	1.3901081139400389	2.0
4.086416511959617	88.91752585362156	0.5539687539564042	3.642416068376253	2.7996728120861647	2.0
6.154771627955161	87.55751176375415	1.503889518976001	3.6442996752008447	1.1395274141138474	2.0
4.004348189604294	90.85723040933867	0.16583315026175255	2.195237852081645	2.777350398713662	2.0
4.961989718581371	85.96565261798055	1.07050784846846	5.16925480873619	2.8325950062334178	2.0
3.5722872452669816	88.69064597494513	0.7343946716233984	4.987092822839361	2.0155792853251326	2.0
9.612083088767333	77.89963609085301	0.3498776443764617	3.37363524732991	8.764767928673296	2.0
4.103717180914663	92.30979859103853	0.6023937222109442	1.5666338859173439	1.4174566199185414	2.0
10.780497887677573	46.272490107449855	2.3074461231673724	9.666872843024889	30.972693038680323	2.0
20.019613486202818	58.51405498596017	0.6098316972227182	17.56552996743478	3.290969863179502	2.0
36.59100927751617	32.32934691814949	0.155847161768043	18.524564237051575	12.39923240551473	1.0
30.02483019731979	30.337985628083647	0.6228523735494605	21.600238487760752	17.41409331328635	2.0
12.415447343578444	73.67059072256433	0.29922533962275605	6.426862340150306	7.187874254084167	2.0
24.232759331519897	66.84783169087399	0.532643043482248	2.5361039583191864	5.850661975804679	2.0
3.8674597560525594	23.10780847899087	0.9764624083173905	5.235762652804012	66.81250670383517	0.0
1.3273749960462946	1.666128483152974	0.12772272945398996	1.4745826092085492	95.40419118213819	0.0
0.5827037043897637	0.7311038136626636	0.15970765125526573	0.2142458474930958	98.3122389831992	0.0
0.6209365306298293	0.042102337185026234	0.004521339775549322	0.0703360586634847	99.26210373374612	0.0
1.3685149138855601	0.4090886326009952	0.03533794844498915	0.1311046909239476	98.0559538141445	0.0
3.7280039842816035	0.2525415850614805	0.04452305700021516	0.7156416768761451	95.25928969678056	0.0
1.5472661694091174	0.2515612315128449	0.0011843648411367137	0.2480731600548078	97.9519150741821	0.0
2.000312681051697	0.28530332435028327	0.007255578213412386	1.3014274562853176	96.4057009600993	0.0
2.789929388709808	0.6563251538308225	0.001696276463466043	1.6881360341126461	94.86391314688326	0.0
6.652934411345339	1.3504916854932003	0.014450404524610964	1.7668124273790837	90.21531107125777	0.0
2.706756062182067	1.093654061661344	0.008496800574012182	0.5993053555157116	95.59178772006686	0.0
25.568272442801426	3.396998213947859	0.0116803138456147	0.9388434060803799	70.08420562332472	0.0
40.96826797882981	17.68124312287782	0.062313293720435266	1.4287107109961699	39.85946489357576	1.0
40.684490187462586	11.327240402841186	0.015696493370200248	1.9558720664781462	46.01670084984787	0.0
33.14887062576612	16.03121694943804	0.06824495306811638	0.9643961868073085	49.78727128492042	0.0
31.750366378553817	9.138766068756103	0.04578935809203834	1.5235724154520602	57.541505779145986	0.0
70.70293148276772	18.214658432965077	0.00983938299123412	0.8836649590967746	10.18890574217918	1.0
43.522413898212164	42.7149446795935	0.07069698448980533	0.3996353892907796	13.29230904841375	1.0
29.29410264505253	68.44222219330221	0.08392683927570346	0.4876448907966784	1.692103431572879	2.0
14.830102482857239	81.42743497782129	0.5892443008305962	0.5622181056238496	2.59100013286703	2.0
24.556880807132345	45.192092174704754	0.5956623839181986	0.9515782342536133	28.7037863999911	2.0
56.68313652143044	23.423835106759462	0.058799990639812914	1.0696016507122563	18.76462673045802	1.0
34.5783126951471	55.970827397423065	0.17636898716243443	0.8577438165447461	8.416747103722651	2.0
11.828592741080039	84.71223430395185	0.35751474596156435	0.38725950566478196	2.7143987033417925	2.0
28.91733221185586	61.53172649887362	0.07844259677305251	0.49305869903814764	8.979439993459334	2.0
13.150640038825188	79.73793173951744	0.8783445703599025	0.6843797506147065	5.548703900682784	2.0
14.961161389826099	74.81634774195327	5.503442492170277	0.41462211345927463	4.30442626259108	2.0
14.507954369779213	82.54292185903904	0.40360049325127173	0.5262004820072612	2.019322795923219	2.0
28.6376958802984	67.56473354942426	0.26464828687549546	1.0394451726293468	2.4934771107724925	2.0
15.991721996132243	79.5535853544848	1.0557809168846082	0.9748611353774694	2.4240505971208903	2.0
31.092281767775344	66.36786974854361	0.06307662121682887	0.8410256797871015	1.6357461826771174	2.0
18.137819022818462	77.3913287875857	1.0754731508261748	0.7931932370838786	2.6021858016857706	2.0
14.965837871308157	81.8746234624891	0.9182481106241145	1.287297409337432	0.9539931462411669	2.0
33.47135044850714	60.0676384916188	0.12388964365484553	3.3174557879979654	3.0196656282212597	2.0
8.583364795447466	85.75037308263713	1.5479118921914936	2.6763006182724833	1.4420496114514225	2.0
30.095780526929566	61.9683977721756	0.226077240325813	5.910086518526386	1.7996579420426368	2.0
11.841669663661083	81.40082235528304	2.8874315067867324	1.4595279100049516	2.4105485642641784	2.0
13.633714070602231	56.673623087667565	0.14915893285941653	2.7431840003916146	26.80031990847917	2.0
22.02632397179561	72.66863589088621	0.189852551292741	2.3937646256165968	2.721422960408849	2.0
10.766585137268269	78.54343199075994	0.9615675514089193	3.091951363151982	6.6364639574108955	2.0
26.106991847290278	37.68514455656146	0.024407994815977704	6.220923688172748	29.962531913159534	2.0
0.4363844197143881	1.8406119964944307	0.23784765553741602	0.28388124527265945	97.20127468298111	0.0
0.18347252677645418	0.5893843591059188	0.12234515348232473	0.08692073964504583	99.01787722099024	0.0
5.8866266117574515	0.5793172465499383	0.013369810360892338	2.3491340860001477	91.17155224533157	0.0
27.915600204126246	2.6270813933628565	0.026065583445139547	5.813360683598336	63.61789213546742	0.0
21.156657292159558	3.299306826922572	0.030787196963798186	4.248111552443923	71.26513713151014	0.0
47.422021127348415	18.115245758167685	0.014662269527008576	5.840317023012355	28.60775382194452	1.0
49.47095564395917	16.534382772640797	0.026583574890019286	17.506905789735526	16.461172218774482	1.0
24.853343874744642	40.96574778566857	0.2593723425972209	23.0755950680172	10.84594092897236	2.0
19.06770903927643	64.77550298746434	0.05939920006027312	13.617883193132368	2.479505580066604	2.0
9.499922411828772	34.65801919296118	0.11867749121247033	53.325485614042734	2.3978952899548474	4.0
20.085305751622858	59.30244454978718	0.34992503968373323	16.317406693165246	3.944917965740994	2.0
31.141522570512503	49.924791912054594	0.47950020704951934	14.572522023354384	3.8816632870290095	2.0
31.16925279626287	47.275090276457526	0.053577196554370994	16.86759622631369	4.634483504411554	2.0
16.62522502414001	71.00501166855764	0.38224227493658025	9.254111182592625	2.733409849773144	2.0
26.43886356372043	38.964257394529405	0.15664575377231085	32.48955829154511	1.9506749964327563	2.0
12.103882612127965	63.84968202489987	0.39674691354377395	20.387086104232985	3.2626023451953965	2.0
6.590601958107141	50.401387803766475	1.663823999098004	38.39091179151363	2.953274447514755	2.0
6.885268713766593	68.64003499748983	0.8312132610033055	19.027005897324596	4.616477130415682	2.0
3.632229215644131	72.83313818510047	0.436883150187869	20.41573533415162	2.682014114915919	2.0
4.769768454897657	63.2782624590559	1.5210765240176818	28.559261374741553	1.8716311872872111	2.0
2.002713316758107	67.8434421762811	1.5231047717246728	18.611668449154784	10.019071286081324	2.0
1.2997990787034526	79.16189078465862	3.8123664033731575	14.839080286805512	0.8868634464592651	2.0
2.1849875646047257	69.38285912012022	4.5602230602246365	21.39275966396522	2.479170591085208	2.0
4.045492248908718	33.71891042963687	36.200934567672135	22.721832597114076	3.3128301566681966	3.0
2.50051237732968	73.8694307231627	1.099181445817984	20.341651411513997	2.1892240421756606	2.0
1.5744770188415833	39.68306665414567	41.988375995259474	15.918535525751384	0.8355448060018863	3.0
4.196442991078138	80.57004706694758	2.3529159917920426	10.785302208415748	2.095291741766493	2.0
4.056134261233659	29.590375810110363	28.771752854069753	30.69754596186829	6.884191112717943	4.0
4.886690395806406	48.23387256767481	8.627680322463197	36.73901607703773	1.5127406370178562	2.0
3.977584924895293	42.65193025756926	5.3844967374106085	46.53532130173589	1.4506667783889309	4.0
3.2898038736080597	43.34995797114274	1.2752745407283588	49.825800656892895	2.2591629576279306	4.0
6.786721701198544	34.8418735887748	3.0895013842816437	53.90891966954518	1.3729836561998356	4.0
3.474499941547028	24.63802575226286	13.96256091548979	56.48222609154947	1.4426872991508557	4.0
4.992063647773611	59.64610926799011	9.390058559460455	22.843021376971677	3.12874714780414	2.0
15.68935219779339	31.44648803496407	0.285239023054284	51.19126497144867	1.3876557727395842	4.0
4.780757701855724	14.111816209643244	0.31182205632792226	79.88224641443914	0.9133576177339678	4.0
5.65403775079162	7.853994805748658	0.2709613770882031	84.48114681436607	1.7398592520054503	4.0
2.9930939842748425	7.0621446418917335	0.5606329860664045	88.95223831105076	0.431890076716246	4.0
7.223605774793993	7.316059002864993	0.09833681576459906	84.45618963020594	0.9058087763704761	4.0
0.9927957246082869	1.0102433537443485	0.028826803636644083	97.76316433840336	0.20496977960735233	4.0
1.4560154087328687	1.1839494344852497	0.058036041406969795	96.99473038562168	0.3072687297532145	4.0
0.852277575656066	1.5796855833648735	4.558077270790148	90.94970805875208	2.060251511436827	4.0
1.6288104598840156	1.633367670894769	0.007160420234145007	96.36397932984454	0.3666821191425328	4.0
1.6501180777183162	2.1390269563750253	0.05014138245834495	95.49009662927277	0.6706169541755388	4.0
1.270180098000901	1.395153810783278	0.0067449581096486735	97.13770160879746	0.19021952430873013	4.0
0.8846974681675317	0.8991623627464529	0.005354386717879793	98.05587788392648	0.15490789844164352	4.0
1.6882800434387057	1.217457875956694	0.009950927800434658	96.59552043384294	0.4887907189612272	4.0
1.7088385368380754	0.6466282203641722	0.0009563812435445914	96.89902671122877	0.7445501503254364	4.0
2.428637112103951	1.3535284699008365	0.010275996035772714	95.88111732780531	0.3264410941541076	4.0
3.1596227786264817	2.5808832582407044	0.000317325333987983	94.0235700446309	0.2356065931679177	4.0
1.5353802454733965	1.5576484582372487	0.0036635757256167113	96.79790543851244	0.10540228205131309	4.0
1.3314745288605874	5.303479360134861	0.041206886701334385	93.05823948640658	0.26559973789663405	4.0
1.6861558357405486	3.127309893245827	0.0029013462645895356	94.65782356368815	0.5258093610608827	4.0
2.5342661957468633	4.469676804040993	0.004922762545870292	91.79094645112434	1.2001877865419313	4.0
18.719632843601673	3.6510168629305126	0.0023095955980994873	36.80248770842065	40.82455298944907	0.0
33.427637411464985	15.484489794181783	0.03773545441365829	41.90060430116176	9.149533038777815	4.0
10.625165902135844	61.48998463787818	0.0954213910420599	18.555717197180414	9.23371087176351	2.0
11.826245225532189	45.603076743495386	0.18533673857046604	36.95123459566246	5.43410669673949	2.0
9.232710696004034	3.0291863417119513	0.005894127528847336	36.89533293401803	50.836875900737134	0.0
0.5072871410273427	4.19381772349119	1.3735478233697977	1.723593485037899	92.20175382707377	0.0
1.5374949018622335	0.4272151024952118	0.008466955562336398	0.6946560703690896	97.33216696971112	0.0
10.193030772879785	2.1195128663161387	0.03130483340665882	4.990658944438746	82.66549258295866	0.0
4.016373981894531	0.5290819397639153	0.7045167075478853	0.7179933486408488	94.03203402215281	0.0
23.221726527593127	8.764982978392533	2.778574071073488	26.25254304862826	38.98217337431259	0.0
19.308860528253902	27.029188374237396	0.43209232539928244	29.847262817094595	23.382595955014832	4.0
32.50013854255137	13.340288017657887	0.01082931992115461	32.328659435737784	21.820084684131807	1.0
28.410225244226716	6.461473851634933	0.06786613325461868	32.00281363266241	33.05762113822133	0.0
18.66784573464811	2.1166295555194075	0.006150387599615895	17.544173558812968	61.665200763419904	0.0
31.028781786523236	30.183880356393555	0.21067483309500987	31.781396844010967	6.795266179977247	4.0
53.93320238048824	16.692688636559712	8.547932332116137	12.561269912305656	8.264906738530248	1.0
63.581425454043796	14.145383445733906	0.007930083991424551	20.514287052005177	1.7509739642257147	1.0
26.616219374996515	42.520733425161346	0.5362113946488242	28.377501847389	1.9493339578043278	2.0
38.86359139111616	27.96224749159765	0.009843695775834332	25.67311602619555	7.491201395314791	1.0
17.50298919346989	67.85967352805964	0.5096695985105982	12.441469856497003	1.6861978234628563	2.0
22.11380629937037	52.06193078014789	0.09150241623132697	21.03533220360492	4.697428300645484	2.0
10.285416672440402	77.858062561815	0.04897059955850289	11.45967353481908	0.3478766313670093	2.0
22.00507979863909	68.09800242488755	0.23840681417296827	7.3265142865399495	2.331996675760427	2.0
30.656733761997764	47.128945648577464	0.04553158013468626	20.843235946702933	1.3255530625871705	2.0
19.859336554175016	66.44825250557659	0.26914678252350294	11.312468576501386	2.1107955812235186	2.0
13.85762319064968	76.17779883198796	0.3604924391627204	8.981068644747172	0.6230168934524621	2.0
22.951871625966234	59.32474845145512	0.09346365860946182	13.771357008139567	3.8585592558296002	2.0
30.038669856555618	44.86383100750679	12.999240805462273	9.712273834277097	2.3859844961982257	2.0
27.528457044857575	52.33614086954791	0.03171260568344145	18.92912098175714	1.1745684981539333	2.0
14.530168064379184	77.38540988176963	0.8041741562596153	6.637318122904201	0.6429297746873763	2.0
16.976839445777316	68.14059594041659	0.059742960006984244	14.287058168903574	0.5357634848955273	2.0
14.602764566247336	69.83539594935189	0.3213450846910823	14.504431722477054	0.7360626772326319	2.0
5.6945215873338535	81.83116136639217	0.6403676137000844	11.438516186933413	0.3954332456404943	2.0
30.46582133052163	35.743066886480285	0.028561537628547427	23.373368782972594	10.389181462396941	2.0
31.09868801775327	55.8845674031049	0.2752704433674801	11.26540158624108	1.4760725495332563	2.0
27.350985586141835	60.27525405141711	0.035883656282986696	9.496342211510097	2.8415344946479806	2.0
46.6965572741339	44.786996761452684	0.19673631773670583	6.73733389532101	1.5823757513556882	1.0
25.872477566430458	57.671367765487545	0.1582712096292341	14.545846745690316	1.7520367127624548	2.0
23.47636750767673	67.79979860556222	0.352330149122192	7.583220454203424	0.7882832834354491	2.0
17.284795723767278	66.57620022860927	0.8399284612943376	14.513046088409611	0.7860294979194993	2.0
23.457081332687576	58.97782440621202	0.05260277239148547	15.80344176944192	1.7090497192669956	2.0
12.284378123834758	54.87529278586404	19.634844751872162	11.716055281668634	1.4894290567604165	2.0
20.83034607188549	53.56360083596532	0.19455086451963122	25.019524450109326	0.39197777752023216	2.0
9.075859643741595	78.92437839845495	1.0214578791771098	10.433918979546295	0.5443850990800441	2.0
10.011485602207387	76.45477199562045	1.4655312463258818	11.2399661273965	0.8282450284497833	2.0
37.46217229743865	22.390220581739527	0.021062763297105408	34.07249343453971	6.05405092298502	1.0
38.46187351018252	49.17662561166215	0.5568306463106515	10.343189267433091	1.461480964411597	2.0
37.8662887601837	43.6841372648564	0.19069299488747746	11.82617701261689	6.432703967455532	2.0
11.721931362081321	23.63960091632561	1.6234143164535881	1.936921364916618	61.078132040222854	0.0
51.72684021136897	28.440509378773992	0.1306317843414954	14.51270526108158	5.189313364433965	1.0
31.861488675451856	34.32471230908726	0.4357918392353193	24.01595937853078	9.362047797694807	2.0
29.884879627707424	32.139646402655906	22.29601023341332	12.515995396671473	3.163468339551889	2.0
5.143639732623654	84.1306026355459	0.5894835699296012	9.7095484331612	0.4267256287396345	2.0
30.21293042480725	51.935099974163215	0.08715909801131962	15.726983727467891	2.0378267755503243	2.0
14.324149967816224	64.69131390818265	0.34549103565030637	19.9906689192138	0.6483761691370281	2.0
11.160793412267724	69.3726102644948	0.6371704725693114	15.859161321172774	2.970264529495399	2.0
16.2629248673825	71.53587248522403	0.6304529884044554	10.786642186800266	0.7841074721887303	2.0
11.62778263998204	78.73522251538365	0.1845199254480879	8.719967312601709	0.7325076065845112	2.0
2.326218678914397	89.4830542379408	0.930644313944198	6.132181829780057	1.1279009394205581	2.0
3.015421173401263	88.55668418265536	1.9429357523522477	6.029884263433516	0.4550746281575934	2.0
3.0924788750941676	75.17245001277144	1.1090932162452412	19.878525557678373	0.7474523382107822	2.0
1.1801185149236748	85.60005219999844	1.582164359782468	11.152171578197283	0.48549334709815306	2.0
6.197495113495458	79.58360474091069	1.0170574463100597	12.836333554392102	0.36550914489167297	2.0
0.6763966221905126	69.75606447038253	9.159356440733047	19.92356093201538	0.484621534678527	2.0
7.342687390285875	68.85806331878005	0.43865328262967085	22.433630059299453	0.926965949004933	2.0
1.075952634150959	76.64807810016231	4.617212739829892	16.773076948013788	0.8856795778430592	2.0
6.824351442869981	56.2640824358776	9.964505255247355	24.93908638671076	2.0079744792943153	2.0
9.86225587019816	67.91490787399476	1.2758949306423542	19.783920976581904	1.1630203485828332	2.0
2.1262296938082885	81.65828024757411	1.5380749612932803	14.033287374635039	0.6441277226892644	2.0
4.8336209472139355	69.45207238900777	1.17651358943542	23.733900190865263	0.8038928834776023	2.0
3.6575526652959627	71.08536564552935	3.0562878780365543	21.374969230995386	0.8258245801427326	2.0
3.7623881011489786	81.55484637007396	1.1245431237773624	12.178163436476146	1.3800589685235471	2.0
4.823650191093087	71.80463310825255	3.7075800562694377	16.91903034607285	2.74510629831208	2.0
1.9452272403142223	83.86504613919544	2.787835519857061	10.427060710996024	0.9748303896372607	2.0
2.4752421902715858	82.10060504524915	4.557638864314091	10.307266433206	0.5592474669591676	2.0
0.8475763093023102	29.91979848864731	54.625816356630594	14.307533759480624	0.29927508593916474	3.0
5.15905045264825	77.57074993829825	4.544276944159379	12.180531943407342	0.5453907214867828	2.0
2.2062101894863657	55.83933581117343	28.030517522139085	13.218595633189945	0.7053408440111842	2.0
0.664704202381765	48.666409801243674	47.26702038205457	3.109515594808557	0.29235001951143325	2.0
1.5539592506358522	80.29266574705893	15.747666500753093	2.1059672466762	0.2997412548759272	2.0
0.37740654868391543	13.974845636198948	84.59515424656632	0.8411196714417568	0.21147389710907383	3.0
0.8313377772619689	54.11064455612748	42.595101400066845	2.0216357257243995	0.4412805408192961	2.0
0.6635512565738644	10.501052368692743	86.62901394606882	2.0379523249158127	0.1684301037487515	3.0
0.7922140414054748	49.092670870157804	48.15937628431313	1.6295050100487196	0.32623379407486036	2.0
0.3072843513632694	24.84188684768017	73.79540703103727	0.7759290549527275	0.27949271496655964	3.0
1.015360462047458	29.09842374758161	68.47785428492467	0.9251868234846173	0.4831746819616345	3.0
0.17819316390450127	30.925302756322008	68.02553820853147	0.6367254458504311	0.23424042539158674	3.0
0.34691784320074953	20.643800966350955	77.91081108509673	0.807138282539766	0.29133182281179865	3.0
0.2565678618238134	27.24382051508259	71.28924544452526	1.0034887182576486	0.20687746031068205	3.0
0.956613977653068	46.47872502312615	51.011886605922996	0.889001764355012	0.6637726289427798	3.0
0.6174019266046098	53.79491429491333	43.747460400919564	1.5670486609284404	0.27317471663404586	2.0
0.21202526803523633	19.250227090543984	79.84212967133686	0.4449011541865433	0.2507168158973947	3.0
0.2901202676061751	25.349951621115927	72.98027329555477	1.1571915772715442	0.22246323845159627	3.0
0.43079619553004045	35.06920536227868	63.29029690558215	0.9420970708076984	0.26760446580141933	3.0
0.512276317363223	31.195773457896042	66.13079894042944	1.8382936467626936	0.3228576375485835	3.0
1.1778493531306362	52.976636013216364	44.19823131368411	1.0933545057779837	0.5539288141908963	2.0
0.42973015673843157	39.76805863696944	57.81021467758245	1.7268135618924572	0.2651829668172181	3.0
0.43161338032400126	27.466132877357406	71.1884346689484	0.6646730767969345	0.24914599657323966	3.0
0.7535236756687551	22.250400813811446	75.94342305070548	0.9604076305581346	0.09224482925620396	3.0
0.5866221718493505	27.960358838482367	69.52069748441004	1.6190763975001319	0.31324510775813547	3.0
0.5771198018354756	64.88466958714545	33.25662595468064	1.0782088719547067	0.203375784383719	2.0
0.14051269327186822	17.604793308014546	81.43878693214357	0.6102502137102194	0.20565685285978857	3.0
0.20882359843497408	24.06818824006186	74.74686558780073	0.7602490464371362	0.21587352726528974	3.0
0.1349071659006252	26.484709412058283	72.84461617060512	0.41173162702892036	0.12403562440705825	3.0
0.07656804262438592	16.370943560667236	83.21304250547199	0.20493359496914176	0.1345122962672458	3.0
0.18774320924314572	16.779848849400235	82.69107236109227	0.19801915153237587	0.14331642873198489	3.0
0.23073495920225315	18.946145457063093	80.21731831178386	0.3869337313699952	0.21886754058080485	3.0
0.3389284268734141	24.18800599368998	74.7590271243919	0.5716280788673587	0.14241037617735228	3.0
0.037001884558453664	13.852483355199405	85.26328569200592	0.7250757376148481	0.12215333062136538	3.0
0.0650742467324368	11.063589831698758	88.30641201844618	0.45817669408023104	0.10674720904238816	3.0
0.1860137022355861	21.56368120224956	77.43236066889038	0.6147979188647313	0.20314650775974152	3.0
0.24181371248312508	18.97634088516302	79.44606626070157	1.1530435794124598	0.18273556223983395	3.0
0.23249593715830164	24.669502539737405	74.31035687377168	0.5863148291560325	0.2013298201765927	3.0
0.284891745745789	16.236244447143417	81.64622217662138	1.6684726643030297	0.16416896618640042	3.0
0.16052118694986212	18.568415360300673	80.5022206655826	0.6199217542853092	0.14892103288155675	3.0
1.0081427436896209	68.39386120206962	26.619275614146716	3.764746281161615	0.21397415893243046	2.0
0.14308327362761655	6.560626054578367	91.78640562872637	1.3020749742827928	0.20781006878484148	3.0
0.30191741139219364	18.264944564638654	72.07452145142452	9.03804050306856	0.32057606947607425	3.0
1.0018219551886502	37.71454614836838	37.87251250952399	22.952533374958904	0.4585860119600774	3.0
1.3193890575367078	19.049794229285162	73.33705021933939	5.243771757173164	1.049994736665554	3.0
12.459317510355685	65.01917489901467	6.120160364611541	8.94549471833846	7.455852507679641	2.0
11.232121780582089	63.66764563701245	4.250986089160454	17.540932879317335	3.3083136139276714	2.0
33.427442809996364	33.30006443915991	0.7337698263893883	21.013592357415657	11.525130567038671	1.0
11.415774140964905	66.2677043910729	1.13618354101034	19.45502085235492	1.7253170745969633	2.0
19.95257197662137	62.26055548776805	0.44300359034889275	16.22534573888714	1.1185232063745352	2.0
10.134828748277222	59.82481178958565	0.7748677613786629	25.92075168241933	3.3447400183391487	2.0
12.000289174297103	58.99217370135169	0.9760307079076389	25.741889308370496	2.2896171080730805	2.0
12.808153109532864	61.868803055354995	0.18969555348596964	24.398090820208804	0.7352574614173631	2.0
2.808671436523611	82.96246096427532	6.095377365233429	7.410940310051285	0.7225499239163603	2.0
10.079518884692373	76.79471976385037	0.39422028341460114	11.659448475882025	1.0720925921606526	2.0
3.7447449074354417	86.69192582916982	3.280272853120185	5.891018794800521	0.3920376154740352	2.0
1.271617360677494	80.69400533185689	5.6574360048666525	12.004891863819637	0.3720494387793439	2.0
5.198146129024858	82.44594916769611	2.1284882775749887	9.385109443364003	0.8423069823400406	2.0
2.172255781267159	86.46048040599999	8.671669297098337	1.9471273290458564	0.7484671865886795	2.0
2.958855076823864	80.27499010239485	12.715906938903638	3.113173923969064	0.9370739579085975	2.0
2.302752399253201	88.67684232008432	5.364947307717675	2.7835250737949315	0.8719328991498663	2.0
6.15220697197813	81.49541801462938	3.628588679225933	8.312080878981405	0.41170545518517015	2.0
7.602109378432117	74.04611222609078	0.6034993396969068	16.10998457412771	1.6382944816524674	2.0
19.481744677195003	58.316042912821175	2.0961017081924203	17.78970720817488	2.3164034936165097	2.0
11.616840477280926	77.67325873343171	0.1611375110972916	10.03321449936289	0.5155487788271725	2.0
7.599849014664326	76.15555481844132	1.1236575988207809	14.672745685779324	0.4481928822942488	2.0
19.357518202227897	55.94385280400783	0.027182270426535107	22.614369338980705	2.0570773843570334	2.0
3.267773962408664	46.22601947315712	0.5415837916609216	49.07351990818303	0.8911028645902793	4.0
3.432093886164853	27.30009556386634	1.7456354549496476	66.09256273894064	1.4296123560785197	4.0
1.4993654493192434	13.798175572536087	0.7117067750787377	83.45576978102093	0.5349824220450113	4.0
