N1	N2	N3	R	W	anotaciones
0.005117419038392805	0.012431224283164847	0.002829169039767884	4.9235889395054205e-05	99.97957295174929	0.0
0.0211186631174587	0.037663676386206144	0.004528675676040245	0.0003891772852268245	99.93629980753506	0.0
0.014502836229747254	0.07426716116120627	0.003080147606425972	0.0005629315979597055	99.90758692340465	0.0
0.0036543301019436292	0.013509441943100256	0.005721542120589718	7.114027814898368e-05	99.97704354555623	0.0
0.005114536404767383	0.022743365220055912	0.005750564290963401	7.06347375019364e-05	99.96632089934671	0.0
0.004175052113168094	0.01795303520040624	0.006211813288157859	6.975667860149515e-05	99.97159034271967	0.0
0.005360479674540943	0.018006388927189934	0.009732636875485803	0.00017652618300501545	99.96672396833978	0.0
0.005312122812882253	0.01800422682931906	0.007428131559597891	0.00016090726547102736	99.96909461153273	0.0
0.016235518410582378	0.032619616489572574	0.004294691114549667	0.0013228363021221801	99.94552733768317	0.0
0.039026950249154944	0.053313273050847855	0.004964653290877622	0.010019503733249021	99.89267561967587	0.0
0.009250040468761751	0.02585473464478772	0.0010829842905562405	0.003448150073283936	99.96036409052263	0.0
0.061670430844070714	0.17843872614273934	0.007236120358307288	0.013393762799050872	99.73926095985583	0.0
0.02019267659644697	0.028658161772476792	0.0083635296819058	0.005558512344880449	99.9372271196043	0.0
0.01720378228788869	0.03301641852607732	0.007150409104309406	0.005774238521204027	99.93685515156051	0.0
0.09725786980230507	0.06437509071929175	0.007603674343230711	0.021176351711111107	99.80958701342405	0.0
0.0740913825363475	0.06730298530497009	0.02483559783857161	0.009498556156010122	99.82427147816409	0.0
0.004989985163895076	0.012834178306809713	0.003916717428322183	0.0030073220797541935	99.97525179702123	0.0
0.030902383330578893	0.048845216607581815	0.011086483835258674	0.0025132562809236816	99.90665265994566	0.0
0.006529913583683765	0.014258032706586021	0.010771211456492272	0.000738916800341694	99.9677019254529	0.0
0.012887195699446017	0.039228891935742694	0.010835301271932002	0.0004739073167272095	99.93657470377616	0.0
0.010356616487238702	0.01748773697654665	0.008578241010827782	0.0002602675863641918	99.96331713793903	0.0
0.012008580276975345	0.0176045188389853	0.01452114135924379	0.00019735404220705036	99.95566840548258	0.0
0.005900109259457946	0.01067196137521342	0.005012240107497348	7.859212025056987e-05	99.97833709713758	0.0
0.0062726059674552016	0.01050549286316024	0.005559839860789727	6.89457337221406e-05	99.97759311557486	0.0
0.010519327928602126	0.01828513648188394	0.0086648311192646	0.00015710347375550042	99.96237360099649	0.0
0.007856320048887193	0.014956878035272929	0.008968236151961035	6.908684891019773e-05	99.96814947891497	0.0
0.2646839433514715	0.19550578417079312	0.006682706417709597	0.0043163184729367934	99.52881124758707	0.0
0.018950171011296854	0.024032961155153708	0.007717410826930931	0.0007877071942560119	99.94851174981237	0.0
0.006278798481335048	0.009419104169515274	0.006138991167037665	0.00018176029364646621	99.97798134588845	0.0
0.024498571766200124	0.01758635880541336	0.006531644515635871	0.00019528633106941507	99.9511881385817	0.0
0.005137190083860691	0.021255001554102742	0.008179991555278762	5.795235159534962e-05	99.96536986445517	0.0
0.004148825208352374	0.02194512550223108	0.004000786431557668	6.434779148322146e-05	99.96984091506638	0.0
0.006836211004270754	0.02131206270485771	0.008935695403148088	0.0001379056785152857	99.96277812520921	0.0
0.005358789065144993	0.030850015952966152	0.005403651191332605	0.00010032111777448346	99.95828722267277	0.0
0.011156919932365169	0.04451621597761545	0.009441891841427293	7.834288274586253e-05	99.93480662936584	0.0
0.005627101849434181	0.02893200315777533	0.004215244415678982	2.3050448295620746e-05	99.9612026001288	0.0
0.004802299994504996	0.05410263767017518	0.013450229926283315	3.594948723885179e-05	99.9276088829218	0.0
0.002211154265883257	0.03263889913644885	0.005164011286450385	1.1209237975025959e-05	99.95997472607326	0.0
0.0023412467378589505	0.05780249648810511	0.007824618903144176	1.4467475111119069e-05	99.93201717039578	0.0
0.0030731037295242585	0.054161888982913776	0.005061086154449316	2.090680248201509e-05	99.93768301433063	0.0
0.0027382756837407945	0.038518837175511154	0.004203160409235183	1.691245090371732e-05	99.95452281428061	0.0
0.004195132369224023	0.04796750746231864	0.005335109740054783	2.781333691027676e-05	99.94247443709148	0.0
0.003820766670883193	0.06583044584499595	0.0055793553163085135	6.952587444517943e-05	99.92469990629338	0.0
0.010232242220223129	0.06515463478262155	0.004854465267775068	7.589011618990249e-05	99.91968276761318	0.0
0.00344801433426877	0.03995059410879286	0.004570567874597844	5.60697281856096e-05	99.95197475395416	0.0
0.007545647550287178	0.07073790896647106	0.009429695764071697	0.00016782724098994686	99.91211892047819	0.0
0.007322716015250088	0.05975537306179226	0.007345736850701607	7.328127347747833e-05	99.92550289279876	0.0
0.030803223056283236	0.03197405493095487	0.00394309497181233	4.662811690264616e-05	99.93323299892404	0.0
0.005905190352901912	0.048275017408799595	0.004850625314417673	0.00013810013171761262	99.94083106679216	0.0
0.001401143336670495	0.013062528274416754	0.0026482209018414454	1.7613333554425642e-05	99.98287049415352	0.0
0.002541457930777641	0.017662762526197705	0.0034426725733079323	3.709493804061378e-05	99.97631601203167	0.0
0.0018131899865283922	0.010192804241140186	0.0037016831163501616	1.1592641287677697e-05	99.9842807300147	0.0
0.007637672306034878	0.0550535362985185	0.004760217216699097	4.531065703007287e-05	99.93250326352172	0.0
0.009892205992521625	0.0568875541292046	0.004260456121683728	6.281232194458087e-05	99.92889697143464	0.0
0.011302153373552828	0.06499913694542542	0.005245341995344283	0.00013184099827197142	99.91832152668742	0.0
0.003821675676160394	0.02601933109543279	0.002949726158021727	9.969351740862548e-05	99.96710957355297	0.0
0.009678203844489301	0.03439120482380069	0.003987774214754022	7.564562803166426e-05	99.95186717148891	0.0
0.01127341503711632	0.021345112422173778	0.004613813569838771	7.809006527617285e-05	99.96268956890559	0.0
0.008224398836096651	0.026107674737677267	0.0018172462330618845	5.146518320914163e-05	99.96379921500996	0.0
0.010946690169129577	0.0333179563974674	0.004065378507130723	0.0001856234058903872	99.95148435152038	0.0
0.009188189365840337	0.020281026194204816	0.004894975655575291	0.0016818298438782784	99.9639539789405	0.0
0.011432018000211982	0.027117245437242248	0.0037601710913659917	0.0015436789179055345	99.95614688655328	0.0
0.07728673753139442	0.09356506099324452	0.008790252195942537	0.008092472094259853	99.81226547718515	0.0
0.042343480268388654	0.034231866632719495	0.002275200792511537	0.0010070719962435102	99.92014238031012	0.0
0.04942858446999669	0.0345347056019204	0.0017056032643515313	0.0014721050984902475	99.91285900156525	0.0
0.029062334761521487	0.030537652723856737	0.004267788185674372	0.0037904505024292097	99.93234177382652	0.0
0.029891877354453335	0.015422039567498632	0.0012123607250234558	0.0007156770383485865	99.95275804531467	0.0
0.15559826345934777	0.03261252812127112	0.0024867576578080906	0.002550222212330316	99.80675222854923	0.0
0.03092084262171153	0.03887599150040664	0.011673230687135557	0.0008300754536461603	99.91769985973711	0.0
0.01961690648408447	0.02339988729395383	0.0044221333394571126	0.0007267126677328704	99.95183436021476	0.0
0.02632173603151848	0.03751039704206768	0.006186142245148166	0.002854720884194079	99.92712700379707	0.0
0.03691390500793567	0.019086904675979344	0.005554146406918628	0.0007985262105575362	99.9376465176986	0.0
0.06953280905200575	0.04270703212968291	0.01043566151181489	0.0019188059678611397	99.87540569133864	0.0
0.049980376706793964	0.09965361149083052	0.020886047219891794	0.0013155863448612558	99.82816437823762	0.0
0.03429828214129817	0.1195221406326088	0.018772671608122116	0.0006994396888534903	99.8267074659291	0.0
0.01611632618293934	0.06481404648253285	0.010459514385163337	0.0003792902985957106	99.90823082265076	0.0
0.0051550399323167795	0.024330620338111876	0.005778656376896547	0.0003081445294514313	99.96442753882323	0.0
0.018510096688637605	0.01441906020873988	0.004131348853981608	0.00029048978203639886	99.9626490044666	0.0
0.011738868156634991	0.008288468115365183	0.00259147776585709	0.00038949264915323373	99.97699169331298	0.0
0.024745732030152248	0.0204841374163156	0.0030637027543260007	0.00013880323448610312	99.95156762456473	0.0
0.021395454041185896	0.025083963765236063	0.006076397603419223	0.0006631784740822291	99.94678100611608	0.0
0.01900833342497725	0.010073784334764087	0.005829522099706851	0.000373627923231546	99.96471473221732	0.0
0.01028819178885433	0.006113870635149394	0.0012327688223021994	0.00014435911983117232	99.98222080963387	0.0
0.004723742894301722	0.004986215757279857	0.0006786799429428586	0.00012773500763436105	99.98948362639784	0.0
0.0005628393453393075	0.002758178409822127	0.00035963579138610977	3.265887479335502e-05	99.99628668757865	0.0
0.0003059044112196524	0.0009258771920109933	0.0003683827291336134	1.7578571692581275e-05	99.99838225709595	0.0
0.0028549997610447762	0.005548261741009865	0.0008009234470793722	5.36691511953669e-05	99.99074214589966	0.0
0.08011357912635504	0.01496287266366804	0.0024540709266532654	7.99940450101977e-05	99.90238948323831	0.0
0.01581574335340151	0.008994308007721821	0.0015849872207368714	3.9358962666291115e-05	99.97356560245548	0.0
0.013004416031267785	0.007106517306791506	0.00236459401770311	7.422624875919826e-05	99.97745024639548	0.0
0.012153736351769117	0.005845942028693623	0.0016075756430105332	7.2525737677816e-05	99.98032022023884	0.0
0.09019571490126642	0.011498889921643322	0.002985819080473771	9.634515432906609e-05	99.89522323094229	0.0
0.02454392785587859	0.026286826280873418	0.008606845468884522	0.0006351845247387042	99.93992721586963	0.0
0.004095661181366805	0.016628040197461398	0.004148401722342042	8.936940836089915e-05	99.97503852749047	0.0
0.007111320733512724	0.026076835298674956	0.007717764388982392	1.618670966730438e-05	99.95907789286915	0.0
0.0034337426208075066	0.04832795628524644	0.00774440436125468	9.976019315010238e-06	99.94048392071338	0.0
0.002176125002861044	0.028507233052284753	0.0031232448579431265	4.5949853010236746e-06	99.96618880210161	0.0
0.0031098736643325638	0.05715994275060065	0.007357752951339883	5.4829059074748475e-06	99.93236694772781	0.0
0.0027482620454129356	0.03030274397170444	0.01250417278647842	1.1616399789079529e-05	99.95443320479663	0.0
0.004114892333109079	0.042235906476867396	0.010211013571351082	3.813028246948935e-05	99.9434000573362	0.0
0.0038520045095628394	0.02898696985355925	0.010360506817691325	4.998062105034305e-06	99.95679552075708	0.0
0.0027270552296507653	0.01979642665057627	0.010239840240514636	5.273927574697755e-06	99.96723140395167	0.0
0.017349026904493057	0.07634341052736758	0.026893691933239493	6.647322050364046e-05	99.87934739741439	0.0
0.002008025520515253	0.01837470538317695	0.00850990196782988	1.5346237650608355e-05	99.97109202089084	0.0
0.0029243350596272507	0.02499080283245199	0.007091979178194909	1.6825735707438336e-05	99.96497605719402	0.0
0.002110176647145356	0.008634236476269066	0.004274691084313457	1.1970380477907529e-05	99.98496892541179	0.0
0.006870146677797728	0.024231810600510904	0.009929671479911653	0.00018803198063981682	99.95878033926114	0.0
0.27441064535793713	0.6266360802477764	0.0644204967018631	0.0021722453312392406	99.0323605323612	0.0
0.2822606495427763	0.20150508635741562	0.0042772964995015424	0.005913954931438876	99.50604301266887	0.0
1.1182662095465237	0.4637407511760687	0.011371320925449352	0.00193180334085923	98.4046899150111	0.0
2.3755825445270236	0.6613958496311051	0.0017360835173752804	0.0035191197840875148	96.9577664025404	0.0
1.3718082035190644	0.7503450898628077	0.001616295447110598	0.0029542104478417143	97.87327620072318	0.0
3.8556255289149917	0.6663174308453961	0.0005559888782168591	0.0020463948779246713	95.47545465648348	0.0
6.9330496397534445	0.5139716819434408	0.0003733861067138992	0.002084873341042672	92.55052041885536	0.0
6.381380563514244	0.6832348176451802	0.0006182335163109228	0.002552173526015749	92.93221421179825	0.0
7.646939240874322	1.3293066703627514	0.0010162324280775016	0.0063234794617448055	91.01641437687312	0.0
27.406242937533705	2.771280407134665	0.0016358794132286594	0.007743170379671638	69.81309760553873	0.0
20.446982595483284	3.008862268631354	0.010862036492954672	0.030663670002314132	76.50262942939008	0.0
48.43460035510561	11.689174590038018	0.02037193259601387	0.03283796584052743	39.82301515641983	1.0
24.221425962260838	15.245147800274395	0.059334393893350934	0.09794019438235735	60.37615164918907	0.0
52.322586457556085	26.99751178921469	0.01853684763396284	0.06888063060169387	20.592484274993563	1.0
38.365264149828306	24.73553702258511	0.032103189764433646	0.05989911465442493	36.807196523167725	1.0
50.84718863230384	32.47721321364325	0.05589946224211019	0.0988040290692168	16.52089466274156	1.0
35.95073406004797	58.29224677343535	0.11117802146951594	0.1664098885160629	5.479431256531095	2.0
31.91452084470682	63.905569009093725	0.1121995610107094	0.43617504453701206	3.631535540651723	2.0
13.450280304662913	80.70016231534221	1.4626747136431226	0.8549906611763013	3.531892005175452	2.0
13.979880320785462	81.14861912531326	0.21003056968038877	1.4412880808318662	3.220181903389029	2.0
15.836961601922475	76.9285767012437	0.6494599279420856	1.4194375401295276	5.165564228762232	2.0
7.00933826252155	89.92993517666133	0.23883788782286808	0.5726218371577667	2.2492668358364667	2.0
15.460814179659016	79.98209012188944	0.46086408959099867	0.8012604807552519	3.2949711281052902	2.0
7.308305892517321	88.6833479873689	1.160465400575253	0.5147835759883421	2.333097143550178	2.0
8.44300005934415	86.37848154459029	1.0247844826034045	0.5344448955344617	3.6192890179276627	2.0
2.222706627650183	84.80600915523365	8.389623978964567	0.22478457460070536	4.356875663550883	2.0
2.1010381077843903	92.61073750317533	4.569393919938075	0.1376704932002023	0.5811599759019687	2.0
1.8743946412544843	74.33326604852479	22.22909596721214	0.34384886353655597	1.2193944794720237	2.0
1.074930352129779	53.52040414866206	43.73540803589817	0.15927923003045086	1.5099782332795446	2.0
1.313925159559321	89.16964852188462	8.757712381241296	0.13862157839292952	0.6200923589218348	2.0
1.0377807099299114	76.30979226374389	20.935180017779505	0.13491457866868833	1.5823324298780101	2.0
0.8834331385598544	68.10638845297137	29.713045043583975	0.22002756765712597	1.0771057972276783	2.0
0.36879363311142027	61.299656067313926	37.29173033648679	0.10364599552723758	0.9361739675606227	2.0
0.3054303103339772	33.52888084861749	65.38584963053107	0.15491278605572345	0.6249264244617413	3.0
0.35882577508606966	56.04557390663649	43.01378697288344	0.10674872716248138	0.4750646182315203	2.0
0.5101675677573365	39.27188026486386	59.315184788608455	0.06291919706020445	0.8398481817101436	3.0
0.456497040515618	38.561793328054115	60.299767757986054	0.08210216613658074	0.5998397073076178	3.0
0.27176855603938344	45.25429346166988	53.981607728706884	0.04255133777821137	0.44977891580563134	3.0
0.21477971764278245	16.799803633353573	82.7311749152284	0.03907963689530459	0.21516209687994786	3.0
0.20845691022688376	60.790229322397984	38.58808737384865	0.05866078734502575	0.3545656061814682	2.0
0.23469391779472165	53.50923683762555	45.87569356181198	0.03895729748113462	0.3414183852865871	2.0
0.12287728087809877	60.711614551885894	38.893069374748436	0.017350711684459348	0.2550880808031167	2.0
0.22893870904282707	83.6545821388167	15.83264867338999	0.023265043931062677	0.26056543481941985	2.0
0.2888225933916054	81.10719118154557	18.335979269775674	0.025290233968186394	0.24271672131894834	2.0
0.7455250902896344	82.1935814871357	16.619434320000842	0.052332409362664534	0.3891266932111543	2.0
0.5935050654582527	82.71267056331239	16.415571419088682	0.024499114755420187	0.2537538373852644	2.0
0.7324028838355334	78.1897519743424	20.778064102164056	0.023459638155930204	0.2763214015020937	2.0
0.5262922956240146	79.8384210798909	19.274767499534494	0.031633790524582324	0.32888533442602086	2.0
0.4804315647485306	56.15104621837029	43.007519205275365	0.030984564213192588	0.3300184473926108	2.0
0.690976904352025	80.70707335647586	18.244377004034202	0.02105436485643406	0.3365183702814825	2.0
0.5773695366931226	60.978508421037816	38.08139528703673	0.022698419883817343	0.3400283353485087	2.0
1.1038888532046944	83.34131692149073	15.202985544891495	0.03532353616523561	0.31648514424784924	2.0
0.49841792440951416	53.00409277786877	46.07221086011131	0.015037213855227452	0.41024122375518296	2.0
0.33371702568460415	49.68982731636753	49.78227760909036	0.015774371373375395	0.17840367748414285	3.0
0.1169079400426857	13.925431606433616	85.84297460947387	0.009496567050838869	0.10518927699898915	3.0
0.17968473163501608	48.74632449692947	50.80089604470827	0.01997512599509727	0.25311960073216955	3.0
0.18587216251121222	29.65251570006978	69.99391200460158	0.011076286865702617	0.15662384595171472	3.0
0.2513962650302879	50.47519617062657	49.00752173673287	0.013736676939842726	0.2521491506704286	2.0
0.05060580924041685	11.311619304351808	88.57365002525225	0.0051802394452109945	0.058944621710325114	3.0
0.037338874441950415	8.872649357513442	91.00373843735365	0.003030486052241307	0.08324284463873224	3.0
0.04486791550286895	9.498108850058715	90.35525844962422	0.003560781662372761	0.09820400315184924	3.0
0.0955820030401799	21.868818868428132	77.91540496700277	0.005186077023697856	0.11500808450521267	3.0
0.10641167694630843	36.36359763651732	63.33978950207296	0.008552704914952448	0.18164847954844895	3.0
0.06571754598532925	12.805247634159159	87.02729679881953	0.004844773143435434	0.09689324789255996	3.0
0.08193211982174144	23.590676658798245	76.17184411955917	0.011095029155868246	0.14445207266496465	3.0
0.17046466506819688	33.85284157713731	65.72027606192479	0.021950660833595734	0.23446703503610836	3.0
0.15197251046582325	28.940256454795836	70.69924449153021	0.011282071978440564	0.19724447122968164	3.0
0.062084954192058714	11.501933501802654	88.3291070896837	0.00638633599371891	0.10048811832787556	3.0
0.07540573836712076	18.38467561354637	81.4027580446911	0.009138928235295479	0.12802167516013974	3.0
0.3842183801673371	77.12105171800904	22.14449609448918	0.04133775109610663	0.30889605623833655	2.0
0.08302960953669175	19.669071085320027	80.14795971274651	0.016037938295917736	0.0839016541008462	3.0
0.07024446019277737	26.751075084336794	72.9270789078335	0.04361979966103004	0.20798174797588964	3.0
0.08126519009543452	23.092962175832813	76.0348255263484	0.11743176410368851	0.6735153436196549	3.0
1.4040025216435124	9.371194833570705	5.064428289532783	0.09734913327035623	84.06302522198263	0.0
0.14397396725980255	0.4528190824367158	0.07804831068347967	0.0022950845426603994	99.32286355507733	0.0
10.013764522604054	1.8041834957987168	0.011973228398659632	0.02795824808647761	88.14212050511208	0.0
10.92833133286706	1.1709690984491168	0.00672493994979166	0.02020405916690258	87.87377056956713	0.0
38.69725715970361	5.318223878347036	0.0998977999050689	0.1444891097487125	55.74013205229558	0.0
23.273525733768867	3.5613222436256606	0.007002001886110143	0.19494797067472344	72.96320205004463	0.0
8.30983541127843	1.381885228816238	0.01599664503472433	0.10668494436827912	90.18559777050233	0.0
30.88204428805692	5.313331374943051	0.03206165489819624	0.3886638869457858	63.38389879515604	0.0
39.50177463420974	5.351871282274601	0.012450107116155067	0.8443889694560959	54.289515006943425	0.0
58.8406915921878	18.24902910664473	0.1553005909043304	0.7493373407904934	22.00564136947263	1.0
38.353349248460624	44.964905060619266	0.43624848468910044	2.0500803898514506	14.195416816379556	2.0
34.60917367016866	48.34330495194293	1.2244914252900954	1.2179666608878217	14.605063291710483	2.0
50.780313811248504	39.92035316239985	0.4246154452575985	2.625277896989597	6.24943968410444	1.0
21.487532840679158	60.921224352306844	10.995153653295933	1.2962222533914862	5.299866900326568	2.0
8.342026108935505	71.2879309378017	15.549914965542849	0.8571377930670673	3.962990194652871	2.0
7.723481408317568	80.71974520501769	6.100167401371853	1.3064939591336973	4.150112026159191	2.0
6.211919873312476	81.45690720506704	6.231481346178217	1.9529414432757803	4.146750132166468	2.0
15.368844916568383	47.163295087636435	3.6290486753445963	1.5990488110623837	32.239762509388186	2.0
17.203768770922707	64.09117904360615	3.8867365584019637	0.9914192921920183	13.826896334877173	2.0
5.795037969563937	79.07515575699486	12.538823720896106	0.49075084855811973	2.1002317039869727	2.0
28.514441012668744	64.90219569334738	3.818951592914292	0.28055562609374957	2.4838560749758374	2.0
8.430499420894364	81.59396134100828	7.037961347506629	0.647626367179092	2.289951523411643	2.0
3.968938337977794	88.21054578098887	6.063366530330101	0.5847361751877372	1.1724131755155052	2.0
1.507186565629188	88.72689508598275	8.043803459513894	0.5346521862370431	1.1874627026371232	2.0
2.7769693512331646	93.92622270574483	2.1893299059738465	0.32411131916230396	0.7833667178858476	2.0
1.1931419045933076	91.30449388704143	6.933464794125681	0.13437292422738256	0.4345264900122046	2.0
1.1270386061428417	79.46823052573356	17.355903595901907	0.30864756491477086	1.7401797073069325	2.0
6.972306022069885	89.07120597608224	2.047401484708834	0.5312566476279122	1.3778298695111204	2.0
1.2205958855858694	85.76249301886612	12.382996848325838	0.21493512739626575	0.4189791198258934	2.0
1.9058195336762631	81.40127644467427	15.391971706474555	0.4437439676318807	0.8571883475430246	2.0
5.182663354587983	88.76902510004861	4.860394837448812	0.26355751234929636	0.9243591955653165	2.0
1.5835081668190845	77.59576851721913	17.527011719823463	0.4146007339738006	2.879110862164527	2.0
1.0808918875954094	64.12551333987528	32.9524667304856	0.39447146014580503	1.4466565818979165	2.0
0.7630078783457849	57.53747595538287	40.87795310718605	0.19366292404963809	0.6279001350356708	2.0
0.23182463678306178	30.73312029803372	68.20585125865499	0.1997913692798287	0.6294124372483892	3.0
1.646820541220244	86.07060844739537	7.866831280441483	1.677589417699822	2.7381503132430867	2.0
1.2980483007671986	64.52796324307562	32.539234492824086	0.2806845406904486	1.3540694226426435	2.0
1.5807805417753031	5.102240326019581	0.3980832579095921	0.07105881123090274	92.84783706306462	0.0
3.5277884017755494	3.117812642620811	0.07518430360822981	0.029890372715563687	93.24932427927986	0.0
12.043454824264629	8.661890821345034	0.1956942731740191	0.10787773546568344	78.99108234575063	0.0
42.30823247054604	7.339380092850689	0.1022538685117896	0.20942149888634273	50.04071206920513	0.0
33.70606568217476	2.814575467636166	0.047525980070933685	0.7920225740162032	62.63981029610193	0.0
45.91635465871458	14.616586207222761	0.31574685201380315	0.5287654857071573	38.622546796341695	1.0
24.880596034528	7.316415372412374	0.16746009067677717	1.8815299328676938	65.75399856951515	0.0
53.72349065331006	31.170044752733833	0.10461853859769972	3.575122664106387	11.426723391252027	1.0
20.612639825479164	38.071084269250086	0.5079017188109121	3.2623007335000684	37.54607345295977	2.0
57.884239300173334	17.09311367673621	0.7074648398929514	4.006574253282024	20.30860792991548	1.0
23.123345437883792	61.51450250085275	1.1973762466683617	4.934455513545804	9.230320301049298	2.0
21.7903681161436	61.06437797871547	3.713613765511757	4.24529559964663	9.186344539982537	2.0
21.438059936866953	65.15844819973412	1.7559725386040468	8.814616374821721	2.8329029499731626	2.0
39.2821853649213	40.2840670469121	0.846248425928037	1.7148034867660196	17.872695675472556	2.0
21.82610744756433	32.649690719839384	0.7407707611612455	1.105354566675604	43.678076504759446	0.0
49.17786460482623	40.859853779368414	0.025383447130389654	1.2555885117320462	8.681309656942924	1.0
10.498688413793404	80.34414212278742	0.5182235390209208	2.1475212087337088	6.491424715664543	2.0
9.825556043488215	21.543429838915205	0.29300184668564555	0.4360115453611102	67.90200072554983	0.0
0.1573782426375107	0.20428524913314847	0.04130045937948661	0.018078038859807313	99.57895800999005	0.0
0.17894711615708	0.40133478691429575	0.1475483806769911	0.010939739095932285	99.26122997715571	0.0
3.544212562071889	0.5468598035271202	0.0018682480255608168	0.011582616081093454	95.89547677029432	0.0
2.6995699656166563	0.43572809123129597	0.0005762292298222698	0.009456034305937873	96.8546696796163	0.0
4.112249276411241	0.9995496381787081	0.0012240803525991066	0.0065021703149208765	94.88047483474253	0.0
10.999152470534574	1.2988353807314665	0.00073892916865262	0.015555791554287967	87.68571742801102	0.0
27.511944828970208	2.312860780568359	0.0021657459073608915	0.06362136753091269	70.10940727702315	0.0
19.97694497722507	1.727496076929184	0.0015476243746082767	0.31998557591472415	77.97402574555642	0.0
25.8402699367961	3.258797604478599	0.0110630266907201	0.1719261926261863	70.7179432394084	0.0
44.159674041181596	17.78324445638592	0.06959675989156201	1.48863653143746	36.49884821110344	1.0
27.85446502327557	25.180044028031844	0.26822327675870855	4.785643345233198	41.911624326700675	0.0
39.796180521716416	28.824681088073774	0.20059274036660496	20.52495914311732	10.653586506725885	1.0
22.872598361859925	8.80746932210195	0.017346138908576086	32.00717427897581	36.29541189815375	0.0
48.78418255178941	13.747028540288419	0.030939860168376028	10.905125922182545	26.532723125571263	1.0
61.035157871214295	13.317583429900475	0.05394504542514054	23.634472808087047	1.9588408453730572	1.0
63.57023424897449	21.704157703332058	0.006549507642294181	12.867904320323657	1.851154219727506	1.0
26.15084471556106	66.11140591071653	0.045507677904014124	7.2952306789532475	0.39701101686513884	2.0
3.6775019363746018	87.21373425105257	0.7610246523673938	7.657319494701246	0.6904196655041768	2.0
2.634178502005138	88.53123289969741	0.0865778055735483	8.282056683947937	0.4659541087759818	2.0
2.591218137184084	87.19171178488543	0.10864258798702546	9.548508731294	0.5599187586494921	2.0
6.525527768409482	84.5883578065535	0.036266704230475205	8.403738424785043	0.44610929602150395	2.0
2.3818621145463665	93.15692178985685	0.7381276319961806	3.4204879278958384	0.3026005357047471	2.0
5.639983075018814	89.60081069324886	0.22894474103220477	3.816195653497545	0.7140658372025664	2.0
5.651418511683097	88.32002604512275	0.46864619431470605	4.660735872550912	0.8991733763285495	2.0
3.2247888390314285	93.7752537781779	0.7504916293313212	1.8348042120638834	0.41466154139545863	2.0
1.6739080869580738	90.56044861888908	5.787444937543873	1.1636475101038335	0.8145508465051309	2.0
1.4216492238258003	91.98160822972625	5.107875875376725	1.0502176030528392	0.4386490680183951	2.0
2.15109309248762	90.30061451490629	5.739729277962269	1.2448146398526567	0.5637484747911504	2.0
0.3425938284393251	36.986219288279614	62.108613198041596	0.3300259509891562	0.23254773425031117	3.0
1.0388563610400365	92.10623093431124	4.997536218646714	1.3929642747773314	0.46441221122465753	2.0
1.1782273261937082	94.1195571392249	2.329044897022738	1.9065868934625425	0.46658374409610964	2.0
0.6477445765001391	96.75560640738932	1.535212414491466	0.8650790991557898	0.19635750246328182	2.0
2.2977501040663255	94.1836380125074	0.8731455402242374	2.3037904853327476	0.3416758578692834	2.0
0.6566343461314633	96.98109503316608	0.40714345481523107	1.7540550742358552	0.201072091651357	2.0
2.07754748765555	93.17784239067059	0.4228031740091899	3.7686169722151024	0.5531899754495843	2.0
0.6188250389001252	93.16882491516513	0.9087295620499982	5.129055374215976	0.17456510966877453	2.0
4.0474367428765525	69.80170363600729	0.09985205707680281	23.442755416819224	2.608252147220135	2.0
2.7791172204580725	37.10535073763744	0.0809230343460091	58.284988406051276	1.7496206015071978	4.0
9.0071218417744	11.74244175057504	0.022898708156281186	76.83241106731374	2.3951266321805367	4.0
2.5092811259373913	4.562320071944827	0.02652148034948146	92.41727657309907	0.4846007486692382	4.0
2.0002823619234715	1.983102650624764	0.009518566814137767	95.72403906429807	0.28305735633953993	4.0
0.9880587409446875	0.7236655712324763	0.005444470132973203	98.04232405602613	0.24050716166372493	4.0
0.6321740710726133	1.3556484579444936	0.007418058602459845	97.7558431282746	0.24891628410582475	4.0
0.07528389869828012	0.22776412971378196	0.013190834640404466	99.53001614981272	0.1537449871348036	4.0
0.5902762725092885	1.2635901223637618	0.005738023355991288	97.81745779038351	0.3229377913874502	4.0
0.287015256214565	0.4304824687653607	0.008546081356426082	98.86714702426326	0.40680916940038814	4.0
0.48739807756263637	0.3711644312442658	0.009424656161092077	98.47937464216879	0.6526381928632117	4.0
0.5589902817385032	0.8247973375771098	0.004454431160254566	98.47774024615899	0.13401770336515303	4.0
4.072292864720099	0.611327523327051	0.0006584886134366688	93.57295562032031	1.742765503019099	4.0
1.5289027213290747	0.5476657269689031	0.0007125162537909241	97.4505004366915	0.47221859875673095	4.0
0.339911802994827	0.4413141708540652	0.007370409230263713	98.45446915437068	0.7569344625501575	4.0
0.889560981748927	0.6693831781010915	0.0017543545839338254	98.04020512490217	0.399096360663878	4.0
1.4372274651992816	0.5229895901194515	1.6587586795777132e-05	97.4140358403794	0.6257305167150838	4.0
1.7030215510004947	1.0495985832337273	4.79301239195554e-05	96.86195003609008	0.3853818995517686	4.0
0.7485596700077363	1.5996587290788555	0.004993000916063948	97.28089524239599	0.36589335760136177	4.0
1.253439968340611	1.4149465277655233	0.004025015382584164	96.94990959918879	0.3776788893224999	4.0
0.776068223266022	1.2997494311122832	0.0021478949289481367	97.37265852628553	0.5493759244072132	4.0
0.567101547704612	0.3855408895792135	0.0013153845239297272	98.57044436698156	0.4755978112106639	4.0
0.3068449286429412	0.5345445933652087	0.0016657076513591279	98.57495504794701	0.5819897223934645	4.0
0.33642941502021967	1.3557397665913646	0.0040068613497790395	97.89698872493905	0.40683523209959743	4.0
0.4786363655332265	0.7087320543662661	0.0009767571251484565	98.5321454101729	0.279509412802439	4.0
1.4844978383658785	2.8387182439835237	0.01034277183625157	95.11197412605806	0.5544670197562842	4.0
1.9928435204390476	0.3678314391844832	0.00036755916717585307	96.0593247489853	1.5796327322239863	4.0
0.5086725949797793	2.5922780868414406	0.010623001428931517	96.09037455971674	0.7980517570330967	4.0
1.773709318331067	3.4012902422954983	0.006141738607850274	91.90049811797927	2.9183605827863146	4.0
2.652176816209084	2.392054471324074	0.002310497380647036	92.59886352830723	2.3545946867789898	4.0
0.5850744764362887	1.419753378807722	0.012235767230029157	95.89661200716498	2.0863243703610057	4.0
3.2314287070549628	15.394480537317232	0.07122292085534107	56.134317374086315	25.168550460686145	4.0
4.340615551343582	3.2963385853138587	0.006504156109646916	0.23754396162515237	92.11899774560776	0.0
2.3590819743516502	0.7176729569110806	0.006165743809990259	0.1646183615071823	96.75246096342009	0.0
4.5645147995846544	0.9333859202206137	0.0029528722491240357	0.1446157885334865	94.35453061941213	0.0
0.8361291132316345	0.4546368327644231	0.0006863456830670867	0.010394715109819323	98.69815299321107	0.0
4.9198867372235915	1.793815293916853	0.004548975165667999	0.03553832651364091	93.24621066718024	0.0
4.122024584598671	1.903500804335391	0.0023105292176256033	0.017373202043259116	93.95479087980506	0.0
3.3647675723585846	3.503113732314979	0.01487730355461407	0.08262089003786022	93.03462050173397	0.0
1.1022856480983803	0.3538618590227636	0.0005669498886596095	0.01541517385191887	98.52787036913828	0.0
1.9541736432236188	1.1382822931329397	0.0025078238957350354	0.05206420427992277	96.85297203546777	0.0
6.235789487888992	0.9008047237372107	0.01402316556860559	0.1526172744919327	92.69676534831326	0.0
25.060897444130113	1.8727020776239551	0.007220179018212756	0.1406099036624959	72.91857039556523	0.0
4.24785641188969	0.9852160787803432	0.0011325480105607243	0.08165453905816171	94.68414042226124	0.0
19.730849345901476	4.170313292695192	0.006286987294164256	0.3266512504104106	75.76589912369876	0.0
22.58660275888908	8.105917920826116	0.06637632325328902	0.7291308778855244	68.511972119146	0.0
53.07692562132985	23.70619910460443	1.2086637380462768	2.8400441646257786	19.16816737139367	1.0
32.3895893238179	46.775716761041195	1.176075090659713	5.350049240962797	14.308569583518388	2.0
27.188288656895203	55.467589780351624	1.5155848958338922	4.7761147700489754	11.052421896870317	2.0
30.776322404485757	11.763353219305298	0.27624433144545435	4.38040598948316	52.803674055280325	0.0
39.23107940501217	41.59988680010965	0.144530513486941	12.01365929330568	7.010843988085572	2.0
29.49888284139137	62.15301404432042	3.387461452279216	1.5379180162943056	3.4227236457146657	2.0
22.0463529707766	72.87505435618777	1.3656021032220904	2.633820128692844	1.079170441120692	2.0
9.330311613540964	86.73047674380743	0.9189204316807743	2.248643576023512	0.7716476349473087	2.0
18.28479359301711	63.94114954230541	5.1587718838661285	2.993576412094767	9.621708568716587	2.0
12.370267489638657	78.40759367979804	3.1490247448175475	3.4402265387030084	2.6328875470427553	2.0
14.249705041262617	80.15123779935361	0.6991116964288183	1.5060135145254914	3.393931948429453	2.0
5.078962964681029	87.87987409336253	5.220459836370706	0.7794549826953289	1.0412481228904087	2.0
2.6969588319356497	94.5725213333572	1.646818387242578	0.5120028014454112	0.5716986460191854	2.0
3.8726032053608557	91.28925066556229	3.972978831767171	0.41526564576752667	0.4499016515421538	2.0
1.345092270798458	94.54372897306162	3.1588036049742287	0.500954036587107	0.4514211145785908	2.0
2.4249026610263718	95.26363036307436	1.3743616068181521	0.3576747288799538	0.5794306402011805	2.0
1.7474763943608758	95.58483880137646	1.83435058221692	0.3167046529720216	0.5166295690737044	2.0
1.8792334315300048	93.46769571626474	3.6642506646370796	0.5143353846944027	0.474484802873745	2.0
3.541369341789065	94.86953633112812	0.7703636386909488	0.3701308886799076	0.4485997997119571	2.0
1.2459650461071083	96.27855088335053	1.9117451976654403	0.22223859681982921	0.3415002760570866	2.0
1.562464720582148	96.06142856433922	1.6046718400422222	0.4307224060830564	0.3407124689533612	2.0
1.2208987255442032	94.33674149848561	3.853390630046892	0.1530345871519312	0.43593455877136666	2.0
1.9334379711754086	96.43706422459735	1.029088620286288	0.2007698048245197	0.39963937911642955	2.0
1.403081042932874	94.44023326368226	3.1799849908859166	0.4425624190822124	0.5341382834167212	2.0
4.398300966921491	93.91678282405418	0.9424962845997907	0.22241124751755476	0.5200086769070015	2.0
1.3124706762816685	92.56783673323876	5.020232656399133	0.5320472780120467	0.5674126560683617	2.0
1.1242206863815456	92.7557161195072	5.161198570590124	0.3557420883064383	0.6031225352146863	2.0
1.159332369952946	92.95941701017077	4.989609855644344	0.41592538879041685	0.475715375441525	2.0
0.7907621893102434	92.7924560390148	5.568897842659765	0.3668485193192696	0.48103540969593506	2.0
0.8016783584855388	84.51438345099265	13.707423325904431	0.5741888004960369	0.4023260641213572	2.0
0.7802448684028259	85.44768364340193	13.059913953195359	0.3046566925558417	0.40750084244402807	2.0
0.6243913404525423	82.1606463476213	16.548559084031147	0.2823905598920173	0.3840126680030038	2.0
0.5137633102703805	82.58470922598927	16.38318164932124	0.14923326741989476	0.36911254699921414	2.0
0.46788894769144196	45.23916724220015	53.786988486075394	0.1822280416710765	0.3237272823619234	3.0
0.5033151193636303	40.096766093768984	58.905040257151995	0.2395894271091192	0.2552891026062632	3.0
0.7289776298861772	71.18264520759247	27.59673209790396	0.17734334993238685	0.3143017146850031	2.0
0.6171409034718219	82.60262500259739	16.266095753879313	0.28539156616137856	0.22874677389012285	2.0
0.5676687194199783	67.05627150014512	31.910958183276982	0.218496896457207	0.2466047007007159	2.0
0.38061902244983536	34.73721437200066	64.35431989972719	0.28257441584973086	0.2452722899726072	3.0
0.2867298826060071	73.29385819519865	25.957254993887396	0.2846931975097796	0.17746373079818253	2.0
0.198183225352521	23.715988469063085	75.69412922896885	0.25550501243226875	0.13619406418327254	3.0
0.912177583102559	81.70839749945914	16.68729229419082	0.40074299702815575	0.29138962621934056	2.0
0.3712923962867329	45.515753188129096	53.6592021297036	0.2234259364105943	0.23032634946998035	3.0
0.5441649912903658	34.55320907337908	63.86296959800366	0.5299089449914343	0.5097473923354493	3.0
0.2925660415931814	46.1062152264977	53.34225366925918	0.07212251659393448	0.1868425460560089	3.0
0.14095077287883787	18.609612616588432	81.00960336428331	0.08842678265217259	0.15140646359722662	3.0
0.14303280709125718	28.455264205099734	71.14213222801466	0.058442833883747644	0.20112792591060621	3.0
0.30538166769619923	53.21386192572387	46.239446530988324	0.04981784509614722	0.19149203049545496	2.0
0.18967215967356937	41.952146398169	57.56941474436499	0.058290938350721314	0.23047575944173324	3.0
0.0958047038762493	22.534050725031694	77.23963408762313	0.03606157697325273	0.09444890649567687	3.0
0.13982496071731773	36.23383763127235	63.424653726028545	0.03931760351056013	0.1623660784712195	3.0
0.1040425315551811	16.421539476887443	83.23502876922298	0.038512726141098824	0.20087649619330092	3.0
0.15103471186967857	15.530498192151118	84.15991098811507	0.03354186062401251	0.12501424724012627	3.0
0.1988288326771404	22.17391082704605	77.45432821690935	0.030389816067527213	0.1425423072999371	3.0
0.3020774379415171	45.296549702123016	54.141839022428606	0.06563746869712526	0.1938963688097363	3.0
0.07910072278069835	9.679090498812709	90.11479745428669	0.032324224547185816	0.09468709957272874	3.0
0.4626478014915119	79.97315220658237	19.312799131286233	0.08602741098940427	0.165373449650471	2.0
0.1312936186743005	15.531697590935561	84.20468799401182	0.04011719388137392	0.09220360249693663	3.0
0.05737538839873539	5.867751829601905	94.00676820393407	0.018735780188338415	0.04936879787694779	3.0
0.38985167256447206	42.04487652345059	57.17333172551658	0.06317623056604572	0.328763847902306	3.0
0.15495966503773853	25.154358409949474	74.54003192615875	0.0346848249058517	0.11596517394819161	3.0
0.0950155923747744	8.882801864206062	90.82788723850288	0.057216600263615545	0.13707870465266198	3.0
0.18184948129723924	17.87800723847522	81.7231157067522	0.06343771664622484	0.15358985682912174	3.0
0.11668454757015773	9.09324631955744	90.6893850303436	0.02362424237928433	0.07705986014952143	3.0
0.3154482870859885	32.09644856464761	67.39418586880801	0.031483680874125584	0.16243359858426998	3.0
0.15934099357664827	22.240673622222218	77.41299096977178	0.05357667467605201	0.13341773975330293	3.0
0.20283793899211594	35.56162651046589	63.99509715525924	0.03608555097395868	0.2043528443087997	3.0
0.17997024766294872	25.042627057773352	74.6117764652432	0.022766336992728602	0.14285989232777513	3.0
0.18762032834883036	28.018346025672138	71.57813167570268	0.03318569414428242	0.182716276132077	3.0
0.1547084795200785	17.26157806207269	82.47360665024564	0.020121629428576128	0.08998517873300091	3.0
0.09020497748822925	6.730858630978761	93.10141982193801	0.013491004391134471	0.06402556520385462	3.0
0.13789908208447682	22.285651285944088	77.39535866662163	0.034884035127173404	0.1462069302226065	3.0
0.12993820684574783	25.97837993355802	73.70475988895957	0.04089259083395227	0.14602937980269368	3.0
0.13961885745688896	19.009016692471096	80.69244467865352	0.028905065319112744	0.13001470609939036	3.0
0.10127332149030577	8.448068732674898	91.33745009837881	0.01587597733606275	0.09733187011992019	3.0
0.1202762993897107	7.62667717029468	92.12151315861931	0.014146291109998365	0.11738708058633229	3.0
0.295287734230269	25.814635943030478	73.32995954632692	0.10699763195766313	0.4531191444546618	3.0
0.2254655146235882	16.53657893492661	82.86827764202343	0.10150588988791158	0.26817201853847655	3.0
0.22722671609261805	17.415028570247866	81.90588380522314	0.12195062537151466	0.32991028306483405	3.0
