N1	N2	N3	R	W	anotaciones
0.005541149727890792	0.005079632576904843	0.0002179049549763136	1.3838101199235771e-05	99.98914747463904	0.0
0.007815253390989938	0.0014488924626480367	3.753539970657291e-05	1.4851094414602591e-05	99.99068346765225	0.0
0.0024775312368459945	0.0014217092914649032	8.297079217639161e-05	1.3356160558844659e-05	99.99600443251896	0.0
0.0028968290771399664	0.0026403529351662096	7.218833831771402e-05	1.0874715981728666e-05	99.9943797549334	0.0
0.001885604615687695	0.0011319901458711147	6.08268194395007e-05	1.8880426768601465e-05	99.99690269799224	0.0
0.004165828597370407	0.0025373092427504636	0.0001710594140680535	1.9707299094872597e-05	99.99310609544672	0.0
0.0027958576334948166	0.00645219246065635	0.0003178719491950284	1.0411812122280841e-05	99.99042366614455	0.0
0.010820924836853192	0.006314469912607918	0.0005528064953393306	2.8318175113027078e-05	99.98228348058008	0.0
0.026084845034822855	0.004718617081164021	0.0002655751262414839	2.912831437655302e-05	99.96890183444339	0.0
0.048035665695159796	0.015395900221126522	0.000900565370914009	0.0002373167939748835	99.93543055191881	0.0
0.08814858174661275	0.012837497332805143	0.000937664300494705	0.00046341538075649817	99.89761284123934	0.0
0.06575436434968707	0.020115482438396212	0.0006274083662907977	0.0013949280289942373	99.91210781681664	0.0
0.057542215615871924	0.016577121540477652	0.001442789657412358	0.0010938792025250276	99.9233439939837	0.0
0.02526737921862708	0.007057174138252639	0.000648538322874139	0.0007362814533991023	99.96629062686685	0.0
0.1009753455981089	0.018393595584363848	0.001205259650262645	0.0007132192739378219	99.87871257989333	0.0
0.04897033561219058	0.005039411863816898	0.00024930530528771895	0.0006579821166981245	99.945082965102	0.0
0.07912495811792594	0.013043593392997975	0.0010752220903168608	0.002514387472135099	99.90424183892664	0.0
0.6128134811207055	0.11287877185816055	0.0012278538575681158	0.0021136462661069453	99.27096624689746	0.0
0.027475707308098923	0.009403300263094555	0.0007442677551834552	0.0005493727208615368	99.96182735195276	0.0
0.10579600480831741	0.03253881118537148	0.006786447359403313	0.0016050345046408343	99.85327370214226	0.0
0.029866367506017087	0.00506656926169575	0.0005369872509290176	0.00029997423464050846	99.96423010174671	0.0
0.1664501385844406	0.02528931529612113	0.0031954290310241525	0.0035992185382563587	99.80146589855015	0.0
0.07414489790395455	0.010426836563079082	0.0009354552423686955	0.0012920780363828877	99.91320073225421	0.0
0.011653041299898909	0.005326734871854137	0.00012435844188907812	0.00018103507666898167	99.98271483030969	0.0
34.33544911139534	4.329773205502781e-05	1.4203375689616963e-06	1.3710403412748001e-06	65.66450479949468	0.0
0.0014250793864822458	0.001361591801938718	8.431952649843879e-05	9.67689243058949e-06	99.99711933239264	0.0
0.00776511467232005	0.010754263235000738	0.00021941647149653434	4.955874100704577e-05	99.98121164688017	0.0
0.001887263239875678	0.001508620769846695	7.386247274811234e-05	2.3043108664016488e-05	99.99650721040886	0.0
0.017536074130585718	0.005021395031797169	0.0004652853612002206	6.516513179322484e-05	99.97691208034463	0.0
0.008981070848683985	0.0035755281374127623	0.00013231235758000282	2.817111357866922e-05	99.98728291754276	0.0
0.00869823326520337	0.0025572957253929096	9.584848934313022e-05	2.7822936149816302e-05	99.98862079958391	0.0
0.007521241691141556	0.0025035348518171667	0.000453818023623521	2.1383234022245357e-05	99.9895000221994	0.0
0.010291568856520125	0.0021224557470180196	0.00010538660547829554	1.56097831768458e-05	99.98746497900781	0.0
0.04635482891932709	0.004989601344831657	0.00014726420971924528	3.7644789819562346e-05	99.9484706607363	0.0
0.022043779282797046	0.006142163891917422	0.00023162047083062558	8.173711650618674e-05	99.97150069923794	0.0
0.02037700901460816	0.007939203521525098	0.00016633032016558105	7.545819696956563e-05	99.97144199894674	0.0
0.024585900801088988	0.005787470744519927	0.000248259970412542	0.0001006929401101503	99.96927767554385	0.0
0.006469857844001441	0.004363172440938456	8.888511845784276e-05	0.00012117756162765036	99.98895690703498	0.0
0.050584892083374695	0.018637311940281204	0.0002609731308550315	0.0013280104981243028	99.92918881234736	0.0
0.08649971456686309	0.01619237702396678	0.0003681759435439044	0.0010879392018254938	99.8958517932638	0.0
0.1073294441177367	0.012265793895195996	0.0003626406777246805	0.0011099210839601561	99.87893220022539	0.0
0.33540483066076543	0.03487615608022607	0.00015120399524809453	0.00695207217112535	99.62261573709263	0.0
0.08376402698731247	0.031191196982500877	0.0002727226156617882	0.0018913704481846325	99.88288068296633	0.0
0.009192424391995007	0.005581977929711912	0.00017221407308834483	0.00021030986110256783	99.9848430737441	0.0
0.01476619719745837	0.0043282480062225475	0.00017945839323686239	0.000165599537636453	99.98056049686545	0.0
0.007229476297819747	0.002253034061778108	0.00010133416231930187	0.0001261313098620199	99.99029002416822	0.0
0.024168012277605434	0.009769979626849699	0.000866348321588576	0.00014083945982617074	99.96505482031414	0.0
0.043095525829841434	0.014393573507245457	0.00040188550379923973	0.00016307275488394152	99.94194594240425	0.0
0.02148978647430314	0.007414160278218962	0.00023497767706396217	0.0001251559851488679	99.97073591958527	0.0
0.017930441458056803	0.010183204672025568	0.0005870311651882469	0.0001119329205812036	99.97118738978415	0.0
0.03443240111536421	0.017670582034184572	0.000606640104109848	4.360785539375798e-05	99.94724676889093	0.0
0.029001596523154895	0.02717731318748947	0.000514941128664007	6.331637442338069e-05	99.94324283278627	0.0
0.04464364255395124	0.020402707597483073	0.0012759448850032675	7.82646666699415e-05	99.93359944029689	0.0
0.06674008560521157	0.011742408274585576	0.00047486871899887593	0.00022389720115672363	99.92081874020005	0.0
0.16651558132093838	0.038781234604662894	0.0006162927272626972	0.0008085928734322409	99.79327829847371	0.0
0.07483303637241165	0.013202026316898855	0.00060486830543405	0.0004905636744207396	99.91086950533084	0.0
0.08026052533919988	0.022305950448026628	0.000562478785998587	0.00028402672469467194	99.89658701870209	0.0
0.03367850766611132	0.014234176734029649	0.0002544392902838527	0.00016382437529284088	99.95166905193427	0.0
0.02474184074291085	0.012017889429655038	0.00022055202384596334	0.0001336977029558886	99.96288602010063	0.0
0.06928867139099412	0.0612020053558786	0.0007833195382104045	0.0006853966040280392	99.86804060711087	0.0
0.061495203463721344	0.04666595840225401	0.0004252113585046114	0.0004888446366197388	99.8909247821389	0.0
0.0610599437659312	0.03712590254082855	0.0010662296920313228	0.0002679306936888148	99.90047999330753	0.0
0.1644052767297384	0.1165159922457119	0.001420318142135939	0.0013256033653575355	99.71633280951706	0.0
0.09482289180750027	0.05541002699951656	0.001285703080184582	0.0013316246105902205	99.8471497535022	0.0
0.30258061778978085	0.14030767796429613	0.0005812758344444172	0.004244550873531114	99.55228587753794	0.0
0.16920233735634657	0.17033014201924482	0.0010146783043432591	0.002939726694066972	99.656513115626	0.0
0.1418412917438812	0.26203960215068617	0.0008789568367135852	0.001094627110180573	99.59414552215854	0.0
0.6099597134534905	0.17226951926502532	0.00012317562229670912	0.009152009748947138	99.20849558191023	0.0
0.06424144491563297	0.03453477822110233	0.0002101870237007428	0.004702607837318021	99.89631098200226	0.0
0.23149257127293854	0.0832373591212686	0.000301707375871644	0.0034697762510152827	99.6814985859789	0.0
0.6089339235518505	0.24212933374160947	0.0016035047779432072	0.00662245169217316	99.14071078623643	0.0
0.5451476207708035	0.32013647262027717	0.0008368229923361337	0.007922099679633731	99.12595698393696	0.0
0.381280176791862	0.40901815233288136	0.0011621434457196613	0.0038646886935295873	99.204674838736	0.0
0.9146798903786604	1.0040020895509993	0.0011602644750399887	0.0069369073912572314	98.07322084820404	0.0
0.4399748866213968	0.4121810954412781	0.0004038647857487736	0.0032586350843038197	99.14418151806727	0.0
0.443042124341063	0.6076770167992022	0.00032354983821633	0.005940463059406702	98.9430168459621	0.0
0.5382783371872323	0.8126748088287813	0.00021662778645087388	0.011463647469036305	98.6373665787285	0.0
1.4457613829856173	1.9710333254111656	0.0005398153507081779	0.020131830125959878	96.56253364612655	0.0
5.762767886294276	10.980075804391197	0.005395686653500348	0.05682809854633149	83.19493252411469	0.0
0.8469224303772261	0.9817633865318367	0.0014405018657427256	0.0076825953910484345	98.16219108583414	0.0
5.533723832857507	2.0584523185336017	0.0024107017135442123	0.016627394580161766	92.3887857523152	0.0
16.030317379070002	3.4725153848265133	0.003844754001692501	0.025051434883392926	80.4682710472184	0.0
33.725753692507084	10.906976217516675	0.00304019630906474	0.02940273236798747	55.33482716129918	0.0
15.837679048071513	78.69900537452459	0.48692273164840927	0.03917620746483218	4.937216638290657	2.0
8.545017719357455	90.33699773131005	0.08729694657555032	0.02243962460461481	1.0082479781523324	2.0
8.394878679107192	89.23444019788731	0.3931173944705142	0.06345625585651277	1.9141074726784686	2.0
8.863817907730958	89.92634669714315	0.3836166265594059	0.0614092618083103	0.7648095067581815	2.0
2.5617887468325513	82.15902572836723	14.558202241536414	0.06546423955931972	0.6555190437044988	2.0
5.49758802920641	93.11273478142726	0.08986164507478442	0.0660536980490763	1.2337618462424866	2.0
2.4984512931541083	95.15930803628115	1.178021634632768	0.033243015818366875	1.1309760201136196	2.0
0.7150223051948946	42.06366399932923	56.85119489651912	0.03546030062743428	0.3346584983293316	3.0
0.30318250435394173	47.4342657246629	51.77332888157047	0.014425430263834017	0.4747974591488575	3.0
0.08004724635452955	21.643798787282297	78.05447101531499	0.008519553719495072	0.2131633973287045	3.0
0.0693836035911414	15.379253860034698	84.23711049611671	0.007725723157688032	0.30652631709977085	3.0
0.03382466086757552	7.069728280432878	92.77480975319126	0.004277531141082676	0.11735977436719239	3.0
0.09642555687690589	9.413295706568467	90.18850363188224	0.007914118561338111	0.2938609861110505	3.0
0.04161679826272228	6.473849523963334	93.29675296974003	0.003229911239487052	0.18455079679445477	3.0
0.020310805088713968	4.53012276644748	95.36783315133795	0.0019365112902415876	0.0797967658356057	3.0
0.007408535579039467	0.7911130019685229	99.13608545235869	0.0009470572375256321	0.0644459528562198	3.0
0.030937207520122825	2.7784768089293843	96.97936519070446	0.0023631269292835296	0.20885766591675695	3.0
0.01868073603890831	3.2665023634069574	96.49875691127231	0.0014984084250400137	0.2145615808567993	3.0
0.016710512857999186	1.1032559549875176	98.71727485300421	0.0010736751205448663	0.16168500402971828	3.0
0.003275790108820287	0.4676792774927164	99.40693080774415	0.0008186014326855082	0.1212955232216092	3.0
0.007524050835446347	0.47938682663400384	99.32350986414887	0.0017461904680458145	0.18783306791363635	3.0
0.008490429131936959	0.3649816000712304	99.40464749124263	0.0008304837670418517	0.22104999578715778	3.0
0.0035530943034496696	0.3299333907040603	99.56966777495029	0.0005171371116765376	0.09632860293053333	3.0
0.006110486830783085	0.255848737630551	99.5713216022378	0.009407664455407902	0.1573115088454483	3.0
0.0071563441144748665	0.27967228147245066	99.64648150603907	0.0007334918698492512	0.06595637650414911	3.0
0.007527889700248218	0.28060327697713505	99.65327589623728	0.0004536113920612992	0.058139325693296884	3.0
0.004174056656762859	0.20897216341024885	99.6915782549326	0.0005388287105535935	0.09473669628983093	3.0
0.003166314685676503	0.14915486098480815	99.74929957416141	0.00046043456458252495	0.0979188156035162	3.0
0.00715298501682958	0.3101681775536577	99.5785232749054	0.0009661398852832914	0.10318942263884084	3.0
0.0026016414708846533	0.10296811299660755	99.71834439846366	0.0009681647440794158	0.17511768232476393	3.0
0.0042030664144158385	0.15140861362504782	99.78227869164246	0.0007036885108159735	0.0614059398072618	3.0
0.003951652428838823	0.14108375202049767	99.80089553658156	0.0008247221879134807	0.05324433678117809	3.0
0.005021488643058705	0.16250413932402444	99.76064228919238	0.0009189776553873616	0.07091310518516052	3.0
0.005138980075162784	0.20301090792666857	99.62930408224439	0.0011288347987576065	0.16141719495501533	3.0
0.01126900450759766	0.36198324336226556	99.53768050094335	0.001603022527409379	0.0874642286593981	3.0
0.04084347016567901	0.4506238266527065	99.34139744929674	0.004955002144697672	0.1621802517401701	3.0
0.036146310736478386	0.4924171886464491	99.33967203108894	0.005649234816213	0.12611523471195257	3.0
0.09559722746510074	3.24257912294702	96.28652110380555	0.021754948740848	0.3535475970414591	3.0
0.1530246677197391	9.010640774990259	90.18354172000127	0.11236200237849002	0.5404308349102357	3.0
0.7830571700408717	72.02303778110783	25.24256367282395	0.4794147396783822	1.4719266363489594	2.0
0.5378839579791684	29.12243647795341	68.67930015238906	0.36719742324408916	1.2931819884342692	3.0
5.645407677087199	81.88509161453494	3.2827389954109374	0.5276948209732087	8.659066891993696	2.0
33.978559699037284	41.73944125100466	0.039835264009468116	0.16318237418010184	24.078981411768478	2.0
9.463672913022064	55.461740465311706	30.882467174727058	0.20339924134266507	3.9887202055965223	2.0
12.421168384846078	40.45852510624366	46.23551624007092	0.08265171034073483	0.8021385584985968	3.0
2.066728676188106	54.61372932563373	42.430842313394784	0.06784697170902922	0.8208527130743644	2.0
1.1210445656758505	28.493902236617842	68.40562624910564	0.08070394483583392	1.89872300376484	3.0
0.9039793925732078	17.147140229836143	81.2222666903358	0.05299859472135907	0.6736150925334847	3.0
0.40742783759773193	19.957056564356783	79.13399731272392	0.015767514126471725	0.48575077119508764	3.0
0.8912899259131621	21.621356377729217	76.59797617251053	0.05767764148530608	0.8316998823617947	3.0
0.5998013112427634	11.654247966748924	86.97963387745938	0.01572415949755572	0.7505926850513848	3.0
2.223193809673019	51.27293163423102	45.18140917409465	0.055163919043596944	1.2673014629577006	2.0
0.9484828798007017	38.65616892036489	59.677514117336536	0.03316045459951995	0.684673627898349	3.0
0.06973266414174607	3.6787746864923863	96.16441571966783	0.005410729330863741	0.08166620036718351	3.0
0.058283118610213264	3.465723333556092	96.4048338007078	0.004629827150705629	0.0665299199751703	3.0
0.021178406291678734	0.8985968159300534	98.97643583524027	0.0036029638193433486	0.10018597871865169	3.0
0.01743720901548795	1.7640740590111523	98.01842614532633	0.0031765110220509348	0.19688607562499041	3.0
0.013971448812972258	0.6013776740169448	99.29475179022003	0.0011629457675696822	0.08873614118248138	3.0
0.0078030311158536975	0.3769560628818952	99.51304922048607	0.0016859122660905189	0.10050577325009116	3.0
0.012201547864797675	0.4596937748506957	99.49428186606308	0.0018880158571756072	0.0319347953642647	3.0
0.012209488232954533	0.33273301884866197	99.50781878054138	0.0015386125837190353	0.14570009979331167	3.0
0.02140549935578833	0.50975503940036	99.36485549966017	0.002216029231747256	0.10176793235194917	3.0
0.009333372031775278	0.3143505540536318	99.5962109233629	0.0013718006239305553	0.07873334992775186	3.0
0.010760753931990984	0.39406365985113906	99.53655918691365	0.0020790145049987357	0.056537384798228243	3.0
0.007826039260704253	0.30903900961045544	99.37791436822073	0.0018372742788322308	0.30338330862927754	3.0
0.011790549046395144	0.7318603336246321	99.16356884692651	0.002274071595396243	0.09050619880706354	3.0
0.023254660511778942	0.907830884923707	98.97286910291821	0.0030797433119536177	0.09296560833432704	3.0
0.007272400941618609	0.3075859339178076	99.55355595176066	0.002612650841867078	0.12897306253806182	3.0
0.009315601672405752	0.40518411506507884	99.39992403354628	0.0027624154644643323	0.18281383425179001	3.0
0.00601285992117075	0.34649727287322535	99.41114135422006	0.003863287570542327	0.2324852254149871	3.0
0.026228150400261118	0.6069352968831608	99.28926231575399	0.0023505324032334113	0.0752237045593772	3.0
0.008624117479817924	0.2845234874818834	99.57753340114104	0.0034581017829434795	0.12586089211432264	3.0
0.009928757301774133	0.3207276671444573	99.6245119701191	0.003050249919713824	0.041781355514978295	3.0
0.009404333496075681	0.2595322081679876	99.6293391336753	0.0058397769704795766	0.0958845476901806	3.0
0.014959582300387672	0.6422531316496081	99.19668455136016	0.004634956544927211	0.14146777814491646	3.0
0.023472261157496333	0.8368722629162096	99.06915270870739	0.010183017409383103	0.060319749809523114	3.0
0.008908578548226074	0.5935880174712611	99.36323789356007	0.004560212359863331	0.029705298060586235	3.0
0.007725720754329335	0.4752775130523899	99.4972722060578	0.004045229321994466	0.01567933081348996	3.0
0.004549114202327721	0.2298860263295177	99.73913412215562	0.0025851398195758093	0.023845597492951495	3.0
0.00810149283481428	0.20320646305688594	99.77253849904417	0.0019413667134807577	0.014212178350652882	3.0
0.006372734148188028	0.1802263509442199	99.7895047351692	0.0028233262210311735	0.02107285351736279	3.0
0.013614334216561146	0.3071841885998337	99.6543831461253	0.0022813421374496398	0.022536988920868892	3.0
0.013664713166060863	0.38268292944582594	99.56421128142243	0.0027283743503822592	0.036712701615288716	3.0
0.007222627216745633	0.15977409356133146	99.79448072648333	0.0064826340899222495	0.032039918648671284	3.0
0.013520311046104166	0.24666811089293644	99.63028822827094	0.03921331409712947	0.07031003569286433	3.0
0.03727806157272187	0.4213168426423007	99.34347944636168	0.07345896731626628	0.12446668210701094	3.0
0.07332367328718718	1.082505855648838	98.1762568873497	0.2960227875896114	0.3718907961246642	3.0
0.16164719322046103	7.869094994203244	89.86387585243999	1.6435624954930623	0.46181946464325646	3.0
0.171200867929596	4.831867984959159	91.64108004476215	3.0461272697463952	0.30972383260268554	3.0
2.1694788644669947	30.98887807844938	0.5649657076252307	61.592541349535125	4.684135999923286	4.0
2.658489510897885	9.633020953771194	0.015769028816797113	86.49674312644852	1.1959773800656235	4.0
7.2097055602869595	26.57366033069245	0.027239670619780672	65.3033138505296	0.886080587871213	4.0
0.998387905707402	3.6631601507200475	0.03534306895267776	95.05210414118348	0.2510047334363914	4.0
1.5514085661957133	8.34596922855405	0.018406243076916812	87.69648403292555	2.3877319292477623	4.0
2.7440288844078196	8.30917218327237	0.012037990640067251	88.16408747905116	0.7706734626285665	4.0
3.56298264757741	3.169687178945609	0.0004633963779203436	92.96709190313196	0.2997748739670957	4.0
6.018732160242908	14.015646805889057	0.03320755509534675	75.66880114267848	4.263612336094219	4.0
3.466868720418813	16.44612417193133	0.019828418751026217	78.56711839976033	1.500060289138494	4.0
10.921435885870553	10.217119533820368	0.0014033270927963125	77.35174424877003	1.5082970044462618	4.0
1.085199145432433	9.383987132258845	0.007589908913259989	89.22106607947119	0.30215773392427736	4.0
12.16277223045544	62.480382145199556	0.4558064157721011	16.59703154827109	8.304007660301812	2.0
2.6696393526158175	2.8698725729526995	0.009761357116000112	2.439045640935725	92.01168107637974	0.0
5.116564782367104	2.2245897616451464	0.0023635949438042345	0.8102037978497031	91.84627806319425	0.0
0.9190840039340796	0.8612265634912402	0.0001293105794459856	0.12558760931877727	98.09397251267646	0.0
1.313143724933289	1.0581406252470802	0.004070029044254319	0.0992918345458576	97.5253537862295	0.0
0.7630238698683406	0.9107030074161063	0.0045108892244398935	0.06858694334027196	98.25317529015084	0.0
0.5548834629213719	0.5701288413756905	0.0001408480092817137	0.028350836250458547	98.84649601144321	0.0
1.184460857889516	1.2375650846808406	0.0004477952426702243	0.057739090254329065	97.51978717193265	0.0
3.096520379071995	1.1050569215809305	0.00021948559499426385	0.16720321638783708	95.63099999736423	0.0
5.661688078575077	1.4194041017541976	0.0002837787399686091	0.23267043543996244	92.6859536054908	0.0
2.664376177922589	0.7385533537979481	0.0004218611463443536	0.13834002795653377	96.45830857917657	0.0
27.325819063904426	5.215446802385511	0.0010862010780268592	1.0858566662686433	66.37179126636339	0.0
17.757516183558508	37.58770802761606	0.004139393857824016	1.828782877747404	42.821853517220205	0.0
17.550392731908474	68.14204259178202	0.1253709340628826	8.211418152729712	5.970775589516926	2.0
12.28438229737934	82.18215577061198	0.14953762154758526	2.9815549442680567	2.4023693661930268	2.0
15.233735853325209	20.071599967597177	0.02737889406695825	3.9491748006701606	60.71811048434049	0.0
2.4946149874608086	2.186692599796059	0.00022953425825086933	0.27915575996911424	95.03930711851577	0.0
4.546113485407323	1.8882000953581606	0.0002484679681572267	0.2578819985452377	93.30755595272112	0.0
5.642376801484299	1.85683244378715	0.00020965213820294375	0.19972606197599022	92.30085504061437	0.0
2.872163695192479	1.926577344112415	0.0007633142554907175	0.06892258403433364	95.13157306240528	0.0
2.329261408961386	1.0993327908768133	0.00016934740634225369	0.03968585359132365	96.53155059916413	0.0
8.922908692983109	2.953795644577093	0.0004051517111669982	0.2082804729192107	87.91461003780942	0.0
13.553421360846329	23.7211820745173	0.0020873293464366413	0.7401459681009714	61.98316326718896	0.0
26.435727671108726	14.551663612253751	0.0009722672261610897	1.7994092248471507	57.2122272245642	0.0
13.381937333355193	12.503968837373403	0.0023706481962303327	2.8992782441182103	71.21244493695697	0.0
3.594207678465218	2.182892685794684	8.807538573310919e-05	0.3036084381163596	93.919203122238	0.0
58.066998332811316	13.554430162395212	0.001791409646901647	5.323697150582578	23.05308294456399	1.0
16.615287272871097	77.17657848602747	0.39847265828019796	3.1764500803175375	2.633211502503697	2.0
19.29469262141555	74.69305261844222	0.04784226206909907	5.263144482724238	0.7012680153488896	2.0
5.776136029294839	84.86574371822017	0.6297785309139398	8.198964821701336	0.5293768998696998	2.0
0.8332810601532776	95.06944169011534	1.4724111570196068	2.3900938305074906	0.2347722622042885	2.0
0.22452309997339875	55.93124468696576	42.398715401916306	1.3048975948805062	0.14061921626402846	2.0
0.2104465599606687	91.00935937220486	8.249662844819179	0.3862236317531033	0.14430759126218576	2.0
0.20436207840214077	59.59516324535479	39.92815073706	0.1843743772006307	0.08794956198244044	2.0
0.16608857517937614	54.70036556643545	44.9145599675287	0.09198900995582168	0.12699688090063943	2.0
0.2974417929526081	81.83374253897895	17.552553146922044	0.15864134359831933	0.15762117754808327	2.0
0.07409673561518032	37.34079352760928	62.40272850256976	0.030353725742632693	0.152027508463143	3.0
0.026957125444632513	9.054135704656312	90.87280210666458	0.008784858188577372	0.03732020504589435	3.0
0.09232036640890308	14.431249005475182	85.41365415473857	0.012309628594865361	0.05046684478245774	3.0
0.03330651263054694	8.284735737594415	91.63748073226012	0.008691055576926322	0.035785961938016586	3.0
0.1168727228203028	26.671945565903776	73.06372128920974	0.04310820917252102	0.10435221289366373	3.0
0.039314653201810226	5.647359586466925	94.28206910424369	0.012339841148399639	0.018916814939149054	3.0
0.02612256035143359	4.186036511053085	95.75315992691073	0.010721302449266952	0.02395969923547814	3.0
0.027856299794763305	4.781729645123011	95.15563615149526	0.007637244011836263	0.027140659575134996	3.0
0.018978939693386244	3.01001446770107	96.9154799039407	0.01123260102992597	0.04429408763490007	3.0
0.011528041825290923	1.4045241166066658	98.54568359969733	0.0033424350375810524	0.03492180683314421	3.0
0.018758288510704595	1.4276997400845652	98.51819104404656	0.00511584038530732	0.03023508697285168	3.0
0.01816903550999294	1.4666350024777293	98.47543350796292	0.003926875824239514	0.03583557822513663	3.0
0.03860219947203211	2.656285329572327	97.22382673017049	0.008090954794714177	0.07319478599045556	3.0
0.008031896466443488	1.065055665008029	98.89303851288186	0.00528022570559258	0.02859369993806687	3.0
0.010415728107417326	0.6489864397987417	99.31650050566229	0.003825173619341576	0.02027215281222239	3.0
0.003915998908832927	0.46175449465541846	99.51390058206823	0.0022432691113299253	0.01818565525617869	3.0
0.008346036485256192	1.143613818408936	98.77463633829467	0.0034993777950351737	0.06990442901609133	3.0
0.007415250919018397	0.32452739656052815	99.63482199105086	0.003616911358824604	0.02961845011076194	3.0
0.015759375173864495	0.48770224080952296	99.45732828911301	0.004516438180596413	0.03469365672300283	3.0
0.005295000384290699	0.29309572227470154	99.68593379556954	0.002272798883264619	0.013402682888201132	3.0
0.004956213021206274	0.3262113256472492	99.63499239742316	0.0012869832062282374	0.032553080702152855	3.0
0.005690611216042838	0.2719431343092558	99.69717692971426	0.0021325810204463696	0.023056743739977202	3.0
0.002697556293081269	0.39135164967654384	99.58138457857484	0.0014791630157060813	0.02308705243982042	3.0
0.0025033134569673672	0.1526534280312067	99.8215173445875	0.0013387051514332606	0.02198720877288897	3.0
0.005083237131545684	0.32822949495615905	99.64629967285123	0.0035519337398101226	0.01683566132125715	3.0
0.007976163515538967	0.30547844504130106	99.66753658689939	0.002289160892172756	0.016719643651599257	3.0
0.0025276175254647787	0.17253570112276306	99.81034673963838	0.0013830188161155774	0.01320692289729569	3.0
0.0037901886160986195	0.34660253767035015	99.62408192160672	0.0025771034924130746	0.022948248614425664	3.0
0.0030556905173251795	0.19351602952751865	99.78877077137724	0.001709610754782445	0.012947897823147845	3.0
0.007278871476330211	0.3104041783429932	99.65189154351897	0.0018549321439592624	0.028570474517772455	3.0
0.003188729850700278	0.19630889008648245	99.78327551400574	0.0009721062125386972	0.016254759844547564	3.0
0.002196506448404085	0.12891997604109942	99.84752282585686	0.0013584882516385125	0.02000220340199446	3.0
0.0030967362646286693	0.17405953847551386	99.80161810574718	0.0016073559311964808	0.019618263581492636	3.0
0.002803709454644306	0.20487072829585817	99.75662239984658	0.0020244770116548817	0.03367868539128048	3.0
0.007326901665395697	0.2800501957992123	99.69438056843991	0.0015646612738999682	0.016677672821569546	3.0
0.003217465168616215	0.1442430479914407	99.8122516755549	0.0020164972406254626	0.038271314044439037	3.0
0.010084653110233883	0.24232625306081518	99.71043115038322	0.003006902415845723	0.034151041029880515	3.0
0.002565685009388116	0.17698331362429964	99.79397993409165	0.0023798802663914627	0.024091187008288377	3.0
0.0026356152634400116	0.10632217153703784	99.86378827432712	0.002065143062428099	0.02518879580996791	3.0
0.004693222580727427	0.2668176302486219	99.71576227375004	0.002622960449523929	0.010103912971077121	3.0
0.0039000090365076327	0.20917251165253828	99.75408029843366	0.0024293961461528046	0.030417784731133893	3.0
0.003575506307968806	0.20179927684169383	99.78443379773975	0.0014449999046842893	0.00874641920589215	3.0
0.0018359661994299084	0.17077278750787225	99.8140625785861	0.0017853375849885456	0.01154333012160252	3.0
0.0029624959811563284	0.15801275214868188	99.82821397264492	0.0020985349655769352	0.008712244259672182	3.0
0.00302880645300556	0.21825709464885218	99.76352063968783	0.0013977185971325102	0.013795740613183541	3.0
0.002157842264905344	0.13631308498511857	99.84569674385554	0.0013094636495851579	0.01452286524485096	3.0
0.005026098533139107	0.18511463452485247	99.79500938538986	0.002208622280103016	0.012641259272028086	3.0
0.007312726622111565	0.11433349754575223	99.86305520370792	0.00194360936917913	0.013354962755028028	3.0
0.0028901219870249013	0.12409628292349795	99.85249979113378	0.0014106927171478403	0.019103111238563366	3.0
0.0027108523262687834	0.1869324695506107	99.7809594122997	0.003188395589116856	0.026208870234311288	3.0
0.005246498022587161	0.22291220401025677	99.74649896544125	0.002099522509836354	0.02324281001605519	3.0
0.007605423307689327	0.22226775127979775	99.74093953483849	0.003997066887620701	0.025190223686420026	3.0
0.005447210702670693	0.14228313668950335	99.82466458197308	0.0024101938918141366	0.02519487674295097	3.0
0.0023858758192233263	0.18274046255331106	99.79134191269691	0.0025739040023292498	0.0209578449282211	3.0
0.005009014370140688	0.27627868030112773	99.69771748057667	0.004284048008760035	0.016710776743320787	3.0
0.004985666432967074	0.24868360111282417	99.720925822108	0.002695403013129929	0.022709507333079155	3.0
0.007630779508976567	0.25065616131002766	99.72592659774382	0.0023485384092487875	0.013437923027914921	3.0
0.006227818423836574	0.2199414769915992	99.75715695182032	0.003187613238384843	0.013486139525863153	3.0
0.004898535380855749	0.20831306532480667	99.76243954602248	0.0034120296254715	0.020936823646402886	3.0
0.009328884747005658	0.25930437133417994	99.70959631028823	0.004527278926910462	0.017243154703666334	3.0
0.004442972943101302	0.1824182871310508	99.76734479779581	0.005297466010548462	0.0404964761194763	3.0
0.02455982389317962	0.3074089136599296	99.58308099191784	0.01487652101309851	0.07007374951594021	3.0
0.049273078076208295	1.4230797759476435	98.3669799671163	0.025310697576266552	0.1353564812835894	3.0
0.031966993049006145	0.680393258792481	99.225509399407	0.026503071027626994	0.03562727772387328	3.0
0.4764508045885077	2.1609398780442604	97.09386887650774	0.19972463792052608	0.0690158029389683	3.0
2.493472343160574	87.76516611461538	0.6771309660149498	5.840494072951003	3.223736503258085	2.0
4.3488171401935425	82.82739419577383	1.2129289843732418	8.039534556845473	3.5713251228138945	2.0
4.831230045899002	81.73713348490875	0.44242934321456423	11.125200916938056	1.864006209039621	2.0
3.851302841518921	82.62632688450677	1.7611323108249415	10.900658347363338	0.8605796157860555	2.0
6.427105074451951	50.127255874945476	1.364067843451226	40.329819808115126	1.751751399036226	2.0
4.242282876125307	37.917547812150154	0.5190955953393579	55.253260787268154	2.067812929117034	4.0
3.988679491995696	13.364656013202069	0.02535003297512043	80.74275069657722	1.8785637652498959	4.0
4.834022765503041	28.95574486802046	0.08254055910818621	64.97404466984672	1.153647137521592	4.0
3.6073781062610366	36.77210660957374	0.36709333650665843	57.53377689854159	1.7196450491169717	4.0
1.3473460292017048	6.917839221660123	0.024400067950180942	91.05942452972377	0.6509901514642066	4.0
6.992224108994456	27.632889451470877	0.09854669585414591	57.74515247800777	7.531187265672753	4.0
15.328367014110508	26.760291244413754	0.05830100725802502	53.991807873000454	3.8612328612172564	4.0
4.158981198555547	14.777193891936738	0.05129466360053913	79.7094818966833	1.30304834922387	4.0
1.921805461807322	3.9223169787571526	0.006961239979740903	93.42548497641974	0.7234313430360465	4.0
0.9600034416497372	1.0469992425174839	0.0013500564083236846	97.81814034715717	0.17350691226728882	4.0
4.147480075407932	7.346924407639473	0.036491916306412735	87.04032316496587	1.42878043568033	4.0
5.78844737765071	13.185976841649213	0.015262403701387905	78.74334121571168	2.266972161287	4.0
4.569353683664221	6.36311647766031	0.006996476091416556	84.52970465839003	4.530828704194026	4.0
0.4603849318241906	1.1931171008651427	0.0024611368220425066	98.23295446911794	0.11108236137068245	4.0
0.2539800136828947	1.5929287739831748	0.004552991801304988	97.90896813538092	0.23957008515171313	4.0
0.7619461211670788	2.0547840184523043	0.002866661206127395	96.83228426904225	0.3481189301322367	4.0
2.2973725927382533	2.7754955162042703	0.0028451474936637315	93.82059005351458	1.103696690049219	4.0
2.877198148590931	6.361203508520055	0.01432770731151524	87.08091577906482	3.666354856512683	4.0
3.3248093972770483	3.9032155841197445	0.004897720216508245	86.94307948872267	5.823997809664013	4.0
10.040853174968577	10.826835606958168	0.003957664279282801	74.97674325469355	4.151610299100427	4.0
8.612989862657749	8.388522663494676	0.001914363652387644	81.7908142953962	1.2057588147989664	4.0
8.236955330998805	19.293531833871327	0.008296716045862466	70.7311793972786	1.730036721805411	4.0
10.408586996276375	15.524103703419376	0.01657180730783488	11.12225561517338	62.92848187782303	0.0
9.833504405362387	6.918446000268993	0.0025901938303945693	3.208933431419646	80.03652596911857	0.0
5.527273655597289	2.3659203931799517	0.00047159509856537315	0.31215056236416683	91.79418379376003	0.0
2.228773041922371	3.4182983579666844	0.0006138712383174702	0.20114204067002883	94.1511726882026	0.0
5.55955545992047	2.290781761449217	0.0007799924781107097	0.2872448729342621	91.86163791321795	0.0
2.213750966399049	1.840045294269851	0.011097162518946876	0.10142642576870196	95.83368015104345	0.0
2.143955245886393	0.7085316110553302	0.0001375826688210022	0.0396691642393661	97.10770639615009	0.0
1.5944596217946527	0.40969766135155056	8.459503850734919e-05	0.057167974997569704	97.93859014681772	0.0
12.30377457996981	1.3554574273867288	0.00040243318971177694	0.15320835369687433	86.18715720575688	0.0
64.35418234801482	14.7712886943595	0.004497216633385035	0.49423189946150925	20.37579984153081	1.0
27.293621102920273	69.4569472711731	0.04015076108859007	0.5060182416562228	2.703262623161793	2.0
8.952722156207422	88.4602942576107	0.13979008047947336	1.3878949411190449	1.059298564583351	2.0
6.881513337103762	84.84776574568504	0.7341604477710201	6.986832977666787	0.5497274917733812	2.0
1.1199422101392176	94.79894331409555	0.11905919383082511	3.7874524898244095	0.17460279210997445	2.0
1.4085178606651123	92.65388534766171	0.36401218767221605	5.250790609652469	0.322793994348484	2.0
0.7458424385978142	94.39699985158236	0.9514997488293162	3.5665044815573914	0.339153479433085	2.0
0.3698871636646349	96.89929198352445	0.6749848489981989	1.721229111056492	0.33460689275623773	2.0
0.28259430814409664	97.90947678150745	0.8415781078660596	0.7546168975286826	0.2117339049537064	2.0
0.18501655630231492	94.60823095843348	4.819088932067066	0.25045457139101013	0.13720898180611293	2.0
0.2090158466470337	46.83362382712357	52.620195752155766	0.2424930470283625	0.09467152704527773	3.0
0.22126060550215695	96.74737377236293	2.685965731676948	0.24913648325359017	0.0962634072043829	2.0
0.2610646680806648	37.340404787529735	61.99858798038823	0.2941476184540271	0.10579494554734192	3.0
0.3558646242619888	98.67334665518608	0.5192852431866104	0.2244912662558138	0.22701221110949713	2.0
0.22562814455438532	90.65465251561396	8.6124482438549	0.2668675009957125	0.2404035949810538	2.0
0.12425127788474619	63.205961043922485	36.46034394504023	0.10042141045368538	0.1090223226988616	2.0
0.14987923801144107	68.25123931625005	31.24459318798616	0.12898597027455014	0.2253022874777894	2.0
0.8928318437337662	56.077921486955795	41.97349315808413	0.23633218881036208	0.8194213224159432	2.0
2.150444130599978	4.489538011585116	0.02652012030941106	0.024397045222849773	93.30910069228264	0.0
8.964046430331736	88.75028000195798	0.26823273396082337	0.17513730408691602	1.84230352966253	2.0
6.61507113803623	91.82951739460124	0.5929042364336066	0.07417937499404517	0.8883278559348746	2.0
5.836332415973616	80.07042792834167	13.521903166733926	0.10120588393804338	0.47013060501275356	2.0
1.1931604093294184	72.03298968365668	26.24078585840186	0.09852515552820126	0.4345388930838247	2.0
2.3092479095499696	96.83035058175457	0.22725874609923813	0.2817703264982264	0.3513724360980139	2.0
0.49423561269799204	98.46295704201759	0.7589006968827408	0.13521178184494678	0.14869486655675243	2.0
0.30375632938133695	80.4578733259479	18.881628366731512	0.25330166206467636	0.10344031587456995	2.0
2.8047999629522526	79.49469725383653	2.5354006555568205	0.43264302801003945	14.732459099644357	2.0
13.509286575355922	23.727799293081393	0.02213602220912152	0.1506270025556831	62.590151106797876	0.0
12.422551378238428	83.54797064490978	0.2202100511806443	0.262072560741693	3.5471953649294563	2.0
10.121242933522165	87.12045869896892	0.9458533886179121	0.40419600576536197	1.4082489731256373	2.0
5.821686306616565	90.42687535919812	2.759998529171118	0.31969325826764083	0.6717465467465573	2.0
2.2055839256041083	64.288136897656	32.17562543563336	0.8276205422234199	0.5030331988831215	2.0
1.473292961159095	94.60891666209847	2.359438687505173	0.34529985900308097	1.2130518302342024	2.0
0.3977029301214486	96.9188900583334	2.3601072691355562	0.1210990573254521	0.20220068508414352	2.0
0.6244398532493292	83.27573143968493	15.792579590485067	0.17021447317496272	0.13703464340573474	2.0
0.3770964395664129	91.40568700028253	7.989004865398627	0.08222553415564936	0.14598616059677366	2.0
0.09171030354789572	23.10432394589872	76.7298495025827	0.02895381617896927	0.04516243179172572	3.0
0.14251317603398164	53.16046486519471	46.52707367845569	0.042540977768979575	0.1274073025466408	2.0
0.07873214989744501	21.993561347625278	77.85367722302603	0.02006556740124461	0.05396371204999809	3.0
0.105662153771465	5.968937645417283	93.81719970904558	0.02495436933293511	0.08324612243273959	3.0
0.3330698717221818	22.240258737129174	76.55978771293366	0.026600928718080792	0.8402827494969058	3.0
0.30251917400592515	15.160388451930062	84.13811791693684	0.03130326538003939	0.36767119174713275	3.0
0.8094209711182468	64.87262782885799	33.64066261882313	0.06408893982826142	0.6131996413723758	2.0
0.5805898082806366	70.92441651592468	28.163556428179675	0.07026972932730026	0.261167518287722	2.0
0.09661164183596097	7.93712474446187	91.74432453018856	0.03890573180322427	0.18303335171038507	3.0
0.1754425662873792	12.432815418653446	86.62380180835282	0.03215308997044707	0.7357871167359006	3.0
0.48352057241059526	82.21473567909318	16.892399352961835	0.04264717661421844	0.3666972189201536	2.0
0.13564484785403555	22.667703236892432	76.94249044273732	0.018696584686378144	0.23546488782982955	3.0
0.09845110612037455	11.644153838940008	88.19890311557569	0.012615300299818073	0.04587663906411589	3.0
0.06522552361986177	7.094940532598759	92.78349405882145	0.013448733314088109	0.04289115164584509	3.0
0.10137912943441124	8.57804094368714	91.21394758860895	0.054304775557757465	0.05232756271175168	3.0
0.03676498584125065	2.9066079374815113	97.00143850878081	0.01960866155767988	0.03557990633877546	3.0
0.06698381882118529	8.86321143835476	90.91260239673932	0.020348641127005514	0.1368537049577222	3.0
0.02738135184831094	2.0190696057369966	97.9124271065635	0.011379685088747222	0.029742250762433274	3.0
0.053468731624159306	8.941351191266628	90.8847930601046	0.021026888157395802	0.09936012884723885	3.0
0.016061507448222958	2.493198967063624	97.44556934769446	0.006899892616796644	0.03827028517689487	3.0
0.02869686516052369	2.807089982036246	97.04852072165565	0.015625664536196647	0.10006676661140793	3.0
0.015276149222844123	2.165882360995117	97.76588858058315	0.007453412304914629	0.04549949689397551	3.0
0.024533343408691614	1.0349638266257162	98.90871819737733	0.014170752550882293	0.017613880037389253	3.0
0.013205875557158553	0.7815001529236735	99.13743480962356	0.013722187349052962	0.054136974546541594	3.0
0.013539363402239197	1.8903301162323891	98.050492805502	0.014248635385625716	0.0313890794777398	3.0
0.015311083198871173	0.8484055802059678	99.08284438323966	0.014529425021943173	0.03890952833353354	3.0
0.011638161235939644	0.7264435416251239	99.23559889684938	0.00682430861042682	0.01949509167912469	3.0
0.01427530726266666	0.5448380847747688	99.37482631911959	0.015488017103610854	0.05057227173936307	3.0
0.007896103498417769	0.6910365669678055	99.26734669429972	0.01321816364594736	0.020502471588107016	3.0
0.01185492198993136	0.45643318517463494	99.49404201277014	0.007657067814733514	0.030012812250581365	3.0
0.025288257693988944	0.6265375973712968	99.30221930818651	0.01715975186813625	0.02879508488005286	3.0
0.007965765071575356	1.0002298999897135	98.96823421022361	0.008026500389188644	0.015543624325906608	3.0
0.007546220675236554	1.0207943973762075	98.93813410511255	0.009108692565142233	0.024416584270840477	3.0
0.025110836957080447	1.2369325189876461	98.70669514962184	0.010054971538507748	0.02120652289491551	3.0
0.010118883821078015	1.2996969846196327	98.66105210423879	0.006767604500061738	0.02236442282044755	3.0
