N1	N2	N3	R	W	anotaciones
0.00554940231627635	0.00318623828111755	0.00040940053636942205	0.000274624960553957	99.99058033390568	0.0
0.010120625497365046	0.014648630076640834	0.0025172718464714864	0.0001472635267728891	99.97256620905274	0.0
0.0492557362872539	0.04966267012146389	0.0012795242239048788	0.0010728981419881973	99.8987291712254	0.0
0.000815160996163004	0.004266408844952156	0.0009543603131882414	2.453506174133358e-05	99.99393953478395	0.0
0.009462235029963285	0.0184900439338817	0.0017921710218776177	0.00014215972724983624	99.97011339028703	0.0
0.0039624382778584676	0.00796313907433314	0.0020928770116777984	7.098109711679246e-05	99.98591056453901	0.0
0.002010237351526114	0.012355580909384356	0.0008308295591416963	0.00017612857811243157	99.98462722360183	0.0
0.026438436211150447	0.010127448135518859	0.0007532984772988726	0.0003266737290192826	99.962354143447	0.0
0.04111590228195494	0.022342346728456516	0.001967933904289636	0.0010395408922117203	99.93353427619309	0.0
0.01711145125440705	0.007962824162393653	0.0008262687620616774	0.0018264769759734093	99.97227297884517	0.0
0.002448219427310791	0.0027537229386051885	0.00048158018292386085	0.0001498246807981024	99.99416665277036	0.0
0.04608483520046408	0.020930951179138534	0.0013664012556977247	0.001981271851339462	99.92963654051337	0.0
0.014990907820002744	0.014085063917517912	0.0024437576973530733	0.0009084283222876932	99.96757184224285	0.0
0.00353211532698164	0.0031606920910124702	0.00037979527877230623	0.00012663960208191653	99.99280075770115	0.0
0.033132598249968996	0.024900546224472454	0.0014978965383141134	0.0005179957671428101	99.9399509632201	0.0
0.001421191013487783	0.003746671443634002	0.0006568713175873996	5.5247088417504886e-05	99.99412001913687	0.0
0.024749702535019492	0.00333824150465099	0.0004795458498225575	0.00016576405284657214	99.97126674605765	0.0
0.06229444351461987	0.005968492878359425	0.0006619768337533736	0.000397655127267613	99.93067743164599	0.0
0.001480252962963497	0.004036118613863643	0.0006100389194202728	7.767256547799989e-05	99.99379591693828	0.0
0.000987725203023111	0.003275575706513074	0.00032053025029468545	4.073069953901263e-05	99.99537543814064	0.0
0.0018323314822653147	0.005513135430407348	0.0011097238264975026	0.00011739302455064432	99.99142741623629	0.0
0.0015066036370669092	0.005844313026994673	0.0016935029796830937	0.00015090423032874476	99.99080467612592	0.0
0.0022066552869437744	0.01824718861884983	0.004193136163662952	0.0003081684466947628	99.97504485148386	0.0
0.0009127744221635935	0.005091948960428747	0.0008941473945925992	0.00021952140589737095	99.99288160781691	0.0
0.001041419755513974	0.003941371414627949	0.0004621154368111698	0.00012862576467659724	99.99442646762837	0.0
0.005208752326515072	0.007283822602782754	0.0008895890673193862	0.0003173359952173707	99.98630050000816	0.0
0.0016240012862598508	0.013733388083214358	0.000667390427412913	0.00032699139724300645	99.98364822880588	0.0
0.001547210406603775	0.010529053297171076	0.0007148889763321317	0.0001698656413431829	99.98703898167854	0.0
0.006407008391154065	0.010501267328314808	0.0006447480339077918	0.0006725990026288416	99.981774377244	0.0
0.0034132589413030765	0.012527903240820582	0.0006614881022883065	0.0002566783314700606	99.98314067138413	0.0
0.0022167121502682926	0.002735584176816595	0.00043376042745617586	0.0001580532094335421	99.99445589003602	0.0
0.006270248073670274	0.008262407661618275	0.0007655493886375304	0.000372268541602574	99.98432952633448	0.0
0.0028116232557986514	0.004295260819538231	0.0003562904543797717	0.0003428175294237608	99.99219400794085	0.0
0.0008450274950365217	0.001581238124404889	0.0003222079482404639	8.034990294515494e-05	99.99717117652936	0.0
0.005029790384813252	0.004985435194739062	0.0004496001268699543	0.0003314464526728903	99.98920372784089	0.0
0.001237612063435312	0.0028058895533926527	0.00015930475853461522	0.0002987568048972388	99.99549843681974	0.0
0.005352011667122826	0.00773767070576686	0.0003614435587239566	0.0008708950871505351	99.98567797898123	0.0
0.03554283495325375	0.01614838725978697	0.0003347268661498711	0.0011183030255608821	99.94685574789524	0.0
0.01308810426068139	0.0173049186460231	0.0005737800741049307	0.0004860675083167844	99.96854712951087	0.0
0.0004819492590697891	0.004104616304541251	0.0002774640741185343	0.0002294960146540655	99.99490647434762	0.0
0.0004777546852746146	0.002279211056005726	0.00027119824974537765	3.824910046513366e-05	99.9969335869085	0.0
0.00030731329006116387	0.002312627217846187	0.00044961357478465663	3.2402912916284234e-05	99.9968980430044	0.0
0.0005427115832177641	0.0028598544464832616	0.0003681277823868718	4.869792007249654e-05	99.99618060826785	0.0
0.0004777384468023831	0.002415599545288676	0.0003849307045891614	3.260212305084983e-05	99.99668912918027	0.0
0.0006499798676256409	0.0024979019138808025	0.0004404347071782567	1.485414718712288e-05	99.99639682936413	0.0
0.0005483281153565217	0.0024040499651458874	0.0005145651064864951	2.033005094209844e-05	99.99651272676206	0.0
0.00020938298314521903	0.0028403266349240155	0.00035415497016394275	4.372904869659636e-05	99.99655240636307	0.0
0.0010862604919843664	0.0035780836219584606	0.00029849294246087353	2.94355672106209e-05	99.99500772737639	0.0
0.0010372113057593025	0.004092609897183416	0.00035265038809470387	5.388855046705044e-05	99.9944636398585	0.0
0.002274170065529442	0.0074500848441089885	0.0005689244393384257	0.00013450967731041172	99.98957231097371	0.0
0.0009008718966999781	0.0028079969305187737	0.0001331005430823781	4.9347800846244694e-05	99.99610868282886	0.0
0.004429217954504963	0.012367307201360271	0.00043653271705639186	0.0004046147101520524	99.98236232741692	0.0
0.009839940577312458	0.011672187278239224	0.00037595689056192183	0.0003617854036879521	99.97775012985018	0.0
0.002291670991701092	0.004331651285610968	0.0003189358805796577	0.0002519223079542242	99.99280581953415	0.0
0.006071513940627839	0.00638873278503978	0.00030637196560817463	0.00046119365748267945	99.98677218765125	0.0
0.015693932065292057	0.020246070026870736	0.0006981394789630787	0.0004659463502885034	99.96289591207858	0.0
0.002046128808421653	0.007388659972606855	0.0012685263648722451	6.479625713674733e-05	99.98923188859695	0.0
0.005754671615214986	0.012056828245365421	0.0012968447329048764	5.605192884511877e-05	99.98083560347767	0.0
0.0016568217078988395	0.007486648453930077	0.0010014009308793438	2.0125212107879046e-05	99.98983500369518	0.0
0.0004539176674194875	0.003314722570215611	0.0005668528978916755	7.866732194783117e-06	99.9956566401323	0.0
0.0028932055742338304	0.006431329181700255	0.0016301384575970457	1.9968587656905823e-05	99.98902535819882	0.0
0.0017200083139442231	0.0034618544415706987	0.001148856270129212	2.1884329830810432e-05	99.99364739664452	0.0
0.0013496202031984014	0.005761505812487668	0.0011201488328747061	8.371538463011479e-06	99.99176035361297	0.0
0.0008505176916449919	0.0034959911589331157	0.0008264119952924242	1.0580537576513812e-05	99.99481649861654	0.0
0.0004469324820010146	0.0027467812615017983	0.0011018910874438684	1.1153801511413395e-05	99.99569324136755	0.0
0.0009250786149519716	0.0036296558345303544	0.0021328743916814497	5.317623655132633e-06	99.99330707353518	0.0
0.0031608576689962664	0.005916299066438286	0.001065320376631564	1.0708198615150649e-05	99.98984681468932	0.0
0.0007191426999635458	0.004144851703474015	0.0035824883541569195	1.6594149862615295	98.33213853098087	0.0
0.0029561286041018364	0.011139619770719844	0.003232863990122247	6.418108518482312e-06	99.98266496952655	0.0
0.0011534089391423388	0.006658555761282301	0.0012856862866260069	1.3379377832101254e-05	99.99088896963512	0.0
0.0008312980651299695	0.007234546489622254	0.001574093802248616	9.040741345145018e-06	99.99035102090164	0.0
0.0007423305620556255	0.003924549812829241	0.0007627403500753728	8.564301100789646e-06	99.99456181497392	0.0
0.0018570092975716682	0.004016803758255228	0.0008574145891968024	4.188518462439954e-06	99.9932645838365	0.0
0.0011756690315005288	0.002785866229219765	0.001503997972723529	3.0270907195770133e-06	99.99453143967584	0.0
0.0012729552807957507	0.0023367752296373705	0.00043177105601549276	4.090106102064097e-06	99.99595440832745	0.0
0.026251143032708753	0.012363103908661913	0.00029736449541934877	5.45664353268953e-05	99.96103382212787	0.0
0.029307831823683062	0.01910365060413273	0.0003201184588657102	0.00010132012054326673	99.95116707899278	0.0
0.005379221481872321	0.007994984339985375	0.00041699684160356683	1.7046804945517402e-05	99.98619175053159	0.0
0.0014630949792861225	0.003178110283528897	0.00023848428109444664	7.901442722288942e-06	99.99511240901336	0.0
0.011592214644750113	0.017254191368413378	0.0016289864540020747	5.242022506553915e-05	99.96947218730779	0.0
0.013898394670811571	0.03502623310702435	0.0016295069906244913	0.00012148725072404565	99.94932437798082	0.0
0.0031961281451395253	0.012952979874012567	0.0015461081550934871	6.937663906483276e-05	99.98223540718668	0.0
0.0026583461081676604	0.00913634721756204	0.001166698521854215	4.454630216177939e-05	99.98699406185025	0.0
0.0019277328865088654	0.0066739355134335975	0.0018202266569802435	1.0087217146202219e-05	99.98956801772594	0.0
0.0009232194873355406	0.003334169507879016	0.000914294746875701	3.547103253120599e-06	99.99482476915466	0.0
0.0006238535681455917	0.0038227373698679207	0.0015025793812583111	9.890678707353418e-06	99.99404093900202	0.0
0.02858933996216741	0.07002163365598434	0.005010349603368179	0.00011409729493472629	99.89626457948356	0.0
0.00664336974223209	0.006468121319793755	0.0001658912721071141	0.0001055213468205133	99.98661709631904	0.0
0.07088802802657794	0.034113011787530685	0.00041925216455411876	0.00013254535354518765	99.89444716266777	0.0
0.026190752093271555	0.020084001296352804	0.0316693035777465	0.0003616286097504968	99.9216943144229	0.0
0.004428615614627261	0.008672938439845226	0.0010753641789474008	9.955939258980344e-05	99.98572352237399	0.0
0.017021852726909748	0.021303015244095693	0.002370155633596899	0.00022145391538260653	99.95908352248001	0.0
0.014479195040734322	0.014788185159159665	0.0013431715406929787	5.5440826633691386e-05	99.96933400743279	0.0
0.10142025881505065	0.06787702832146705	0.000745136512878213	0.00023841611775321316	99.82971916023287	0.0
0.09743684768863195	0.035691886554673424	0.0003627573649459355	0.0006071466231489276	99.8659013617686	0.0
0.3098567336914387	0.0728255598508155	0.0003051732380363166	0.0014759862787284263	99.61553654694097	0.0
0.3537678167588453	0.24377452150928977	0.00041029263883560663	0.001531991751164742	99.40051537734186	0.0
0.3485747187159022	0.11698293693442159	0.00031119011878218627	0.0009550021152153608	99.53317615211569	0.0
3.096191978244466	0.30485082522146345	0.0003831649456729541	0.002928434852223435	96.59564559673618	0.0
13.5057266888228	0.797762675771527	0.0005071965892830615	0.003260132592075439	85.6927433062243	0.0
14.878310201727821	1.3414698593964853	0.0008783391289367523	0.00500091012725015	83.7743406896195	0.0
69.27783556018807	8.784902305931555	0.0054852174396074664	0.036613855463035604	21.895163060977733	1.0
53.42146099507988	37.5796584818497	0.012282796402230692	0.08821935619816969	8.898378370470034	1.0
41.25999950733192	36.04144215241726	0.029601322352951376	0.26544377559375654	22.403513242304115	1.0
29.372281313774916	13.599954545248494	0.007793791725471062	0.12755772790247885	56.89241262134864	0.0
44.837069939438095	20.897353828034372	0.00873391935250334	0.20120380648615258	34.05563850668887	1.0
63.588696842520356	26.163782832670424	0.007410042085580634	0.09092742450657104	10.149182858217067	1.0
47.91619840853512	9.794687750405592	0.0022672587928966132	0.05950932804481871	42.227337254221574	1.0
2.259976545933162	0.9031634909079662	0.0003200620681476147	0.013092938687377412	96.82344696240335	0.0
1.9686473540276337	0.32586789202189664	0.0005761982935465556	0.0068116018612563245	97.69809695379567	0.0
21.7547292584842	1.7016888870169153	0.002545988590320822	0.0373562985302004	76.50367956737836	0.0
3.0916786825396736	0.7745549557992175	0.0010061050286898257	0.013468535489724934	96.11929172114269	0.0
12.286718735896313	0.309277244782513	0.00031201271209368363	0.0075232279523242	87.39616877865676	0.0
35.83495035735429	1.7972034094115168	0.001878872438159657	0.010699242717503105	62.35526811807852	0.0
66.69876928755552	16.35095937488005	0.004669055805131407	0.029593510942023595	16.91600877081728	1.0
73.19542975448255	9.55062580812477	0.003551389270265151	0.01278478790803731	17.23760826021439	1.0
53.19788404765774	34.98627205531425	0.012225237646018976	0.011474496726434127	11.79214416265555	1.0
59.591610400433616	35.610369625520185	0.012713713146760933	0.017260067913216805	4.76804619298622	1.0
26.34106002546633	70.85995437981121	0.11302495050646137	0.03254132780289294	2.6534193164131223	2.0
50.939600159702955	43.95434528751756	0.026531381744275447	0.06383366151225342	5.015689509522952	1.0
4.246708379209392	93.60645656885615	0.42050446820952386	0.014480316540768689	1.71185026718417	2.0
2.7776003406752374	94.88565668761288	1.053482389076134	0.02615874481507538	1.2571018378206682	2.0
5.736326599573731	59.73299812718885	0.26041278684460434	0.03270699957857271	34.23755548681423	2.0
14.52376631407922	82.08161344214479	0.3064078459334456	0.02623059766997267	3.061981800172557	2.0
2.821340096228279	95.71286368740866	0.5731275350676096	0.008169769365137226	0.884498911930298	2.0
0.6898416399103772	97.82172034139649	1.0166637236211744	0.0067847461637488915	0.4649895489082308	2.0
2.6335721456318106	95.40801509458488	0.47797534217050314	0.04342082091507144	1.4370165966977064	2.0
0.6839200088322199	97.65961523775896	1.0230789904690383	0.027326632656437536	0.6060591302833528	2.0
1.5283156064504022	96.95325101579343	0.6478313725331906	0.04827733905594054	0.8223246661670286	2.0
0.8890360483990895	97.33437757713229	1.0512565911626728	0.04223158987267086	0.6830981934332521	2.0
0.7878752852263905	98.14396708466919	0.6242529812125782	0.04731477848293218	0.3965898704088887	2.0
0.9671571117562625	97.422762372069	0.8276544802387036	0.0716101018012585	0.710815934134773	2.0
0.2907197499072676	98.91970326925265	0.4828698157897183	0.03326173126595885	0.27344543378437747	2.0
0.8437797407069063	97.86334357981497	0.4554560411273013	0.13982365769857566	0.6975969806522627	2.0
0.4165232874981827	97.43950170058251	1.6297468038543994	0.04658285095309304	0.4676453571118085	2.0
0.7468323281136234	97.0916252822459	1.56898356022956	0.07558400516951412	0.5169748242414014	2.0
0.22754661008326993	97.75660167420726	1.647670012797103	0.032966094338881695	0.3352156085734812	2.0
0.20897596371234245	97.64176894671019	1.763232832112905	0.03780904739032285	0.34821321007426126	2.0
0.2856095923124289	97.16737749084578	2.1771063746178774	0.033027270197753526	0.3368792720261416	2.0
0.19708344477513512	87.82481803401664	11.67354036336289	0.025311680093925225	0.2792464777514208	2.0
0.39408071761329844	94.75743774158715	4.3615287687067505	0.03527312863386898	0.4516796434589369	2.0
0.2519353250883513	90.99375579445261	8.2950564432848	0.05300540691971824	0.40624703025448317	2.0
0.2881346493271233	92.19619035033355	7.129052971256375	0.04157471321470323	0.34504731586825	2.0
0.7133616586657233	95.5901397811831	3.1011582543730953	0.07417515325057629	0.5211651525275012	2.0
0.327378258970991	72.76655760268878	26.460290809963844	0.04514303018799645	0.40063029818839907	2.0
0.33072901007570105	94.08281977706413	5.042111583231349	0.06351465804753045	0.4808249715813107	2.0
0.322932126618377	90.4924768895183	8.689782991405506	0.049843154372064005	0.4449648380857519	2.0
3.826239438426171	74.73215932790322	18.16411325351048	0.05948125794623864	3.218006722213899	2.0
18.376919284834877	77.99758709246609	0.8580693766227718	0.22901082419744542	2.538413421878813	2.0
4.5815831098733915	92.97970662596387	0.6575291331187103	0.07909699350030487	1.702084137543717	2.0
4.558187293716803	90.05081790610592	4.856567069571559	0.040434987781572215	0.49399274282414174	2.0
1.1105878784698466	93.71451527578026	4.6718862594617026	0.0319850354906868	0.4710255507975038	2.0
1.9632482385858068	91.89998406057714	5.3575822437560765	0.11913362567197322	0.6600518314090097	2.0
0.8258285608753133	92.3261134639066	6.053987475333188	0.10546467444079664	0.6886058254441054	2.0
0.24043959766609627	25.68302828985337	73.85151885882827	0.03635443232822817	0.18865882132402523	3.0
0.45034067659904226	90.25049142437868	8.8083302462428	0.09566367662873179	0.3951739761507353	2.0
0.7531805260613431	82.18578322553314	16.575728980774	0.04240789617287724	0.4428993714586498	2.0
0.9645825468881793	87.85241330185089	10.452843680352958	0.07649017923067963	0.6536702916772973	2.0
0.6719254634427406	88.31719652939617	10.365308028312404	0.05650017283444122	0.5890698060142527	2.0
0.090536560380279	13.428950993820497	86.36045066879146	0.011051913869258004	0.10900986313851255	3.0
0.11546345241154243	15.092021902636318	84.563698664521	0.021202016498965453	0.20761396393217368	3.0
0.1887460528331846	53.914391389792215	45.33700269244511	0.026137991128317245	0.5337218738011841	2.0
0.07193007169655569	17.328714336500106	82.4318020030468	0.012692682582659438	0.15486090617387624	3.0
0.11300778932550372	21.18900160527837	78.4645385715393	0.018188029043287396	0.2152640048135305	3.0
0.10062164152476978	15.07284821111038	84.67994196396835	0.01630538628292144	0.13028279711358678	3.0
0.3015577165103699	65.20894418186006	34.156773256214265	0.03282409953749914	0.29990074587778814	2.0
0.13893790498049505	43.00761494553174	56.55256133578725	0.020529006733429816	0.28035680696707727	3.0
0.019287441469264956	2.3475142101356483	97.57293355625755	0.006184443472910955	0.0540803486646449	3.0
0.0898249497095865	20.708686760462918	78.92905815809019	0.032458079474595024	0.23997205226272594	3.0
0.10226263784804941	38.59083184492717	61.045382596558795	0.023609194243773602	0.2379137264221994	3.0
0.051147673356566226	8.69919920130145	91.08297193311493	0.015726786359903152	0.1509544058671537	3.0
0.04734510188949497	4.001560507082346	95.8449130277607	0.005178909735041639	0.10100245353240728	3.0
0.01900417317676994	2.9690595773229775	96.95826512399249	0.005897614494609084	0.04777351101316309	3.0
0.14488858409985675	30.267891046217272	69.08361057266661	0.02477259397868425	0.47883720303756655	3.0
0.021601878397923203	3.5434903473578006	96.36660012510544	0.007010750631559889	0.06129689850728268	3.0
0.025786762605024275	3.5167779444654657	96.37206885073695	0.00611079440804141	0.0792556477845265	3.0
0.0736815208806596	13.832973070890317	85.77490095235973	0.013308367112298452	0.3051360887569959	3.0
0.0125064726666112	1.3253715744529193	98.54084729046373	0.0069355550939083094	0.11433910732284217	3.0
0.1421803666710501	46.583115747818496	52.956319858561265	0.026493350006487955	0.29189067694268755	3.0
0.05004903062612016	9.942958235501807	89.81288078910723	0.009372804440975385	0.184739140323875	3.0
0.05489508342242205	10.435696416291428	89.3509801890365	0.008800023814259778	0.14962828743535161	3.0
0.09046220858832996	17.760879224507352	81.9396418153738	0.012314607590525911	0.1967021439399829	3.0
0.025348637212269695	5.755461323881723	94.09680484647137	0.0036058235409823476	0.11877936889366375	3.0
0.026313070600508696	4.778672548156597	95.06350800177525	0.004261401288088662	0.12724497817957287	3.0
0.02405789831882459	2.4925808390578807	97.40079210858718	0.001853021995365296	0.08071613204074332	3.0
0.02026799188298945	2.3911225022225433	97.48547344271483	0.001654704841795735	0.10148135833781839	3.0
0.40690941340655745	79.22341094518389	19.599045810513296	0.011399700071114008	0.7592341308251205	2.0
0.06630847013028725	29.212783068128985	70.36532204006278	0.004926735360495449	0.3506596863174502	3.0
0.44987641151422364	76.63597049612692	22.26739428068287	0.019333589431613278	0.6274252222443698	2.0
1.0469689173223566	84.80294091848955	13.281469481750966	0.027569314361293354	0.8410513680758156	2.0
0.34750728133560604	64.28203986262446	34.8909455000855	0.012728279085884843	0.46677907686855913	2.0
0.25683762234461655	52.84303853299477	46.56551865030627	0.014451170307150225	0.3201540240471902	2.0
0.09264898148427429	17.14414781785585	82.49815831837056	0.008387100645840369	0.25665778164346353	3.0
0.04158825934506606	7.4514876826534975	92.40976281516889	0.005649814862942583	0.09151142796962185	3.0
0.27457737107364216	79.15852880051318	19.987924674309866	0.0208140393807511	0.5581551147225537	2.0
0.1316861934876247	25.815348950435173	73.62032417109819	0.010612694253150498	0.42202799072585245	3.0
0.04923089028823678	4.899272647941781	94.93547866719624	0.007665910295711805	0.10835188427805971	3.0
0.3106003131170221	32.15684110487794	67.02566853136801	0.038776818533073555	0.46811323210396005	3.0
0.06691287982882003	17.238519945600533	82.454696685718	0.02318430286720078	0.21668618598544792	3.0
0.10512121340272396	8.532134553214481	91.01577910429829	0.0737831808378404	0.27318194824664027	3.0
0.5938294179054735	36.34816698614344	61.95316651548968	0.21320430435299398	0.8916327761083966	3.0
0.2615720602450457	13.249282956579208	85.70335596540404	0.2189896750675025	0.5667993427041959	3.0
12.825588344533777	81.71295044824465	0.4244467344605153	3.1685279077156214	1.8684865650454094	2.0
0.7770146106758349	88.21459194118523	4.198923586710529	3.737358579990145	3.0721112814382625	2.0
1.770851342627105	83.63167012480515	2.141876010002815	10.016759861478562	2.438842661086386	2.0
6.5521207596799025	53.044615607907396	2.7312560562116825	20.345900804932572	17.32610677126845	2.0
12.57482011506993	16.782814795048157	0.021509655023679086	10.956586625970413	59.66426880888782	0.0
21.446889820772398	41.58501739359997	0.025209300590977955	32.346333201012705	4.596550284023946	2.0
38.73824080581161	31.950035625182586	0.042621306683768574	5.308259989637396	23.960842272684626	1.0
27.05128521495786	58.07926009122082	0.056727993899688474	11.715929085976985	3.096797613944655	2.0
13.279648641212841	70.84066944511711	0.9396764601003125	11.92383668269385	3.016168770875905	2.0
23.422675872698253	53.88084916914775	0.03880052360226361	15.54772497620312	7.109949458348614	2.0
15.603373659324532	15.682958580633551	0.03899524096903749	2.085682726153014	66.58898979291988	0.0
38.84650669886085	37.905377356286415	0.020509250001032955	15.642346070797656	7.585260624054073	1.0
37.24253196767802	40.39608880953605	0.04707323788806524	17.630931577341023	4.683374407556843	2.0
14.137431328656048	75.40361520338153	0.20624485757232752	8.854470127000393	1.3982384833897008	2.0
13.380325279607074	62.71615126874289	0.03868982381678019	22.725524602688363	1.1393090251448807	2.0
26.068126339643122	31.03362313611777	0.0363458106477565	30.386027044072232	12.47587766951911	2.0
18.695043253013957	20.69381461145321	0.010658067786872593	47.67654150334532	12.923942564400646	4.0
31.610967941697098	14.616857970081988	0.024135021209346134	21.974613259297637	31.77342580771394	0.0
20.1120492209532	6.940666256910506	0.0031446606590875203	70.9309985960692	2.0131412654080227	4.0
16.40807354911969	2.5619627599674564	0.005085895776129503	0.7563530953718193	80.26852469976491	0.0
64.1773532152177	15.83202519705138	0.012305061711468043	6.075954275516017	13.902362250503447	1.0
41.46126224849385	6.5146930750158605	0.03018702610305732	1.0129614988362623	50.98089615155096	0.0
69.30046069114312	6.45549510297195	0.0030434136489058006	19.61446219012146	4.626538602114558	1.0
44.58266449192332	16.354720108914517	0.009824392368901588	26.41833589569138	12.634455111101882	1.0
13.905522148260857	2.5002796879609934	0.0024493118284662227	0.8522882224595889	82.7394606294901	0.0
38.47404023510095	22.226695007487955	0.008384176316688802	37.63718149571167	1.6536990853827256	1.0
36.17327828867075	22.81792408012463	0.042488865727657095	9.964449269374592	31.001859496102362	1.0
30.875724066278153	45.652253481379844	0.04729730983131211	14.159565237126785	9.265159905383907	2.0
7.50065376333022	67.97028553742477	0.052965544194393956	23.442223244270348	1.0338719107802528	2.0
3.004279431240095	80.29474437925847	0.17348034119706762	15.410664774326419	1.1168310739779415	2.0
1.1550860601219968	90.04726730220462	0.33821502427873595	7.686944942244013	0.7724866711506325	2.0
2.1155929406833875	60.8179286750375	0.14357396922578372	36.016380175517796	0.9065242395355284	2.0
15.556324953499438	16.11169447615673	0.006760551435275126	6.356141579358862	61.9690784395497	0.0
7.876594478243532	58.56130825146572	0.00997214749957289	32.23435109619277	1.3177740265984146	2.0
13.056960331136732	49.578450261931586	0.013508152723726673	34.81597913546669	2.5351021187412717	2.0
3.8955963112101135	13.531040381731446	0.013483851310759068	1.5692815482336013	80.99059790751407	0.0
4.6308724740728255	3.3242056659036003	0.0052084645586632184	1.3448068315162511	90.69490656394866	0.0
10.353864352240304	5.857588466702531	0.0014050240476616586	2.202535167462478	81.58460698954704	0.0
42.19623984143147	11.284484523883503	0.005417524677443469	1.8020406823543715	44.71181742765323	0.0
17.582779858073007	4.906646366208749	0.00243229290348735	1.3864914716105676	76.1216500112042	0.0
8.122596767895978	5.4948699601232835	0.006363051325688434	0.5561506905127642	85.82001953014229	0.0
3.280788874082796	7.893171741377309	0.015111254999335997	0.14332910663708462	88.66759902290346	0.0
2.2100744491936606	4.036681858725678	0.005980756961423535	0.04591759068536888	93.70134534443388	0.0
2.4346384470286484	0.5448354272272535	0.00048278223773014087	0.02743466072943842	96.99260868277693	0.0
22.017314355467	3.6167391567316964	0.005183717037015885	0.23490915512880978	74.12585361563548	0.0
40.35857682878763	11.378507310806	0.01195796235501253	0.8246863828670604	47.42627151518429	0.0
2.9614326156383526	0.7323654558328062	0.0016928543785484334	0.04930468110111435	96.25520439304918	0.0
47.98051302366825	5.662396234509013	0.00813719629910226	0.41669349866759514	45.93226004685603	1.0
35.055872125817395	60.42288030342572	0.05445000996506181	0.9340136343567578	3.532783926435066	2.0
19.804518364863277	75.42794212888775	0.04522078848850025	0.9570596761884339	3.765259041572037	2.0
13.63974645810494	84.71487071929454	0.03513738790672354	0.7138986477363495	0.8963467869574547	2.0
6.030070641749894	91.593176078024	0.162199146877138	1.1191839449867742	1.0953701883621787	2.0
2.347025009800018	96.06227439623552	0.14133331835841986	0.7971109793301888	0.6522562962758305	2.0
1.3004962966126448	98.02722268989355	0.06458310500003805	0.23634147004685113	0.37135643844693367	2.0
4.873510995816492	93.06465779626915	0.07784383779924785	0.7004143945500656	1.2835729755650371	2.0
3.5755167601794846	94.8864271699542	0.04350373524215492	0.6930627354965495	0.8014895991275962	2.0
4.829654515229619	92.41492359608945	0.1790931456675225	0.9217226416140742	1.6546061013993232	2.0
2.7978121745340987	95.10544678181442	0.21759480660477423	0.630680145677388	1.2484660913693124	2.0
6.971575204334729	84.89884495695952	0.6739727796292412	0.6535981915915532	6.802008867484963	2.0
3.617112656855122	6.011267708041362	0.04301366377046906	0.24188884377796924	90.08671712755508	0.0
9.702138090768313	9.178581515151349	0.0513841124306152	0.15507814637571266	80.912818135274	0.0
34.73115513298885	36.92754070522458	0.07238743874429113	0.26073882832454753	28.008177894717722	2.0
54.28154221623054	23.50450489754198	0.04283623442840842	0.4817310820780356	21.689385569721036	1.0
23.02244509788765	12.878222527508676	0.01864999566191207	0.16904845032129562	63.91163392862046	0.0
16.09334331287742	11.395704588059091	0.04533038750595648	0.1923362389403045	72.27328547261723	0.0
43.68992599610129	12.934861168128869	0.020492851751591924	0.5009393287317272	42.85378065528651	1.0
39.50729268962752	56.50972336122445	0.05911799757829335	0.764915595654291	3.1589503559154597	2.0
19.70857350708039	75.94919159585515	0.07637672490103192	2.356786946928514	1.9090712252349187	2.0
23.213620329394107	71.89794239287811	0.11821870800457682	2.4794142332612714	2.290804336461933	2.0
2.058627430292417	96.68401209874246	0.18059686784611173	0.521145071717685	0.5556185314013478	2.0
4.397884101118104	91.81173821870287	0.27537274203222323	1.8754143139124366	1.6395906242343643	2.0
6.0133843412581145	79.43439849947853	6.137852162252407	0.882030589260439	7.532334407750511	2.0
8.561637020608275	83.0568309217169	0.3062306050986044	1.0521388584090374	7.023162594167186	2.0
13.094054551962628	20.97172094315023	0.21125856499195367	0.19209006594022984	65.53087587395497	0.0
37.14089458557839	50.027051530205746	0.06295387043037874	0.3485939580682584	12.420506055717235	2.0
58.04376783679551	39.85318503076465	0.04275691784827304	0.16811735008324952	1.8921728645083247	1.0
28.727032576987305	67.86873622419742	0.10077818512652939	0.1566806369383136	3.146772376750442	2.0
7.121902213752601	84.76225848819287	0.5095918514149498	0.09364494903898479	7.512602497600593	2.0
2.285295482507833	96.0713864111371	0.7730909157364829	0.09676313459648711	0.7734640560221214	2.0
2.709913651765401	96.47915822424463	0.06153989942731592	0.09508473724419833	0.6543034873184604	2.0
1.60965363781682	97.6536647453027	0.2105130688901307	0.05533781919030139	0.4708307288000609	2.0
1.7557056669763829	97.51100825481852	0.12393368782462526	0.07079930364544737	0.538553086735022	2.0
0.8032707116919535	98.56422528915452	0.2079144337547548	0.06841757414523998	0.3561719912535386	2.0
0.6932204265250154	97.66779880811731	0.96470962083687	0.08225786836707645	0.5920132761537229	2.0
0.45848801009855406	98.38193438945396	0.7614757822687949	0.055341651823004705	0.3427601663556799	2.0
0.49237532029694037	98.6260636258201	0.28616921983925303	0.059691184093034866	0.5357006499506799	2.0
0.4593325981405839	95.92467293682012	2.826519104263781	0.06800061597625676	0.7214747447992843	2.0
1.107636467970793	97.60935347689217	0.35896153707478307	0.08426605806795905	0.8397824599943099	2.0
0.33774091770786346	96.8847729869057	2.123627024527235	0.06200350217213978	0.5918555686870641	2.0
0.19302240563304005	79.18161426632656	19.455513594980655	0.03031071758470364	1.1395390154750318	2.0
0.6979147564974102	97.66319838676635	0.614190066896396	0.054241667121136296	0.9704551227187247	2.0
0.5310135100636443	88.28937384489774	10.307459672167875	0.06491390336263927	0.8072390695081003	2.0
0.45180363926429656	93.36295954089744	5.536972617766215	0.04326278986064397	0.6050014122114129	2.0
0.3443416846655002	79.2345750407855	19.89344549084174	0.038057722144484545	0.48958006156277145	2.0
0.7480774086751991	97.90338662780546	0.46505335396194913	0.07923833162822883	0.8042442779291444	2.0
0.8050091082732672	93.32416067600596	5.134220670004318	0.09034732568328205	0.6462622200331505	2.0
0.33320369562586133	84.38768112898899	14.616082349549437	0.07541419860862904	0.587618627227092	2.0
0.5752380816139311	95.94740459006799	2.5638730565757393	0.14132806886228585	0.7721562028800507	2.0
0.7346459365785306	96.13898619903107	2.307100680377235	0.0940103982267938	0.7252567857863733	2.0
0.6643729021273967	85.20619362254914	13.023739442902219	0.1577573058612675	0.9479367265599737	2.0
0.6874881064550663	97.42221979909583	1.169465714797299	0.17362761171303676	0.5471987679387624	2.0
0.2905623708992204	63.20213960194969	35.73696249959329	0.04331750348693485	0.7270180240708576	2.0
1.1135143339991525	94.67033148635645	3.2180742375262987	0.08729914230724123	0.9107807998108637	2.0
0.4765365391483856	54.63995558605048	43.761934399380344	0.07174408019775609	1.0498293952230247	2.0
1.7653602262700747	95.51781507832956	1.599585551536184	0.08396412849527551	1.033275015368935	2.0
0.3997465560967749	52.7492073932727	46.44796572251089	0.03985512011840324	0.3632252080012179	2.0
0.11384182479951259	10.514283371512816	89.18163421895837	0.013765254082120584	0.17647533064718893	3.0
0.23911641682006815	15.989980744366832	83.45250292609194	0.04354399115708103	0.2748559215640748	3.0
0.9052649096131389	94.0544251671375	4.115184388001328	0.17925519891256658	0.7458703363354703	2.0
0.4073934925743375	17.92414021640117	81.17029170138368	0.1060320783080734	0.3921425113327494	3.0
0.39894728013284236	16.839293619437868	81.9480072907949	0.13418406179931663	0.6795677478350838	3.0
1.032267798608418	27.612573792205147	69.16278943467987	0.831986977449411	1.3603819970571427	3.0
2.652235256104827	89.21069872730658	1.0594594199105904	2.2653197513661585	4.812286845311842	2.0
2.0224073240398615	90.351239845699	1.091446438755584	2.437738284299659	4.0971681072059045	2.0
2.081688588714385	83.185669764718	5.050351539761003	6.742257028261846	2.940033078544745	2.0
7.940410789014969	49.557291524288615	0.533474002335521	16.558585271907685	25.41023841245323	2.0
14.437517155410784	34.66822712704589	0.02437165293337283	40.83999699957171	10.029887065038245	4.0
12.495020106132234	6.9921994103678635	0.009584305676278495	9.010601249131177	71.49259492869245	0.0
15.259148246419707	3.770407886086992	0.003344204004988295	5.9470450141503095	75.02005464933801	0.0
7.78056143268187	3.030827285732227	0.0018305313658352328	15.661226757507354	73.52555399271272	0.0
33.803947487479	21.797156852327962	0.009126166978886775	13.391052665253463	30.99871682796068	1.0
17.150677339397845	14.469169788460132	0.0031120318495026643	37.29073621134285	31.086304628949655	4.0
13.434068283414605	13.499686151145337	0.0029023797611654866	62.678864026034645	10.38447915964425	4.0
10.559864372056042	13.573065820188674	0.0011079490576677083	69.46742070901443	6.398541149683192	4.0
5.514362741060346	4.882815851323352	0.00025266890649502596	88.38714662912768	1.2154221095821152	4.0
5.35273405632832	12.355470305864694	0.0002780451535293104	80.10272143962457	2.1887961530288726	4.0
1.173085054569055	1.8760034472655391	0.0002539094466194174	96.17021930171555	0.7804382870032229	4.0
1.291226739416845	1.6236432851091072	0.0003785361540579775	96.69520856127617	0.3895428780438029	4.0
0.605668795540579	0.6634018141254701	0.0002587533823194366	98.27820478181458	0.45246585513705023	4.0
1.5767673519695526	0.602858171299868	0.00013740758816181012	96.53462777116783	1.2856092979745826	4.0
1.1979007649909537	1.0020721669190542	2.1656493602835276e-05	97.35264639183993	0.44735901975646214	4.0
0.604702241833635	0.8205771066283843	2.3823040822181626e-05	98.47268447844404	0.10201235005311499	4.0
0.8623763850925213	0.9888583779786414	7.933129433421475e-05	97.96817118871233	0.18051471692219548	4.0
0.4066808158862163	0.22628962381875597	6.821139943738127e-05	99.29090955120544	0.07605179769013277	4.0
2.142534423436298	2.125541502499756	9.771601353245528e-05	94.88574709779414	0.8460792602562841	4.0
5.242973876306265	4.2082780432080416	9.776613120819826e-05	90.12222180657604	0.4264285077784577	4.0
3.2064781106948668	1.0585434647970995	8.176821255682938e-05	94.585083056967	1.1498135993284855	4.0
8.83840022375234	4.1242638911440395	0.00101079498205007	82.57496290879857	4.4613621813230235	4.0
13.470275828722848	3.5504998776874843	0.007205879109182312	47.91056727507586	35.061451139404625	4.0
28.125394359217182	8.55535721501094	0.0003626519206182046	59.503940769066396	3.8149450047848568	4.0
30.680448611992812	7.539648422500009	0.0001553320020192115	59.159424938776404	2.620322694728763	4.0
30.478781441120717	5.138711755454135	0.0006475332861449864	50.46829122775064	13.913568042388372	4.0
18.606833757522118	2.1264016384870126	0.0004154735579688846	56.3716693150408	22.894679815392106	4.0
24.27762356985124	5.749845188381853	0.00022853158537957348	68.22211401682044	1.7501886933610704	4.0
22.610755910326592	3.866274643340225	0.00016746062383098323	72.52464532767094	0.9981566580384068	4.0
20.239555850047694	7.857074910213177	0.013819561123766725	60.24206412172558	11.647485556889773	4.0
22.58639534189695	4.047162225283558	0.0002926411181765167	72.52076535282295	0.8453844388783622	4.0
11.028632710475852	6.130147001400177	0.0005787816281236125	81.55986653033743	1.2807749761584004	4.0
17.40293240112714	6.210374221100078	0.00020924397169761553	72.96257637485206	3.4239077589490177	4.0
14.9246801466557	13.996555179789949	0.00031629598508505977	67.19451065195226	3.883937725616994	4.0
6.192327200525552	4.96806456019307	0.0002616398438878641	88.116646794726	0.7226998047115001	4.0
14.00775748228559	4.031259802729967	0.00011561074466534962	80.19208283933187	1.768784264907909	4.0
11.172062161928254	11.925511024153328	0.0006961368358685683	74.29560906929152	2.6061216077910356	4.0
11.736294164752428	18.78159625840708	0.0020401036140832774	65.09852098825394	4.381548484972474	4.0
7.011826331099122	15.880617627762136	0.0030246926077790925	63.87860729844677	13.225924050084203	4.0
11.998144559619082	21.563709754344682	0.0017286273305528578	64.2272524755096	2.2091645831960873	4.0
11.505986897437795	60.34871934789719	0.01677869329632199	24.45074512165497	3.677769939713743	2.0
26.282443844459163	40.40425299887134	0.009960476326564131	19.526808402863118	13.77653427747982	2.0
5.728541703993815	78.38299977601068	0.008755576985962311	11.84983787364699	4.029865069362556	2.0
17.568860868861822	59.987746009477604	0.13327893054556186	8.215847720275018	14.094266470839997	2.0
32.60321781292515	31.510816674943115	0.009849009932707601	13.66109366341837	22.21502283878067	1.0
25.471142553307196	36.209297321092606	0.006917257459969993	35.724143070647486	2.588499797492738	2.0
16.378430323771546	71.08980875159831	0.028643766171475335	11.37336766586092	1.1297494925977287	2.0
3.4885748515323356	84.46821414165032	0.0433055698942225	11.174307895984716	0.8255975409383822	2.0
4.847120256642569	65.6587993750666	0.018107841643943214	28.162516289108673	1.313456237538208	2.0
2.373950717457197	50.229288747029045	0.0059903379235215675	46.49897886313827	0.8917913344519688	2.0
4.387763033237416	33.564065508348904	0.0017624101085770437	60.088781619034734	1.9576274292703615	4.0
11.147717007249017	7.014202635804205	0.0003378752213586109	73.44649112746916	8.391251354256259	4.0
12.320882851468003	13.810608619206436	0.00045305881139894163	73.06064873877986	0.8074067317343072	4.0
13.085482030962952	5.634813571637955	0.0006621933199458373	79.79110720839371	1.4879349956854324	4.0
23.436438309463785	4.473965260313807	0.0001323586544486715	69.58685525553774	2.502608816030223	4.0
18.42407552346475	3.229419557078995	0.00025911407925903733	75.40828229645737	2.937963508919639	4.0
30.402018537881514	7.064103116843218	0.0006795601019250642	53.85509548396119	8.678103301212152	4.0
31.387304784001536	6.994967295871311	0.0004350358653472094	58.84704421159924	2.7702486726625555	4.0
22.541394843003392	2.748767700224505	0.001807557898950972	35.3900226563704	39.31800724250275	0.0
46.14744321279506	8.412788091339504	0.0012387624846309222	25.26643780345036	20.17209212993044	1.0
23.161333704886736	40.755181017091886	0.19893238880516073	23.648446570576738	12.23610631863948	2.0
59.369758955591614	16.158887379683552	0.002348255879127016	22.01825292662203	2.4507524822236717	1.0
20.85678520713885	50.618689422369165	0.01647879202536951	12.505478718309707	16.002567860156912	2.0
37.39795792190923	48.077002803007	0.007820820550275463	13.24492062491929	1.272297829614214	2.0
4.237373510202904	87.87934235523097	0.10205193472698831	6.264890125074969	1.5163420747641603	2.0
10.808353811239375	29.51628861744172	0.08797812210157949	5.015132364965354	54.57224708425197	0.0
1.5447387808898903	1.0475703818211206	0.0018980598315533684	0.15108176370261434	97.25471101375483	0.0
27.313219401056287	16.655977987226418	0.0038137753773269936	1.127558466252969	54.899430370086996	0.0
34.41123897958944	61.4565284409508	0.01593262737779382	1.2612154847103445	2.8550844673716176	2.0
31.803620291598158	64.22716711888259	0.024263330299257015	1.7988025229936235	2.14614673622638	2.0
14.947309537814007	79.39149192811776	0.02297576456071803	4.865733462789081	0.7724893067184395	2.0
2.7121913930251837	93.75064774324981	0.053904365566501154	3.0138375469481336	0.4694189512103707	2.0
6.934118490792682	87.86884200101443	0.0328709959234092	4.716505628183023	0.4476628840864581	2.0
7.628055286876001	88.20412824688259	0.03807521451066318	3.4305958237865974	0.6991454279441566	2.0
12.343242502111968	82.42963498245213	0.01706993199408427	4.23030239424366	0.9797501891981799	2.0
9.939975762412628	83.19838707307802	0.034642371501649005	1.8900464929442413	4.936948300063458	2.0
