N1	N2	N3	R	W	anotaciones
0.04491831133428508	0.03504687475680063	0.01648412313791719	0.002085141148615928	99.90146554962239	0.0
0.02906550032650781	0.02640417370481137	0.003422220414865684	0.0009851627030594788	99.94012294285076	0.0
0.06771922479549175	0.026374846630906543	0.0025645302833145743	0.0030247405642700614	99.90031665772602	0.0
0.03204957407259205	0.024995216254979	0.00521303310487526	0.0021698941031096783	99.93557228246443	0.0
0.179060746551415	0.05819378958779896	0.007353936333493167	0.007556195632072124	99.74783533189523	0.0
0.049113663438320056	0.04972721922181168	0.012457738256571742	0.002864057895685544	99.88583732118762	0.0
0.1299287044723596	0.03935774455936473	0.0056195962722436045	0.006487143926486619	99.81860681076955	0.0
0.03569154481638161	0.05189158186705286	0.018639561734597684	0.0031903805064703084	99.8905869310755	0.0
0.08000187354016207	0.0373507847182624	0.007526986417512103	0.013728212825559923	99.86139214249849	0.0
0.060093681049889006	0.0601759582462213	0.004464903836752167	0.008986904598471325	99.86627855226867	0.0
0.06588293609542188	0.054046139557765334	0.00930216723476565	0.0037688137551452386	99.86699994335689	0.0
0.17195922801953678	0.05689926753041245	0.016067025779697743	0.008796763963108968	99.74627771470725	0.0
0.10287866816095456	0.029275383968414084	0.00183642217937083	0.006083156713652491	99.8599263689776	0.0
0.02946084516122371	0.022846769328938386	0.004356068053329796	0.0009292883939223443	99.94240702906258	0.0
0.19015095246211175	0.05717395748923165	0.008348576366261316	0.008242255879081766	99.73608425780331	0.0
0.09618089609208734	0.19078068298105405	0.018577863832254633	0.00826401971953349	99.68619653737507	0.0
0.4090557961584253	0.4871132764855004	0.03641433938605733	0.022717656376977924	99.04469893159303	0.0
0.1268530443426171	0.12502593103849782	0.025422612393651907	0.01071159179208552	99.71198682043317	0.0
0.16690562302401607	0.12424412960245645	0.05253924957620962	0.010698440129171774	99.64561255766814	0.0
0.6805559644426447	0.7482716574025992	0.11473870217792032	0.02178374954890927	98.43464992642794	0.0
0.09410571668809449	0.14627718176726598	0.057613128889495796	0.004676843740200229	99.69732712891495	0.0
0.06298938029442383	0.09614488189323137	0.05171414687733385	0.004160710216587801	99.78499088071842	0.0
0.889822586697435	0.846435219683869	0.028698180985327403	0.010211840785216364	98.22483217184815	0.0
0.6126501329177119	0.7023952303417428	0.041636499729699725	0.009341471182927288	98.63397666582793	0.0
0.2865013674711747	0.2899967852950498	0.04022313279709211	0.003244775875508961	99.38003393856117	0.0
1.9483508342293903	0.754700228510819	0.01368287925936686	0.008511590915395852	97.27475446708503	0.0
1.8523750106235872	0.9657483567389809	0.016942977733309727	0.009807166409293962	97.15512648849483	0.0
0.6389743467160702	0.08728841884999256	0.01347907786151956	0.005641898184812459	99.25461625838761	0.0
35.49889655239959	2.175495803917647	0.01982910294680886	0.05260127041616686	62.25317727031978	0.0
25.840361521348328	14.565752824537892	0.1557521989926968	0.2911274148824064	59.14700604023868	0.0
9.875933695173199	52.42948174785044	1.3657062940137037	0.4268180544361898	35.90206020852648	2.0
3.1905525419301473	63.03794086590781	4.393259116778759	0.34662802088861616	29.031619454494678	2.0
0.2063671436720428	0.33129653373742657	0.07045666610124562	0.007152595211834344	99.38472706127745	0.0
5.8106821604603365	2.295977447683868	0.03202653800572321	0.2234650006694968	91.63784885318059	0.0
36.380425518511935	43.99670483486104	0.13734528108666247	0.42903768672267645	19.056486678817688	2.0
16.34428845976012	78.2543103979594	2.8016564777068527	0.10384821354618705	2.4958964510274217	2.0
6.422248910110591	88.68750096794977	0.6009353647107588	0.03698244693325893	4.252332310295628	2.0
1.5102926034738284	92.85335301082887	4.1974766504335035	0.015782066512062307	1.4230956687517502	2.0
1.9303309782929923	93.04625555308009	2.011498746888973	0.014214184393503927	2.9977005373444667	2.0
2.7654349398682974	90.33544065887686	5.076717759561273	0.01644444407278067	1.8059621976207842	2.0
0.4187715774201636	72.29215592896556	25.219830091337332	0.005143796231676636	2.0640986060452744	2.0
0.5445303271996951	78.11547560662811	20.576625646050257	0.005350233657387314	0.7580181864645605	2.0
0.41795778484245594	57.96149359265613	40.153160573358946	0.0054323979066465845	1.461955651235824	2.0
0.1295390171075381	26.083136721119253	73.0784784716538	0.0036736119924457972	0.7051721781269685	3.0
0.04537788013238819	13.547351848254419	85.96549970706249	0.0014357121933454959	0.44033485235734904	3.0
0.11555909074582567	43.3720412634019	55.71021729277632	0.003379948588027218	0.7988024044879286	3.0
0.017706332942365635	11.68182775986221	87.80831229175666	0.0021213777787541764	0.4900322376599946	3.0
0.4828257168047813	81.57972441365068	16.110495288339326	0.021404854302893715	1.8055497269023062	2.0
0.07492954862688818	19.393733329774427	80.20989403675264	0.004607236072486498	0.3168358487735409	3.0
0.09919378343380252	16.9082175148425	82.43299834168823	0.0048038753759078534	0.5547864846595534	3.0
0.07308361903229985	11.650781551785673	88.0272580904273	0.0041208792274057306	0.24475585952731627	3.0
0.4788644551852995	31.799009525864335	63.926317507459785	0.041372897918232475	3.7544356135723387	3.0
0.7584073431035849	1.0778916337169537	0.020052527249793447	0.009295461163644709	98.13435303476604	0.0
31.369976938743648	36.942524566751366	0.20014000085391273	0.140749601022558	31.34660889262852	2.0
40.80630709633883	52.80614979274484	0.03560005853104804	0.10533789207618174	6.246605160309094	2.0
12.776107190570194	68.53540706991288	16.572479068235836	0.02668694686385571	2.089319724417249	2.0
2.3033274522542895	86.13722681439933	10.391353264644321	0.016777689915486286	1.1513147787866005	2.0
0.49358926723212315	53.16305054463556	44.82208800655682	0.013562409444691786	1.5077097721308097	2.0
2.311518014824564	82.38521013979964	10.602669435097848	0.03237717768842514	4.668225232589511	2.0
3.4802146602684414	90.90585989238916	1.4274734956862771	0.03049535511539588	4.15595659654073	2.0
0.4068145694248145	70.32838036120003	26.972136351053365	0.004155144493906571	2.288513573827865	2.0
0.5817832471157031	66.65893146227656	31.34420836313415	0.004469639464239989	1.4106072880093472	2.0
0.832554057840025	65.60976590256409	28.36231447757597	0.006149958949181528	5.189215603070738	2.0
18.344563560307705	62.243189090034164	0.8977076917977167	0.022822534477888085	18.491717123382525	2.0
0.7739795774223165	59.68928805613145	38.808825964074195	0.010705685910417258	0.7172007164616299	2.0
0.17320980869646993	44.964239925004875	54.30661506864762	0.0046238708836232436	0.5513113267674018	3.0
0.15882998557679645	36.990125234492126	62.26653439170513	0.0047080293566026925	0.5798023588693307	3.0
0.06844317208344226	15.0262518763964	84.52863641055578	0.00356884033228084	0.37309970063209286	3.0
0.07716908304951631	11.999665648745886	87.57149429384214	0.009461609183360238	0.3422093651791111	3.0
8.749959009347613	73.43304049622745	0.7253597815075412	0.15351141262851148	16.938129300288875	2.0
2.4577610680177506	93.96230423251541	1.0470086477681628	0.054193894790510774	2.4787321569081597	2.0
1.0973323524296767	91.57000279739914	6.170983608522755	0.00999410331580382	1.151687138332628	2.0
0.5957623727361757	57.762407509007794	40.29927554031197	0.005797846561332578	1.336756731382724	2.0
0.20896399907522661	56.76098121260379	42.597303384945896	0.004885061859333248	0.4278663415157597	2.0
0.13865214063630035	49.938664935510964	49.234344845091535	0.0030549141114624917	0.6852831646497322	2.0
0.033256900059886824	10.91353234120108	88.65178591630166	0.000699612735466318	0.4007252297018951	3.0
0.016604670105250113	7.502024113923074	92.33109694735695	0.00037798034624738134	0.14989628826847545	3.0
0.028052426817940766	8.390513407977405	91.27209974928925	0.0009147041210618462	0.30841971179432864	3.0
0.030131077800303108	9.02350073550902	90.6159138081047	0.0009432893135023581	0.32951108927249667	3.0
0.13970680151912673	16.142064095980903	83.10585013702715	0.0038410749240816774	0.6085378905487473	3.0
0.03344560926276455	7.910481197092813	91.78545433506308	0.0009537747424348409	0.2696650838389113	3.0
0.032831249655031786	8.023131574650169	91.4851135652755	0.0008636510898184202	0.45805995932947824	3.0
0.07038259874088715	10.747163485585316	88.48762559786553	0.0021003562846285697	0.6927279615236528	3.0
0.1456135325101702	15.058703525222	83.3949465058522	0.0011315677747427257	1.3996048686408613	3.0
0.18386889672580065	14.081484205329945	84.62377776098856	0.0011048183290047534	1.1097643186266948	3.0
0.23758814438809084	15.36831606278341	83.18354937561978	0.001975044302550669	1.2085713729061642	3.0
0.07227705386289682	15.436191422764153	83.42077734861793	0.0009118255354121903	1.069842349219599	3.0
1.3673724431687133	49.8958995018434	30.319555212597276	0.010896167843946215	18.40627667454666	2.0
2.3248948010720336	55.72466017594302	33.7726633682019	0.02083776807242659	8.156943886710625	2.0
0.944280179598513	61.31874715550888	34.22749921457108	0.009677066410831978	3.4997963839107147	2.0
1.2230570509291947	59.049412872313866	37.80599154738062	0.014005101828396569	1.9075334275479177	2.0
0.7076877286795373	42.89134995075566	53.819132926556904	0.014683299188355113	2.5671460948195444	3.0
0.9780674964619124	89.47854071914676	8.100827958866482	0.013165974357712718	1.429397851167122	2.0
0.788026984730677	54.26055169987627	43.700426327416885	0.017340405678517662	1.233654582297659	2.0
0.7329882988927373	27.999104142822894	70.14288977817496	0.01608171505433499	1.1089360650550697	3.0
0.3973702955762406	26.108767679584844	72.78534431910437	0.009866037019743866	0.6986516687148064	3.0
0.30465597920814774	19.3012435366775	79.54327999037193	0.008430125653435299	0.8423903680889873	3.0
0.3948908295938998	16.328545860226864	81.74494284703118	0.006093015334692847	1.5255274478133687	3.0
0.5033919573802786	18.850379978416345	79.40151104166021	0.009701617739237396	1.2350154048039192	3.0
0.21949863510972986	13.811511566362261	84.78253038377687	0.006576324951622547	1.1798830897995252	3.0
0.2827438141488141	22.086107437237857	76.67046681639934	0.0047854342672436646	0.9558964979467566	3.0
0.17989277489079997	14.79116263077532	84.35873548572653	0.006781622536597921	0.6634274860707537	3.0
0.07880667396860443	7.940499289917521	91.06039995808462	0.001736019021907128	0.918558059007351	3.0
0.07313456316561913	8.11107921011034	91.15660530560989	0.0014533016410917725	0.6577276194730667	3.0
0.18449647090806975	10.024482526252969	88.431461330976	0.0028580853511610492	1.3567015865118026	3.0
0.12972415718591926	8.52794186317028	90.59105472821811	0.0021465585124068975	0.7491326929132882	3.0
0.08402898126921414	6.145710350311083	92.97791811050121	0.0019921091112628684	0.790350448807248	3.0
0.11595475316721152	11.537487821258296	86.66843332374589	0.006656116603192918	1.671467985225406	3.0
0.06211899891706335	4.466797454406309	95.15741844102324	0.0018759285052563702	0.31178917714812054	3.0
0.07633887978483453	7.262411154136818	92.09481427214544	0.0036398566422108578	0.5627958372907053	3.0
0.1628018020292565	11.003781011139898	87.87717898467898	0.003686207740955192	0.9525519944108968	3.0
0.16061815654943112	14.781815345996394	84.07543229283255	0.003701369441940669	0.9784328351797031	3.0
0.2629160776342659	21.278095484261346	77.08289026446916	0.005651834873873744	1.3704463387613497	3.0
0.17028217804474138	12.96247805485249	84.99031151466396	0.007925248204588724	1.8690030042342272	3.0
0.10667618613469368	8.68190255579027	89.99954953806454	0.01017425200109138	1.201697468009395	3.0
1.8038707906408908	57.95286909389803	33.24486807302175	0.04282594010376353	6.955566102335571	2.0
0.834625009867438	4.730768302211773	1.8984154225159537	0.008509504673710424	92.52768176073111	0.0
3.7652352385104155	48.631834594027744	37.85276694378156	0.04027460746694414	9.709888616213329	2.0
0.6340807051018139	21.837295003205053	76.19693830491615	0.007913871904400984	1.3237721148725914	3.0
3.456715840480696	32.577565781317695	44.99116383342052	0.02765295635385115	18.946901588427227	3.0
12.979602583174515	71.47050215156202	1.4166990750939916	0.08138276330517265	14.051813426864307	2.0
2.0362980699612763	43.95294494762805	45.983357564447125	0.04982432093105514	7.977575097032502	3.0
1.8383989757790618	60.21407880675235	28.434894912245245	0.04390818182902244	9.468719123394331	2.0
0.08327635107191883	1.776052009059954	1.7553099493026345	0.0020267523589448328	96.38333493820654	0.0
0.03721513217451249	0.400264607921474	0.5170645709220693	0.001142025977642137	99.0443136630043	0.0
0.02486418820164927	0.07680128657174592	0.029267721368158493	0.0005066571098314385	99.86856014674862	0.0
0.006677196333960472	0.03110809716242883	0.010374394810820349	0.00045461870777320474	99.95138569298501	0.0
0.020498785873735596	0.07257920871878082	0.01145576263818115	0.001634292500553943	99.89383195026875	0.0
0.0955950975294131	0.026920252511306184	0.0011235088979149298	0.0010967454532437853	99.87526439560811	0.0
0.009615213755984028	0.03448309409979835	0.008360351650638868	0.0006997373954375736	99.94684160309814	0.0
0.006402290783231405	0.028351160249799633	0.009716896649077138	0.0005300154446974198	99.9549996368732	0.0
0.01524480871236184	0.05624906652160189	0.005303747756613066	0.0006651607563078357	99.92253721625312	0.0
0.009437058924322844	0.03461716309288774	0.005606889875043878	0.0010237624742027195	99.94931512563353	0.0
0.007623709907163321	0.047090059876055114	0.005801716274479202	0.0006517383292940035	99.938832775613	0.0
0.020595337065272366	0.04297546080883247	0.006338871103013667	0.000286512138837746	99.92980381888404	0.0
0.17950172974500642	0.2633666783868428	0.033047673792603746	0.005352473534049614	99.51873144454152	0.0
1.7001375968917223	0.23230465091078908	0.0015302550621053316	0.015740471408898126	98.05028702572649	0.0
19.86553797181659	1.4006135394224102	0.002475376137098234	0.07281169879587408	78.65856141382804	0.0
3.4845906888706626	0.5788501013318806	0.003774358093051178	0.0627067760578464	95.87007807564656	0.0
27.070388609323402	1.3825663902249499	0.00370628595340012	0.2156484988924578	71.32769021560577	0.0
87.59293984269429	3.1117549344054525	0.00965823973012296	0.2756027298433849	9.010044253326754	1.0
69.77053658938681	21.827657939205007	0.022734813022385805	0.2944493344587278	8.08462132392707	1.0
20.96096514770272	60.322457449678254	0.09359639798849517	0.5030560805526978	18.119924924077836	2.0
0.8199524532336933	1.5156078202864014	0.00692142638956368	0.12031787411475503	97.53720042597558	0.0
10.329355317147549	5.870866278987942	0.019445376968391853	0.9103987700507122	82.8699342568454	0.0
70.10119103617201	15.461886750659918	0.011279974578888952	1.521171441243198	12.90447079734599	1.0
30.9562852834236	55.878915085478006	0.24245772279122257	4.847474560011229	8.07486734829594	2.0
2.2552138543601017	1.9126349873655302	0.05395531805849141	0.6813060574759495	95.09688978273992	0.0
80.42883960129059	7.366455641058509	0.013856255954186564	1.255634681235039	10.93521382046165	1.0
70.39995385908807	22.93127651659874	0.020330929692985028	1.0127844654711033	5.635654229149097	1.0
15.07095797239021	79.73094066135418	0.23754012978111116	0.7634508871755631	4.197110349298942	2.0
18.165377673724954	77.36347864579109	0.20684394903045913	1.4192253657181888	2.8450743657353006	2.0
1.8738485777892542	96.92263240625864	0.12200280918823975	0.39435486889552757	0.6871613378683501	2.0
0.28507504242290094	3.066081342586819	0.10956416752284626	0.0888347216424709	96.45044472582495	0.0
43.46711779324825	22.145300778084444	0.10065501065676062	3.144152406952759	31.14277401105777	1.0
16.960501480506604	70.9297215354313	0.14918172424354503	3.6442088415631244	8.316386418255428	2.0
5.90171746198266	86.76870382791272	0.2158005881738955	0.6120512276244766	6.5017268943062785	2.0
13.674836049062279	22.94538994503611	0.043765200136610144	0.31228119846648744	63.02372760729851	0.0
0.07453534415627763	0.26157942832016995	0.04581901585851363	0.008593265134678042	99.60947294653036	0.0
12.359049564791015	2.6407403229225244	0.003686457214353437	0.08463243353065132	84.91189122154145	0.0
44.39094875652855	4.539947910517701	0.009574920906234987	0.12726848439315036	50.932259927654364	0.0
1.0636227149890183	0.40895902043336524	0.002577561822294141	0.02011066801996789	98.50473003473536	0.0
76.01000424958362	8.30027041731327	0.007880514287137971	0.08055786477740103	15.60128695403858	1.0
68.48655938995985	20.897304894732052	0.023686812031478474	0.26449210690516967	10.327956796371447	1.0
12.018463729480764	76.33711203066899	0.24688323948838745	0.32264393706378025	11.074897063298058	2.0
16.373185212420953	67.87562237554027	0.05037609631001948	1.2483857760060673	14.452430539722682	2.0
9.961658507342726	84.07152182690318	0.04101129181905341	1.3070965702703565	4.618711803664696	2.0
7.626790543406326	82.8205480785062	0.085286722217723	0.4856151233757555	8.981759532494003	2.0
31.902185830990327	40.0332572748846	0.03038510050481479	0.4524478674490337	27.581723926171225	2.0
7.184085263702494	85.52583416666107	0.18197387623021094	0.654553298523011	6.453553394883217	2.0
24.281027132138654	19.45957618711372	0.056272655726315214	0.4663897428948083	55.7367342821265	0.0
3.4135396849845447	3.2640024651409916	0.029242637102406	0.06310710573746672	93.2301081070346	0.0
0.42863823807170437	1.3896143270454937	0.09987350954250501	0.07986498590694577	98.00200893943337	0.0
2.537470837887587	1.3246717038362932	0.005432843387312185	0.0454703412790657	96.08695427360975	0.0
27.398368930422023	7.319399458479825	0.13875050557563307	0.5698453489442219	64.57363575657831	0.0
23.313452088447423	8.360147063191805	0.4621578185771009	0.41655431281841315	67.44768871696526	0.0
27.62391746732079	28.46678071619354	1.5734159310010476	0.7776005002673257	41.55828538521729	0.0
12.799066164605202	75.39847145489348	3.3386466091597464	1.5806743368406064	6.883141434500985	2.0
8.262109319825486	82.7385990114895	5.06228503845635	1.5378417729218634	2.399164857306814	2.0
8.068477087579257	76.65800296218154	3.6679388922171916	3.6854849067448154	7.920096151277191	2.0
11.745199547386918	66.4572942843885	5.520963798488925	2.5365805561974453	13.739961813538205	2.0
15.940384195782517	65.39040024282335	2.078163335741671	6.7010983863220295	9.889953839330442	2.0
0.7991997411687651	66.56404508923065	31.488183952314326	0.35589867201401754	0.7926725452722448	2.0
15.66561995395035	59.611440790430024	16.258717799894054	1.9447202939892039	6.5195011617363505	2.0
3.74510605414811	86.25370500259959	1.9684358217931162	1.9937808179727439	6.038972303486446	2.0
0.19324698212202557	0.40320701969929174	0.013196776438365422	0.07893558903700401	99.3114136327033	0.0
42.87924929982254	6.579091587048745	0.01568365987710015	4.282177050929306	46.24379840232229	0.0
16.3951189246644	68.0008950193764	0.6437255015099145	2.6638060114702466	12.296454542979045	2.0
14.595980336313472	69.96654337106594	1.2833074712837182	1.5172538005026093	12.636915020834271	2.0
7.765122134015743	36.2294007739617	0.4310510205823942	1.1878909543256087	54.386535117114555	0.0
15.14661435563319	74.69802492802776	0.03238596441927281	1.2913920052307868	8.831582746688985	2.0
6.2449911951676675	81.87252492283982	3.589765282386498	0.5566379691967683	7.736080630409252	2.0
4.551480508637786	43.004750692671436	0.3843491368931	0.15537074978751958	51.90404891201015	0.0
0.17626841663882897	0.4520891935720941	0.04294890043216254	0.01404488359513391	99.31464860576178	0.0
3.4467281981890245	1.139867003602125	0.005313441951897396	0.0647760311109927	95.34331532514597	0.0
26.777079578003534	6.476436845343716	0.06931734725747607	0.2865916039329979	66.39057462546228	0.0
66.51289133462141	9.786171195175946	0.026508146017213793	0.36400287015554056	23.31042645402988	1.0
39.94422761080164	51.73247047439698	0.08258934708437442	0.20113165067760286	8.03958091703939	2.0
23.86493938816604	64.17637310699511	0.3100423463060237	0.8454410994236615	10.80320405910916	2.0
4.661022519139669	89.37201522913621	1.9304229439567027	0.6289319230386806	3.4076073847287636	2.0
15.584148296340459	81.02644123122862	0.324696727401656	0.6016243314387242	2.4630894135905566	2.0
2.541337894825048	94.70838169285713	1.5105077815927248	0.15482422779376961	1.0849484029313208	2.0
0.7003968534220972	92.61032755497763	5.936370480288085	0.05098327283734428	0.7019218384748542	2.0
0.7959267240405848	68.59581167068728	29.84290279426202	0.10134148305380619	0.6640173279563096	2.0
0.7245244732211662	92.82491159880944	5.652578571868921	0.04556704256409808	0.7524183135363753	2.0
4.649884232406089	56.07282902142029	2.061258670617483	0.11357014209759715	37.10245793345853	2.0
2.302564056677899	3.265045748845341	0.03140123392210812	0.019365012578568964	94.3816239479761	0.0
30.680770302188915	23.26081587766938	0.021714887396259867	0.10525843782807115	45.93144049491739	0.0
12.889409009470015	85.59673873726463	0.2198175503441559	0.05185074371634733	1.242183959204873	2.0
3.650807512050208	94.91540614803854	0.7115081542469033	0.04245398302132122	0.6798242026430212	2.0
1.2379965725810231	97.06214117139398	0.9639248732701157	0.029562494996610657	0.7063748877582656	2.0
1.0422558524066448	93.61532217098213	4.606029879029126	0.04950802674831696	0.6868840708338108	2.0
0.34378554573576203	75.82122292864187	22.61879662126397	0.047375991270443146	1.1688189130879318	2.0
2.582974708277473	55.633917280074115	3.98013360233134	0.03617723204265078	37.76679717727443	2.0
1.8611287639728389	81.28406577352597	15.134743298572188	0.023760086010516844	1.6963020779184899	2.0
0.7171485672552342	90.80500123551445	7.402790583429218	0.011935254152411057	1.063124359648652	2.0
0.873491162189919	72.46009557260363	24.759225560449096	0.019000607385773523	1.8881870973716	2.0
0.4117562520591987	57.933314749885604	40.30533188997853	0.018274545779959763	1.3313225622967206	2.0
0.344992797338091	65.65166630523372	33.240518044612	0.021145777254059958	0.7416770755621216	2.0
0.30262376620889586	61.40464698967206	37.44827437765086	0.012445460325638145	0.8320094061425383	2.0
1.1266444493397574	63.822196119876615	26.491790469815136	0.04794560073146104	8.511423360237043	2.0
0.4331877978066097	67.5382301348333	30.681599800156445	0.016561399108917223	1.3304208680947398	2.0
0.16244567840478594	31.58329971568392	68.01722368171873	0.007080982094280147	0.22994994209829084	3.0
0.46359212064662925	56.44540526237737	42.08078992701994	0.03621661762007234	0.9739960723359845	2.0
0.7336665359415434	78.10119343374228	17.67252025768498	0.07753722838859797	3.415082544242607	2.0
0.753768121624887	3.2782867501225423	0.4293978332295778	0.03571043286535501	95.50283686215765	0.0
0.2747817118251135	0.6202500529645039	0.02813397510526492	0.009076390906712249	99.06775786919842	0.0
43.60860708146025	34.99506764349819	0.15307233485207772	0.39214313720969246	20.851109802979792	1.0
23.969783694126374	69.10615704332774	4.1727454858972575	0.47381415965291	2.2774996169957076	2.0
21.687982444828112	75.11820503706987	0.15963748289796292	0.2695241968907342	2.764650838313315	2.0
2.4132930419947662	96.44486921419478	0.24232021337728094	0.40025068522809987	0.49926684520507547	2.0
2.8948425265794544	82.84992253135165	12.355632328575686	0.2612300184064106	1.6383725950868067	2.0
2.4553582968327516	95.1412467115721	1.0533071407398853	0.13352688516589173	1.2165609656893923	2.0
1.7943513820198869	87.52111797917708	8.718316275902898	0.1798474313686539	1.7863669315314938	2.0
4.685131338881117	86.99344539771077	6.284122835080898	0.17014371937096814	1.8671567089562333	2.0
0.8942203052288233	46.73936147218881	51.695238842638446	0.0669714438870399	0.6042079360568884	3.0
4.29246680266584	94.03007679194442	0.6061278978244471	0.17345951001867843	0.8978689975466239	2.0
0.8647109364555171	57.8576627419779	40.1730509768946	0.07701833003348209	1.0275570146384958	2.0
3.0400250408650256	93.22249946390663	1.1620208770350406	0.1290638304012482	2.446390787792038	2.0
3.9544485982899737	81.28969476276053	12.66785445836374	0.18073493048908632	1.9072672500966812	2.0
1.2098063726908923	89.32194403382653	8.476706785858754	0.12859654366677656	0.8629462639570367	2.0
0.5532266766421345	57.68851735285767	40.33642018928481	0.15403204098435622	1.2678037402310214	2.0
1.669547035973145	58.70791930155127	36.56581270049375	0.5721391328042278	2.484581829177605	2.0
1.827791238645415	82.94434646850597	10.236332776434784	1.6477661897403726	3.3437633266734568	2.0
1.0197633357369267	60.47676555323559	36.39895926875572	1.0073039063661007	1.0972079359056615	2.0
0.940694943614539	93.26054078358345	4.333914569181128	0.4245574296034352	1.0402922740174532	2.0
2.964270785943559	88.5398546226351	4.560989687231401	1.2826779666006238	2.652206937589318	2.0
0.6697373081005589	74.27322062116079	23.592400036852887	0.7312888139711506	0.7333532199145852	2.0
1.2305170937279781	78.9269890500124	17.795639696043235	0.80497977256597	1.2418743876504315	2.0
0.18191314685176047	20.035778942212946	79.36627896930398	0.10068351956422794	0.31534542206709226	3.0
0.18487233545723475	36.034423015533825	63.17974690941852	0.24910394774750336	0.351853791842917	3.0
0.4637439973412424	41.75144577870263	55.626796105795506	0.480451522435286	1.677562595725338	3.0
0.041078653191512556	23.88872044813326	75.54204628793798	0.2631859722043865	0.2649686385328666	3.0
0.13460060404398996	19.073157126463567	79.05021933749022	1.2811796578210133	0.4608432741812124	3.0
0.03352659847579727	14.794779839444724	81.13021875238482	3.887118371572103	0.1543564381225502	3.0
0.09833854839136186	29.82115879987956	51.02786314514197	18.80211407949036	0.25052542709674963	3.0
0.4068210068574619	11.24964102604011	0.09190628905540527	83.73207934887003	4.519552329176981	4.0
0.19792992931332945	3.886016865685076	0.051469912592333834	95.30559592267532	0.5589873697339467	4.0
0.2691244188950617	1.7360718567625184	0.002367195204078783	97.45090202895778	0.5415345001805713	4.0
0.1446803015826943	0.7351258102133204	0.0008018055722537025	98.89188659879397	0.2275054838377569	4.0
0.6290733774343398	1.4327180917659006	0.0009161764881514384	97.13201939142623	0.8052729628853872	4.0
0.8114671053135819	0.7781537873701547	0.000520125060909299	98.12226272496673	0.2875962572886186	4.0
1.307618085058251	4.045917536966023	0.01882574426694309	93.25665490944425	1.3709837242645564	4.0
0.2777179146977968	0.9047380761045045	0.0018896400395547778	98.44226368357724	0.37339068558090566	4.0
0.32301709917090776	1.0342659869826114	0.001567058329221708	98.3965783381083	0.24457151740893823	4.0
0.3709999658680713	0.5898309684582725	0.0007967360460789816	98.10608038926571	0.9322919403618556	4.0
0.07545759394717118	0.13292687606621398	0.0007049164257001089	99.74424201970942	0.046668593851509545	4.0
0.05496035529616616	0.11330187414831366	0.0010263958979545031	99.74431057910064	0.08640079555689706	4.0
0.27877856824569003	0.5531224254755175	0.007726791588056128	97.89633841370612	1.264033800984641	4.0
4.0554133666372945	2.2189776181524414	0.04464600860941491	63.57732132395716	30.103641682643683	4.0
16.971245242026693	7.93791988346675	0.02679918815398405	54.12706565428152	20.93697003207105	4.0
13.787997889858271	2.6936620987624096	0.005222696603720108	75.88866030281618	7.624457011959413	4.0
1.2010174361942874	1.1232862938633175	0.014980524707913325	88.88989726817402	8.770818477060466	4.0
0.8075812679886968	0.6292473449804177	0.01441510926802581	0.7006256242840191	97.84813065347883	0.0
61.5009909620214	4.551899983449171	0.0016231968225057006	12.59223868708359	21.35324717062334	1.0
24.696326440564153	15.091659471590695	0.018884200747862588	55.2872651422169	4.905864744880396	4.0
17.189732294654956	36.796628459280676	0.00974843521539371	43.68211022811763	2.3217805827313343	4.0
1.5670408901082882	41.63123940795295	0.02024738972156263	56.34638005379728	0.4350922584199153	4.0
7.37446453694055	34.66221561691416	0.0645442012655354	52.92302692659936	4.975748718280383	4.0
1.1780416454558715	27.95921104554917	0.05048628274682953	70.00265172298721	0.8096093032609339	4.0
1.076993710069319	28.522347794157945	0.016881177678981868	70.0837314045175	0.300045913576264	4.0
5.203447768427403	43.42764648448935	0.007854223180002968	49.367751498380215	1.9933000255230462	4.0
3.32046095633917	39.27615342903638	0.08319985132100934	56.078927221168584	1.2412585421348572	4.0
12.492595660669487	12.02333740627997	0.011837127925451944	55.02937077749599	20.44285902762911	4.0
6.933396273148078	5.904763794103186	0.06084581062425206	5.4943517130923505	81.60664240903213	0.0
38.38688555641504	12.578969519897601	0.02313324844328657	6.178720134211599	42.83229154103248	0.0
36.84249921104849	46.713543328771195	0.37243735818185264	8.867236833984894	7.2042832680135644	2.0
32.741798883555404	53.45623902759704	0.15465147885045197	3.557944052219627	10.089366557777476	2.0
25.93237526716275	66.1964645129602	1.5684640965577246	2.342033785147188	3.9606623381721433	2.0
1.0509830285239083	65.23871284315146	28.725050828469612	4.22350934560747	0.7617439542475415	2.0
4.1005982592030925	89.14036983621155	0.269121887158244	1.892400779157946	4.597509238269185	2.0
1.1393629668172893	97.05408659629379	0.3324891780028505	0.8479881796394407	0.6260730792466188	2.0
1.0295954617923133	89.23345083075462	8.413958977923466	0.6232346878574808	0.6997600416721004	2.0
0.6278897810782762	58.03739236222999	40.046273536958104	0.8161616469469125	0.4722826727867355	2.0
4.045286870831735	70.50443413271967	4.440465665065289	0.7028616026278457	20.306951728755465	2.0
11.481213816491612	75.562459552304	3.0226577152494984	1.4039007331783957	8.5297681827765	2.0
1.5803926357288371	93.37596783792358	3.7767203635802167	0.5907286175722963	0.676190545195058	2.0
5.7662342916291	69.09094861046196	18.293294985610885	0.6526360954278797	6.196886016870164	2.0
4.625792615864758	80.63568591549787	6.821657578909504	0.5667328741705422	7.350131015557307	2.0
7.001109257184354	66.41255120424493	17.414983140610502	0.6570289684731662	8.514327429487025	2.0
5.695688266175463	81.79618320945995	10.189015092297325	0.3028399254058452	2.016273506661425	2.0
10.715764746929857	81.04323674122799	3.801810087046373	0.7613436491829637	3.677844775612831	2.0
4.568147862454626	57.94297782936856	34.65108536325172	0.42437050291931144	2.413418442005781	2.0
4.7105782453812415	71.4436914968335	14.260974799770743	0.2832958008093447	9.301459657205175	2.0
0.5532583522719163	8.942992389364415	0.36515442942839677	0.04554462166428902	90.09305020727099	0.0
0.33663524918755283	0.13961537819512096	0.02001053258796028	0.016604519618007508	99.48713432041136	0.0
6.390298779570128	1.2200021581486502	0.0046550058633734	0.2696610665283029	92.11538298988955	0.0
0.10315914629886874	0.058668775575886394	0.0007433944398618155	0.007298552498751911	99.83013013118664	0.0
15.72487895540538	1.0188687619756598	0.004602348841239719	0.16307344001167595	83.08857649376606	0.0
21.24077417668394	4.9179866952851405	0.00602315892287878	0.5700503394778704	73.26516562963018	0.0
8.369552971347382	16.644516706217257	0.11349226575149941	0.5508841662915664	74.3215538903923	0.0
0.4469319289842672	0.6120753117963698	0.02145091219489699	0.1549376589060609	98.76460418811841	0.0
0.4979659188238	0.6191165021173876	0.015604292492200932	0.2372184288496134	98.630094857717	0.0
2.7358517457198386	0.8716229157632363	0.0036493725743264134	0.1458037124980548	96.24307225344454	0.0
3.2075880709379674	0.7143658835605826	0.0033785823905066537	0.06184058475672933	96.01282687835422	0.0
27.01567326528017	5.000800467976373	0.017242556779966157	0.15504874227804938	67.81123496768544	0.0
15.202838263677066	7.765708660252783	0.02833331122505505	0.10615120006675673	76.89696856477833	0.0
69.38738414838535	24.273654985273176	0.04666080305228487	0.2871094421740867	6.0051906211151165	1.0
7.132027003196914	90.52673469802757	1.2404475740636194	0.11081419386217144	0.9899765308497229	2.0
12.432563141136699	86.06814938240096	0.1790749369909961	0.3559430314640173	0.9642695080073452	2.0
0.2806638932372238	87.77985490613582	11.600810142850126	0.03813125347337152	0.3005398043034355	2.0
1.0855569746691496	76.45659124704709	14.894268328491528	0.07572893888835569	7.4878545109038726	2.0
0.3532763440770035	89.18190654523406	9.655918409995262	0.0326302232907913	0.7762684774028681	2.0
0.3138990669625527	51.403636449691284	47.067280382252534	0.037678064020372756	1.1775060370732513	2.0
0.2780903688153172	13.58802562232212	2.546851774945893	0.024610327292479306	83.5624219066242	0.0
1.7391098627234858	7.436647458916043	0.035313572482801536	0.03316251228812018	90.75576659358956	0.0
0.06179514321562233	0.23601289694902564	0.19283413085523837	0.00303404355458808	99.50632378542552	0.0
0.18230375340184732	0.41149066784164506	0.13410835735894464	0.007311893253255309	99.2647853281443	0.0
0.11259605331993207	0.47828081406118184	0.056208293979725	0.0032796924415243547	99.34963514619764	0.0
0.8048922334836178	0.2908521362791447	0.011039550644796264	0.005919293767550529	98.8872967858249	0.0
0.1073328900677007	0.5100469032887742	0.05950723019791098	0.006300595692446621	99.31681238075316	0.0
0.06634528095630163	0.17725871294069168	0.05510786598985588	0.0018644357934730568	99.69942370431968	0.0
0.0515828852441569	0.21645413459493154	0.023594525467707492	0.0018764088301075755	99.70649204586309	0.0
0.032076294288203876	0.14770368855821597	0.027070902614745897	0.003960586830330561	99.78918852770852	0.0
0.19737273133801966	0.27435288180108447	0.024054669794803682	0.012614878041027658	99.49160483902504	0.0
0.2741645781950165	0.5364584220030644	0.026499558255779897	0.014014676347314587	99.14886276519883	0.0
0.36054132742880857	0.037933503114119985	0.0002946238371052728	0.011034651016809083	99.59019589460316	0.0
6.097763298833294	0.3167228541594313	3.54170241331885e-191	0.04704904868166578	93.53846479832562	0.0
14.630201459732033	0.892530741958805	0.001252987817799305	0.08730867327937937	84.38870613721198	0.0
28.149269990752508	1.1310688219859775	0.0004695039360271647	0.2139211771209996	70.5052705062045	0.0
83.42898898341208	4.730344018508202	4.996390446396016e-06	0.5925413238009026	11.248120677888368	1.0
40.61219732745799	52.98976539364401	0.014919445177504126	0.5771585310003818	5.805959302720108	2.0
46.14841486861033	49.526608959413615	0.01714657580409061	0.33617501392107635	3.971654582250881	2.0
30.368979024016244	67.05761905058229	0.010878028328280725	0.544540018417335	2.017983878655847	2.0
5.564144581659018	92.80665450491158	0.06701654956883403	0.385498680405862	1.1766856834546926	2.0
3.043580620557335	95.67501064125769	0.08598974829188147	0.2276568897022423	0.9677621001908514	2.0
1.1314257585207612	98.35931591418016	0.06967159304341507	0.07185868304496427	0.367728051210718	2.0
1.5871153401767109	97.43829895787606	0.04908055390953957	0.04485816260913911	0.8806469854285517	2.0
3.464245028032451	94.68527721093844	0.08964452972281024	0.04906103081125633	1.7117722004950524	2.0
1.9477682644258865	97.31351717786893	0.09152912004705582	0.0232263743426321	0.6239590633154803	2.0
3.66925725393538	95.2659460849139	0.1510847697994694	0.03762315485519649	0.8760887364960434	2.0
5.214055770580285	93.28036957593075	0.15918487505966814	0.04370845565301603	1.302681322776291	2.0
1.31949533500989	97.31451123200776	0.5822197435284147	0.012323233371151206	0.7714504560827989	2.0
1.4855788193831705	96.40831313705401	0.8232548802000493	0.015452050484135402	1.2674011128786271	2.0
1.5614152692922734	78.80390615483944	17.8736081637768	0.018024794147813116	1.74304561794368	2.0
1.617939088931274	40.59007602185666	56.2336868094843	0.016748921617512593	1.5415491581102645	3.0
1.521866425132476	48.40268053682877	48.75530889360864	0.015027982936490937	1.3051161614936364	3.0
2.277850479711688	56.61290241471879	40.01058173311101	0.01835736260417174	1.0803080098543416	2.0
1.0628707759861715	67.81213000117646	29.526626569201582	0.015316643150262715	1.5830560104855385	2.0
0.9152529002868668	53.1058093760262	44.701087219794196	0.012417479908385142	1.2654330239843348	2.0
1.8168054355523129	61.33294966497467	35.396335834657414	0.0138430834915854	1.4400659813240237	2.0
0.3322357983497437	37.79623477202469	61.30188171878061	0.007133735601039018	0.5625139752439073	3.0
0.5193092773136441	37.50671646580983	61.24830884982529	0.00923357465641877	0.7164318323948005	3.0
0.510687226668156	41.461006498363545	57.50024650653648	0.0061742529951741495	0.5218855154366331	3.0
0.3285312926083801	25.37838407622409	73.86347963304617	0.006190655328439342	0.42341434279292284	3.0
0.5913917953648387	38.38105140817106	60.18937960158317	0.010639085914252827	0.827538108966681	3.0
0.34065150467577754	24.695976778655954	74.49025299423081	0.006182007390796722	0.46693671504663303	3.0
0.2850119887663694	21.98917457521598	77.35503505032891	0.004702670882389801	0.36607571480635	3.0
0.23465990325247016	26.55473659973897	72.62569809416891	0.004506670156884794	0.5803987326827621	3.0
0.3950264588456223	27.27597334289561	71.80581296130062	0.0062319681941646965	0.5169552687639639	3.0
0.3229347488526078	20.11420431205419	79.10105922786684	0.00532994149484849	0.4564717697315151	3.0
0.07863203631209952	11.839328021498645	87.81727504298036	0.002566839172312887	0.2621980600365897	3.0
0.3152181145379832	20.11810529478508	79.13877255687531	0.005259882911374676	0.4226441508902288	3.0
0.202365086644757	15.75001741472295	83.779560389597	0.0038230243571512894	0.2642340846781498	3.0
0.24221023699918534	26.891115196504884	72.4192045945217	0.006432847541242663	0.44103712443298226	3.0
0.21968152105067434	29.294509257099637	70.00713963408707	0.0060430171562626065	0.47262657060636304	3.0
0.24056621960306	34.93450061585002	64.15154345148525	0.004545548666517032	0.6688441643951238	3.0
0.11259318697151735	16.988685340315783	82.61147090418311	0.004989552698694756	0.2822610158308784	3.0
0.10128398895395709	16.317616541135045	83.15087751501174	0.004870093167318522	0.4253518617319391	3.0
0.07215095368688207	18.00377846235822	81.56589877492566	0.005965090443906659	0.3522067185853437	3.0
0.19640439643565807	16.145139884197683	83.22429804882394	0.010620188191074482	0.42353748235166516	3.0
0.019514110025522998	3.6475038660732464	96.20738910587741	0.0023637571988074538	0.12322916082500696	3.0
0.19682260381807215	20.77823774217605	78.5548863560314	0.006046801543338944	0.4640064964311466	3.0
0.06138548069576097	7.625874988206241	92.03259697452012	0.006285781277200961	0.27385677530069324	3.0
0.07017495702594202	5.763023850434508	93.97537051702774	0.006074498306043043	0.1853561772057624	3.0
0.17787168838280235	16.758516938389313	82.46491816176666	0.011494633649106035	0.5871985778121139	3.0
0.0549158478502367	7.664032459470235	91.93889182405441	0.00354658229903854	0.3386132863260829	3.0
0.09836604443872804	7.898375337497704	91.7614830671315	0.005842964464358091	0.23593258646772766	3.0
0.08336374564606881	9.235161445960477	90.36204117610325	0.00457127613646722	0.3148623561537503	3.0
0.15595759768779466	13.140716251161628	85.97884866723055	0.007481527467079603	0.7169959564529437	3.0
0.22441176245712757	10.247871743001799	89.07982400642143	0.0039036794203737243	0.4439888086992777	3.0
0.11008689257243823	9.993164808598832	89.58516775090992	0.003081314696465351	0.30849923322232975	3.0
0.23197730057670513	28.93241921237289	70.41045642781751	0.014009595165899794	0.4111374640669913	3.0
0.07886736822880364	13.137737734320067	86.46386879279144	0.0077605036895076595	0.31176560097019207	3.0
0.042071809875331365	6.210259616478369	93.60583224148935	0.0035453408638959133	0.13829099129303415	3.0
0.03151795768971197	5.299925881583201	94.50634837667454	0.0033928039245687	0.15881498012797782	3.0
0.08317741138059802	6.959651261662961	92.72627669732948	0.0056940348642352525	0.22520059476275398	3.0
0.06592522314545107	8.654090174391815	91.00799351165413	0.005793690189287672	0.2661974006193181	3.0
0.08208298862235294	14.751596425328243	84.79740134887037	0.012309553087337766	0.35660968409167226	3.0
0.1250126556619356	14.075838850493666	85.27523600806333	0.02335336754812137	0.5005591182329535	3.0
0.06097167385888615	6.135722860432814	93.61083944273585	0.006812172099967281	0.1856538508724782	3.0
0.1064009375800841	17.20828821539251	82.3574470682969	0.013691068007831876	0.31417271072265446	3.0
