N1	N2	N3	R	W	anotaciones
0.01832623010542603	0.02563426214641117	0.00832874436936393	7.502622656803734e-05	99.94763573715223	0.0
0.02394774574115251	0.05693973489218965	0.013855197239316022	0.00010647904069473592	99.90515084308664	0.0
0.017026399069712445	0.03221293808423528	0.01339463048202887	0.0001620036946857409	99.93720402866934	0.0
0.03579960648515742	0.05545905606994455	0.010365255897606975	0.00017457741044329007	99.89820150413685	0.0
0.03363219940727728	0.0784749372222483	0.021299501354543088	0.0002029871527451532	99.86639037486319	0.0
0.06927452194605513	0.1272525446589571	0.037559546090299586	0.00028618051567189595	99.76562720678902	0.0
0.13400782996202146	0.2379593479676075	0.0343679693822234	0.000250076771700819	99.59341477591646	0.0
0.052728246531794205	0.12362643026980769	0.051703681434057784	0.00019829023310230352	99.77174335153123	0.0
0.0472273964426939	0.09753030294995674	0.046451244000077385	0.00017073523901881078	99.80862032136825	0.0
0.6010374180449736	1.1017779392222768	0.06636091690791743	0.0013450002621240083	98.22947872556271	0.0
0.3258543047675581	0.9594231071968303	0.18590081247474075	0.0010547858266537647	98.52776698973422	0.0
0.03173411915446537	0.11603584505678652	0.03406474453176492	0.00028266932262118924	99.81788262193434	0.0
0.05430746675783792	0.09009980632720818	0.023813892015372568	0.00014582093970427437	99.83163301395987	0.0
0.6357943006988946	0.21519842813004	0.008372407414401763	0.0015243675859052583	99.13911049617077	0.0
0.211680745626192	0.14677013376970094	0.0017675044963278176	0.0010871839926760933	99.63869443211509	0.0
0.06456896814925538	0.0749853987197963	0.012351939230249992	0.0006480436731848568	99.84744565022751	0.0
0.21107901500143209	0.19588947582491797	0.012116607866431591	0.0014760061763669948	99.57943889513085	0.0
0.28457752738702674	0.22680915910428634	0.023298603535096326	0.0024435364058422067	99.46287117356776	0.0
0.05632924054778104	0.06366897222235718	0.008344508583784582	0.0005829470405881415	99.87107433160548	0.0
0.24136958073445175	0.33708782833618445	0.010205365628833243	0.0009873938081110072	99.41034983149241	0.0
0.06740900232080005	0.15164755217768677	0.009052543450553613	0.000880260487268905	99.77101064156369	0.0
0.046647293023072765	0.1227220372276695	0.008203636054538216	0.0004897984160541334	99.82193723527867	0.0
0.1997890142842339	0.15741702846685154	0.005233950653494615	0.00127694465149778	99.63628306194391	0.0
0.16789546038875947	0.2050931497677563	0.0057493551922077925	0.0007533178214569337	99.62050871682982	0.0
0.08087314147271794	0.12300121300496984	0.021598437371827112	0.0005627721091911431	99.7739644360413	0.0
0.0673287024930131	0.11558558572978465	0.03376582330805833	0.000330123933825791	99.78298976453532	0.0
0.10209703616406432	0.12756301913979787	0.018231492091863997	0.0006098786609536292	99.75149857394332	0.0
0.03391937044120692	0.10739485321528906	0.05353642120219208	0.00018422923116247992	99.80496512591014	0.0
0.022288673007177556	0.04317361389548272	0.013582023104709653	0.00018753348463326124	99.920768156508	0.0
0.02057977891499156	0.07820158173761006	0.013680887237922549	0.00016833603726144902	99.8873694160722	0.0
0.0900980964302119	0.0691419664389788	0.020074379258977686	0.0011900403337221528	99.8194955175381	0.0
0.011227967284418825	0.01561618904978153	0.00983706914790684	9.89248777483094e-05	99.96321984964015	0.0
0.0301470005501108	0.038395647159174234	0.013880947982259235	0.0002755275839711237	99.91730087672448	0.0
0.025936011296734438	0.0524202461955849	0.008052773965390102	0.00017848389019509302	99.9134124846521	0.0
0.032325349448711876	0.06531368546194447	0.01665367558338927	0.00012001453210764394	99.88558727497386	0.0
0.061304319990810686	0.13440362466054498	0.044029559696246195	0.0004196575638728508	99.75984283808853	0.0
0.04784283538969158	0.0779695830723315	0.02747854573783547	0.0003913564972906144	99.84631767930284	0.0
0.06799763242751512	0.11214614350167726	0.012126189386294985	0.00019445140663459034	99.80753558327787	0.0
0.08051926714118071	0.08394656255047593	0.014761993699362761	0.00021937481039772065	99.82055280179858	0.0
0.0850588433044756	0.10116906024812855	0.01753704210553566	0.0002450864881196337	99.79598996785374	0.0
0.19002598282522104	0.3472600636449294	0.016953654870353885	0.0003667908214780889	99.445393507838	0.0
0.027526845705854053	0.08192246195466682	0.021579166379374487	0.00018075378614603103	99.86879077217397	0.0
0.05273739486247301	0.12364190443834104	0.03950179559435705	0.0003169366037377373	99.78380196850108	0.0
0.07445072088073094	0.1379143096458258	0.0305103665780576	0.00023753928086065975	99.75688706361453	0.0
0.03342253355071405	0.0668885039134875	0.01386681402611507	0.00017110635109545924	99.8856510421586	0.0
0.2572674574914938	0.10311506136663427	0.006915503562791804	0.0005358965513407977	99.63216608102773	0.0
0.08157147565963321	0.0640411321898472	0.006529210013669443	0.0001735481112593356	99.8476846340256	0.0
0.11559661313663085	0.08101759747133433	0.006149363760655878	0.0007141656159418747	99.79652226001544	0.0
0.08800805330882144	0.07168915036576537	0.007257721234840348	0.000606048644817682	99.83243902644577	0.0
0.05073644187178597	0.045988626972965053	0.013464288342076802	0.00030891550442946114	99.88950172730875	0.0
0.05956091173993466	0.07852661220316452	0.02314247609926673	0.0005293409587058337	99.83824065899893	0.0
0.06358783278257507	0.08873724544362062	0.02360773844037618	0.00033811024035177513	99.82372907309308	0.0
0.07500412388537965	0.03571029445425946	0.023358657242230702	0.00013943555222439282	99.86578748886592	0.0
0.06209874068533748	0.0456703083990979	0.007112777911578955	9.589206431926848e-05	99.88502228093967	0.0
0.04282015228052689	0.08825499630780485	0.02887750416269598	9.859471160018012e-05	99.83994875253738	0.0
0.0288304335039814	0.06595499130681713	0.015160461230227922	0.00012193635749404852	99.88993217760147	0.0
0.02558522609753495	0.10474039215229262	0.023436156499301745	8.237258491174614e-05	99.84615585266596	0.0
0.015270795296289661	0.0699394507690802	0.014916388104364598	0.00010927346969834605	99.89976409236057	0.0
0.01945466147805211	0.07710670427513173	0.016268846424340896	0.00013116799687248168	99.8870386198256	0.0
0.015869178854485924	0.07406106112979553	0.02490540177521272	8.718743024414739e-05	99.88507717081026	0.0
0.018992991190928517	0.039644403231853045	0.02330972674166484	9.88139174204901e-05	99.91795406491812	0.0
0.012590268048124329	0.039503950405075865	0.017550280101735004	0.00011491092122672551	99.93024059052384	0.0
0.01982749104106285	0.11614190960599587	0.03425698740255745	7.274053489403583e-05	99.8297008714155	0.0
0.023016196273128196	0.03521297171459435	0.013503396977085155	4.243264388663412e-05	99.9282250023913	0.0
0.0325253818244767	0.06001786020695678	0.024852478908903183	5.270159236217054e-05	99.88255157746731	0.0
0.03435211649894552	0.04589153214548819	0.009534214920111316	3.986725302119079e-05	99.91018226918243	0.0
0.017961425195055575	0.048411705808620836	0.014210697734369233	3.141466097657491e-05	99.91938475660098	0.0
0.022201721462247456	0.01644211288124333	0.018194797238569833	2.5873283665235094e-05	99.94313549513427	0.0
0.04018513720953762	0.06128041891687154	0.03973533406114391	6.549381798683696e-05	99.85873361599447	0.0
0.027195537969305406	0.030081407549496335	0.00539305243514978	5.347478177560007e-05	99.93727652726426	0.0
0.026058366861892557	0.037349176730873436	0.004819337682480314	0.0001593097325654798	99.93161380899218	0.0
0.04732930793963109	0.11887194172465086	0.022055556226589588	0.0002980565533907989	99.81144513755574	0.0
0.03658776332773014	0.05693487610407061	0.008882714075138586	0.00025159859698696573	99.89734304789607	0.0
0.021046022155652183	0.015320907462531709	0.005982618724280532	0.00023163072132743748	99.95741882093621	0.0
0.6447167295085233	0.20256947189030275	0.008939625613488654	0.0037972823673726474	99.13997689062032	0.0
10.494966597019198	1.3961770774680191	0.006076694262463081	0.03041719328731427	88.07236243796301	0.0
18.61600294741492	2.3346721036301052	0.0032407392451478043	0.023837220226991248	79.02224698948284	0.0
45.15917566812347	2.0277001780838213	0.001673286482648499	0.052650674163813506	52.75880019314625	0.0
69.3884814038112	12.428590005653476	0.02098328565139935	0.3188370565250258	17.843108248358895	1.0
13.047030983410055	18.58599237695123	0.07029482403321213	0.20484088050480892	68.0918409351007	0.0
22.13860401758072	3.7913785546394094	0.0037257418732865094	0.07418187574193771	73.99210981016464	0.0
35.37604503687889	58.5367953231696	0.22082379349789216	0.31267299550425925	5.553662850949357	2.0
9.434322942985887	80.90580218978792	2.245079349038111	0.17971814734549663	7.23507737084258	2.0
6.74776744214487	81.83517999963932	1.9008574653047097	0.36359792517052214	9.152597167740586	2.0
3.5747507596579444	92.92039807388251	0.20370771764914958	0.633618664255194	2.667524784555226	2.0
2.915336609893394	92.0840697300725	1.317563091701247	0.597601925920504	3.085428642412349	2.0
2.4145208826187576	95.40288070581846	0.07417975219479367	0.37824190396602747	1.7301767554019674	2.0
0.63878433958733	76.99685879093352	20.659223335666947	0.19725201481829713	1.5078815189939059	2.0
13.136246108158414	83.65928547357053	0.08807450464528312	0.3038867211108098	2.812507192514959	2.0
2.1975866667978465	96.58986449439358	0.36167570426562695	0.14579970677003776	0.7050734277729076	2.0
10.224541698223078	87.89756364382484	0.09149632136231492	0.8903327926352036	0.8960655439545704	2.0
2.1201099644313373	96.21401908088271	0.8295893359468107	0.10663342373435636	0.72964819500478	2.0
1.2213719487361478	98.2441240506704	0.0878916767573387	0.13905785478029672	0.307554469055805	2.0
1.4867918312573896	96.61825535491538	0.293947845782827	0.5290766563463096	1.0719283116981	2.0
1.5660320761884525	93.99405158622697	3.145665446439295	0.3189699692514146	0.9752809218938733	2.0
3.327365924501666	95.61876586247654	0.06519021525473542	0.4299524869626632	0.5587255108043772	2.0
1.213083892580592	98.04771538196006	0.10478391848273311	0.2460297232292784	0.38838708374734526	2.0
0.5808852380999313	75.89827773218497	22.505982113968425	0.1154239720177632	0.8994309437289238	2.0
4.244926637928492	94.05889013220678	0.1458173726078115	0.13623840913780022	1.4141274481191461	2.0
0.6431223636418664	97.1561654744064	1.7674868644444404	0.05154460794001227	0.3816806895672884	2.0
0.36000334817714297	94.19685044188084	5.1688563926577595	0.014946829170146326	0.25934298811411516	2.0
0.3859667380331221	71.85935494031543	27.340135871006893	0.0218458009081557	0.39269664973639007	2.0
0.2361924826386149	64.81800963953762	34.45938250529616	0.019523424859441148	0.466891947668164	2.0
0.36882787904651326	69.55433407488783	29.245171784115108	0.03693488336832077	0.7947313785822262	2.0
0.12374207140427831	33.426061791717146	65.84412584189423	0.011620203581005848	0.5944500914033307	3.0
0.12916395659903993	33.912070427653596	65.52318713241031	0.013453488953130756	0.42212499438393875	3.0
0.03727146114292161	15.220016041579626	84.53800941938316	0.005933963923386432	0.19876911397090666	3.0
0.34574942375943635	36.32841191491142	62.2797940614256	0.0341640662667453	1.01188053363681	3.0
0.2379059679250885	66.04386864450414	32.81079431983491	0.01986034612592608	0.8875707216099294	2.0
0.13457234828314346	44.322408444935974	55.10067937120434	0.014617941322386228	0.42772189425416796	3.0
0.06576926791467361	38.816360273712746	60.71095262846554	0.007569109667998084	0.3993487202390412	3.0
0.14737675881499615	34.749675803570504	64.5185523340709	0.006861736810133371	0.5775333667334711	3.0
0.0898765708824297	41.80174082748515	57.32437683476186	0.009849842776080607	0.7741559240944823	3.0
0.07230809766435049	18.063552649697765	81.32913876150008	0.005854951506257098	0.5291455396315439	3.0
0.030160468665889784	5.201201410236212	93.57198758373558	0.0021957035908020317	1.1944548337715089	3.0
0.068209620864858	3.2154729538358753	94.86431746831624	0.007464348826591693	1.8445356081564508	3.0
0.28424746173671783	28.597368289852977	63.16982850261501	0.0970982528777889	7.85145749291751	3.0
0.17537505275070436	8.145389481084047	87.08197825654253	0.011427704167974607	4.5858295054547655	3.0
0.05297438981431977	0.254701538843876	0.058471062429731505	0.0032459102895021404	99.63060709862258	0.0
0.8082710310274154	0.3345209603550214	0.004824741922714163	0.03055641773269114	98.82182684896216	0.0
4.185228564551262	0.61732108422268	0.0028205834591032435	0.03906068432235316	95.1555690834446	0.0
2.4961992271020157	0.4876763743761865	0.0016629836016402966	0.05602778810650607	96.95843362681366	0.0
1.1437790278048994	0.5368991672468122	0.0371699523476187	0.035009529938694814	98.24714232266196	0.0
9.099560487849752	2.082399315953684	0.006468194072229694	0.153269620625604	88.65830238149873	0.0
0.11262359278800284	0.21758037338782907	0.012836346600778885	0.015166411655145656	99.64179327556825	0.0
0.23397744614514102	0.144039188297233	0.013603556278908026	0.0051819215188192574	99.60319788775989	0.0
0.4715838799499635	0.21798764409976895	0.00291320690915518	0.005799924115633039	99.30171534492547	0.0
0.2956967663157866	0.18033070817334934	0.03136659563294653	0.0026579161342903104	99.48994801374363	0.0
0.04964755292544424	0.06294370611996569	0.01964968360646733	0.0006985845228562672	99.86706047282526	0.0
0.19980952428757748	0.12127289741315846	0.00481360459422405	0.0015151189521180597	99.67258885475292	0.0
0.20827875766947818	0.15654354887725222	0.01660250775395854	0.00352676805386607	99.61504841764545	0.0
0.20784988221611952	0.14268762995744116	0.005941909204680327	0.0033506148502458655	99.64016996377151	0.0
0.2569465759946346	0.1918050729455405	0.03289726644094465	0.009002656703313797	99.50934842791555	0.0
0.8779104143219805	0.10801688457152546	0.0006272180132938136	0.07447976364225505	98.93896571945095	0.0
0.4209506997357151	0.31975529807090475	0.023310127013613065	0.019053189061985113	99.21693068611779	0.0
0.2931069408874999	0.3622267836720543	0.050895273241194784	0.029484316490556	99.2642866857087	0.0
2.5533713839271646	0.47495984396464486	0.0012583415391904634	0.08658358843715767	96.88382684213185	0.0
1.6149355359395001	0.2655371347594422	0.0009627396253216458	0.07170057496802969	98.04686401470771	0.0
5.501810498865247	0.41733971259283525	0.002486808893329692	0.22884424414885726	93.84951873549973	0.0
5.001050480756632	1.1510468752396277	0.008063517530472655	0.1405351751193623	93.6993039513539	0.0
8.391433004161128	0.316506114466505	0.002520131423553659	0.1242534897805711	91.16528726016824	0.0
23.73370694297169	4.467704371853023	0.01819023646455912	0.28137528651464777	71.49902316219608	0.0
2.450776794847744	0.9874611258742011	0.00718198598485993	0.0971402433490374	96.45743984994417	0.0
19.731296994030206	1.883323644599727	0.004544631223901478	0.39098606901011473	77.98984866113607	0.0
3.8661075638413833	2.1112136709269707	0.005083106739256677	0.1929129963705347	93.82468266212186	0.0
0.6345356056194917	0.6746505247736153	0.02561557575376546	0.029837082080812177	98.6353612117723	0.0
3.9857935310089285	1.309571597358041	0.02288667427338454	0.07859135135758338	94.60315684600205	0.0
28.12991056543063	5.191402468164238	0.006795740595447925	0.19761242699382572	66.47427879881586	0.0
21.10493443928868	2.136082602873874	0.0021358712204146545	0.12348481713639983	76.63336226948064	0.0
27.945661326581362	24.79565417558417	0.02461892672673366	0.7313456800896355	46.50271989101809	0.0
52.02688682092015	21.288382699030738	0.0041779025539581925	0.5949775132152979	26.085575064279855	1.0
44.55259671629345	46.16637236434256	0.023729560966850992	1.1635930458146444	8.093708312582509	2.0
17.829798171286242	79.24379160935077	0.04518972132297182	0.531876253412522	2.3493442446274933	2.0
4.956372516945522	87.52865559597305	4.34468215099029	0.5322944815112249	2.63799525457991	2.0
7.0684371239956505	91.20270476663033	0.08577905225964609	0.4836638954417478	1.159415161672632	2.0
1.047416923781715	95.56280404295315	2.564079321321814	0.10708142729834245	0.7186182846449913	2.0
1.0439528456207778	92.79270037063995	4.458998488944986	0.10348161592450379	1.600866678869784	2.0
0.5924403929154974	76.23812324234646	21.87366750159975	0.059246434341517155	1.2365224287967573	2.0
0.7025061191646307	96.149278547855	1.9658924109760916	0.0651431177592778	1.1171798042449965	2.0
1.6218366018966972	91.28955551736178	3.9284036947148318	0.08018152907881944	3.0800226569478633	2.0
1.0972212391759586	97.12268528538539	1.0729605223455982	0.05242970923902726	0.6547032438540173	2.0
0.5368583989127921	78.60136425800233	20.204044544187948	0.027368505022480026	0.6303642938744368	2.0
3.1813745448790516	95.7272172014973	0.16213148113865586	0.0645347549494279	0.86474201753558	2.0
1.120539048287061	96.4949071979427	1.894402743398689	0.019984312252391948	0.47016669811915657	2.0
0.281651945025004	46.34446762002188	52.88006731734504	0.013168515417286294	0.4806446021907949	3.0
0.9408755219068551	97.72327821747349	0.6213888154797201	0.021719591371488826	0.6927378537684101	2.0
0.3697841001458931	54.61983863581206	44.44216005330448	0.011212880774716423	0.5570043299628481	2.0
0.46983741204194623	88.43522387880579	10.290271864860442	0.01380198916846183	0.7908648551233504	2.0
0.2694480315404737	52.97147731164902	46.22127506198773	0.007437870994158455	0.5303617238286155	2.0
0.1832659086175982	58.93948262157491	40.51739222534796	0.007309481750976483	0.35254976270854677	2.0
0.2232697572002259	47.77274484089556	51.63611200984929	0.009839091061503488	0.3580343009934216	3.0
0.1336121895280012	36.28057664861385	63.249272660951775	0.010018739353410603	0.3265197615529601	3.0
0.2696480542038355	57.58002220326666	41.64121539236367	0.013164765573159463	0.4959495845926821	2.0
0.1531204205402193	36.59062143285684	63.07883070636983	0.016472623728665866	0.1609548165044611	3.0
0.20143646049350827	25.687093224793774	73.81331309680616	0.019704741870968597	0.2784524760355934	3.0
0.21241776053894154	29.321063317774588	70.1286800444777	0.01829635660228809	0.31954252060646954	3.0
0.09796440659117531	16.190853922417485	83.51484929391637	0.014853255267714832	0.1814791218072517	3.0
0.13032349695101886	25.485035408457534	74.19179033608455	0.018781761745291604	0.17406899676158707	3.0
0.09001528541700772	27.1717069247645	72.6001531808364	0.01876223868422467	0.11936237029786269	3.0
0.1342697750557845	9.083598230534367	89.97048398151972	0.039115486582203526	0.7725325263079268	3.0
0.7014896198314126	97.46923800916404	0.5931757041079814	0.19460625236836546	1.0414904145282267	2.0
0.29009673972826594	98.31718275596793	0.8794057293873379	0.04813822524911491	0.4651765496673504	2.0
0.32045376125638114	54.94606673542452	44.14720320087404	0.06148000417223121	0.5247962982728236	2.0
0.1488279382364699	59.06070757678011	40.40845806181721	0.0739313010958587	0.3080751220703291	2.0
0.27841845321142694	73.21131604650647	25.960411372106545	0.06988148621368412	0.4799726419618921	2.0
0.09970567901594954	32.53355990456724	67.14552243801924	0.024588498293822494	0.1966234801037608	3.0
0.13718262107846751	32.60248179166564	67.03885020364837	0.032993018119281674	0.18849236548824153	3.0
0.24194744991345435	28.162691552192577	71.2648588246855	0.05495132560838675	0.2755508476000879	3.0
0.18525904033302798	18.1795884245498	81.20814055745264	0.02903547693820394	0.3979765007263296	3.0
0.27954987565923844	57.02938985997277	42.352566897743884	0.08112716835766393	0.25736619826643803	2.0
0.10565037689121257	31.283836476156246	68.3462264222958	0.033447913621073314	0.2308388110356655	3.0
0.15293034241087994	43.76899164897575	55.80482570293225	0.025851357455557368	0.24740094822556685	3.0
0.038936602763935665	14.685709709032357	85.18887517334623	0.012532831141454566	0.0739456837160363	3.0
0.1390275574485837	51.54561097731022	48.06460370968666	0.03787538479248665	0.2128823707620397	2.0
0.05377220269319341	7.682758431879903	92.13461320848909	0.008881082355152586	0.119975074582651	3.0
0.09346935638325522	10.926946967955848	88.67159018636427	0.010254853144084738	0.29773863615254836	3.0
0.07461062407420713	9.324160943781052	90.42027131886528	0.005816941244577708	0.1751401720348684	3.0
0.03200548369099955	7.9912969976652555	91.85038555034433	0.003785277278320678	0.12252669102109795	3.0
0.01609558445111274	5.396278083173196	94.43073945514897	0.0027806944219470374	0.15410618280477406	3.0
0.05054502568308123	11.396789843982162	88.27332116580283	0.005358745202800849	0.27398521932912123	3.0
0.05938970082169357	8.877142320605387	90.76486184802486	0.005873356045835915	0.29273277450221474	3.0
0.03073350771834543	3.5957224458164383	95.85702406783847	0.004536420856870919	0.511983557769878	3.0
0.029510991500647753	3.363180712217581	96.3072729229324	0.0061171266916063664	0.29391824665775046	3.0
0.25437029992400956	68.3257096660926	30.709187467977983	0.059199839444317684	0.6515327265610974	2.0
0.07458059130094988	8.218343461452603	91.05408624701444	0.020059689596484066	0.6329300106355064	3.0
0.500401218355891	83.51881838830423	15.197128814554805	0.13071543970478888	0.6529361390802668	2.0
0.1557549590208839	61.814365337750665	37.487717163276564	0.08206363073093745	0.46009890922096397	2.0
0.1415675634122026	40.6103792052444	58.815206977030975	0.046027529994482994	0.38681872431794	3.0
0.19464406775929663	91.45642498346199	8.082139543760105	0.03730359504350651	0.229487809975122	2.0
0.08832156670070151	22.97225907758488	76.69890261173185	0.024758328934495456	0.2157584150480562	3.0
0.18263439956102545	14.866092149862437	84.78670413385937	0.013082170027555257	0.1514871466896173	3.0
0.07484434549665628	4.1673202861326155	95.52917774072817	0.021212055843410453	0.20744557179914144	3.0
0.17685874462845783	72.00519487388367	27.422605810595595	0.04137316124494258	0.35396740964733797	2.0
0.10373829857029042	10.291635490689577	89.26167666177491	0.03259103659438465	0.3103585123708418	3.0
1.389696684237245	97.09366722551658	0.618337011348126	0.1637619953341891	0.7345370835638398	2.0
0.2152050963269735	76.2891714188021	23.078541244109278	0.02280464029191319	0.39427760046972116	2.0
0.10628790324234945	14.3950131722467	85.36390106482047	0.009052224863093327	0.125745634827404	3.0
0.1825624194717991	23.181942427473132	76.46093476745668	0.02951097433528675	0.14504941126310755	3.0
0.31060091647820987	46.63059270630349	52.40656531842337	0.1027726755323369	0.5494683832626087	3.0
0.8055539637406892	42.81444714415077	46.5734620676605	0.05942517998052477	9.747111644467516	3.0
8.245358557183618	45.185109114391224	3.5215174732888452	0.08376146169202524	42.96425339344429	2.0
2.5912289079773188	62.15307239287381	27.363670569396152	0.10051764721663897	7.791510482536086	2.0
7.553706539780637	74.88714310345964	10.176299896742142	0.136912244651062	7.245938215366513	2.0
4.32490908890892	15.360818457589792	0.39699903813899956	0.04033742737148745	79.87693598799079	0.0
6.4638801711917635	7.044153322362648	0.24041641387721893	0.037301743799398594	86.21424834876898	0.0
11.284277781037822	84.53500657807159	0.14828405522281118	0.13589668044239497	3.8965349052253755	2.0
5.604113697761403	78.71859500323222	11.496086706794681	0.0982948995618431	4.08290969264986	2.0
11.375358616619453	82.45769942178785	0.1526607466534532	0.44608379576071666	5.568197419178513	2.0
2.26476404155572	90.4920782883064	4.591325635551816	0.4762613186008334	2.1755707159852076	2.0
2.9625467712225526	90.7113236090259	1.6940355718271758	0.7192702999092514	3.912823748015141	2.0
12.676425014289327	72.13145751362579	0.16541203182387978	1.2305972919958421	13.796108148265155	2.0
7.448662722057254	87.4201682303921	0.05353325111040674	0.4903928939520237	4.587242902488221	2.0
4.726785098656517	91.55101197745313	1.4194511377348684	0.5773018962902967	1.725449889865191	2.0
7.590688435601542	88.9020899614169	0.6242565472822409	0.5760164265043883	2.306948629194923	2.0
2.229600960841679	96.61015312809123	0.3117202816377716	0.14055822117400618	0.707967408255318	2.0
1.1863898876558205	81.15532781602101	15.395240188247824	0.3149884497384412	1.9480536583369141	2.0
1.6342666709569151	97.41572572085067	0.05603523058347293	0.229679531239769	0.6642928463691551	2.0
0.8065560874735651	80.55264851953636	16.456970131280656	0.1297165009025036	2.0541087608069115	2.0
1.3720231844844986	97.716224050401	0.06063320732586422	0.11251633601752534	0.7386032217711306	2.0
1.5576644156795387	93.49274616864717	3.537188933305307	0.14518013479149666	1.2672203475764598	2.0
0.6581662011749821	97.98949157037542	0.8823541206178657	0.04403458613674896	0.4259535216949919	2.0
0.43806360596385685	41.38871109055211	57.69080126884032	0.05717040554888042	0.42525362909485104	3.0
0.22675170817948945	97.72194523552658	1.5342839894692013	0.03941546113358417	0.4776036056911451	2.0
0.3674585324923952	87.25864501930005	11.738062818321056	0.10628933055529287	0.5295442993311863	2.0
0.3442849130880783	77.52314071888826	21.043245050091684	0.040956933659499345	1.0483723842724717	2.0
0.2952083481761802	97.19938667876913	1.933207767775369	0.02789122200369197	0.5443059832756467	2.0
0.29464825548309964	60.40147007480958	38.90526493542165	0.04870925151831705	0.349907482767368	2.0
0.19795915862911873	39.837203572171106	59.55701110202454	0.03512457942899585	0.3727015877462463	3.0
0.5026410686301359	63.13906390860116	35.0291674234879	0.07374421553031776	1.2553833837504829	2.0
0.4265082731410673	84.1146007418225	14.461981761761788	0.0676602204719386	0.9292490028027083	2.0
0.24444586404008817	72.77846750709872	26.135649020802244	0.026377337412857884	0.8150602706460983	2.0
6.186038879820741	56.04497528722578	12.591488490227935	0.1360195109666184	25.04147783175893	2.0
1.1481757231436664	87.03785410852245	9.681604056422593	0.08275789057867552	2.0496082213326026	2.0
0.4474286361017406	68.71632506845044	29.982437875420104	0.035153146546196425	0.8186552734815142	2.0
1.677489207697222	96.60169557056003	0.36455714748069645	0.06839938785893301	1.2878586864031352	2.0
0.26436157962022194	59.51779068447613	39.56114947240211	0.026305187685080382	0.6303930758164653	2.0
0.17703811864445115	97.62075382095192	1.795225035681453	0.04967036050662879	0.3573126642155343	2.0
0.4733953792790847	19.33800277263567	79.25410296801732	0.055560291525749414	0.8789385885421866	3.0
0.7173879121588981	92.06053212488055	5.648894260830432	0.0795197116632718	1.4936659904668381	2.0
0.40055855107358357	98.14840890041742	0.6924190814196197	0.04018348356731753	0.7184299835220372	2.0
0.2521136465142302	88.88294936473041	10.349407476400843	0.03623161915361164	0.47929789320092386	2.0
0.3205226105965598	94.15864749039442	5.106608605160454	0.0451297940103568	0.3690914998382263	2.0
0.21593149323524594	71.8995423280522	27.60301771460563	0.030555549292154715	0.2509529148147724	2.0
0.08711574944252046	52.10638828236321	47.64546590923679	0.014889381823537148	0.14614067713393633	2.0
0.2602714376673273	54.26868306353355	45.10458263487273	0.035338270759950746	0.33112459316644854	2.0
0.19698861023621658	27.861094225139333	71.71461859328507	0.014208940843931886	0.2130896304954483	3.0
0.0585166495755976	8.906040770266713	90.91706961673601	0.011363185017215135	0.10700977840446187	3.0
0.10466547736785517	10.981194931050714	88.77793833184629	0.0072711284641277145	0.12893013127101377	3.0
0.1265861584451509	14.276894922364884	85.44441855605409	0.009955828574955961	0.14214453456093723	3.0
0.05425436900462681	8.706494655915439	91.16118826978666	0.004723079616812484	0.07333962567644779	3.0
0.04846767949600908	11.197207087392092	88.58408607527825	0.004137969245151724	0.1661011885884726	3.0
0.054943011668112184	6.98291715692208	92.88584395717298	0.008264974391968912	0.06803089984486194	3.0
0.08560480738694154	12.292081883694646	87.46302056814456	0.0141475495469185	0.14514519122694933	3.0
0.07068495665474692	13.215613904675013	86.5139324518138	0.010047489786839526	0.18972119706958135	3.0
0.13516192138598354	8.282561257658354	90.84207986699046	0.013723294804013027	0.7264736591611975	3.0
0.4242180461065351	42.574854098124476	55.93240088397577	0.2741935257982171	0.7943334459949993	3.0
1.3767502180040467	78.07186665447742	17.399250397779813	0.6516675339326055	2.5004651958061244	2.0
0.4307317910028274	59.360111651648964	38.71974651655268	0.7504546056157648	0.7389554351797606	2.0
0.3063435025494832	7.070343621397226	91.6152415184465	0.5116620033461571	0.49640935426064614	3.0
3.69230036506759	62.91671779577207	8.150865713969042	20.81334059972863	4.426775525462653	2.0
0.9761181253148066	30.316046105392797	14.297989094058913	52.156198623891385	2.253648051342097	4.0
1.7177167950533856	6.77155694462708	0.02359490793077454	89.75761331450524	1.7295180378835202	4.0
0.20990166247691192	1.272301605095572	0.017149657617320693	97.77754348145892	0.7231035933512671	4.0
1.317412767365735	1.0950118884807731	0.0012813103301911393	96.73047750611002	0.8558165277133002	4.0
0.12495851114033459	0.42522936825742763	0.0160757859550874	97.19259964905305	2.2411366855940957	4.0
0.18378694533283452	0.2931358954272893	0.005252611053439041	95.84482903430882	3.6729955138776265	4.0
0.24333543939891772	0.2374989096809801	0.0017631289025872763	95.49417155799038	4.023230964027145	4.0
0.1355804325885637	0.3996781323479139	0.009647486348502717	96.73233361819564	2.7227603305193684	4.0
0.2907648900380813	0.2962690208837831	0.003711583547698592	95.06911125692137	4.340143248609055	4.0
2.3483830345592738	0.6920083015214191	0.004455584379284548	95.92890844081299	1.026244638727031	4.0
0.3124266744618166	0.6781061069496291	0.01872111041393963	96.36017996330699	2.6305661448676285	4.0
0.7995562234975644	0.9335970530801936	0.010609000574236783	93.95542472427084	4.300812998577155	4.0
1.673791611405577	1.54006293475901	0.0034490277450717303	95.67103608147269	1.1116603446176296	4.0
0.9542954855680152	1.5303341913038113	0.0037435082447637223	97.14270166415169	0.36892515073173165	4.0
0.2668327965630093	1.8927194922177843	0.025314472277182597	95.8818782115738	1.9332550273682358	4.0
0.10665935306752933	0.20721521457264402	0.13294718598271887	98.40404911241673	1.1491291339603844	4.0
0.1347978695478914	0.2421943301449358	0.08019654318422806	93.70574150589641	5.83706975122652	4.0
0.38824661395031745	0.7229263134787113	0.012392090120875363	93.18769883013168	5.688736152318415	4.0
9.331965922364848	1.7277846951532128	0.03628090539305858	31.853480018165236	57.050488458923645	0.0
3.065405562192518	1.081352503916197	0.035489652983164345	45.52469746085142	50.2930548200567	0.0
1.8465534458346997	3.8755486725948862	0.02394069433225219	88.95532739778092	5.298629789457251	4.0
9.069368678627221	1.3946440639649036	0.006294799327720174	78.28150634903352	11.248186109046642	4.0
3.862328397912646	1.7987674879418027	0.016346299911732063	87.10161862944162	7.220939184792181	4.0
1.049118029597283	2.4700316623216683	0.024175718963541305	90.04451374234084	6.412160846776661	4.0
0.818019913380797	3.3237497524605066	0.07837335257550317	88.22529102426917	7.554565957314015	4.0
1.0436118686222589	1.0226691320153714	0.007361838377183679	95.52668661464102	2.39967054634418	4.0
1.981357055092374	1.5336004017316096	0.014793427421605297	83.28735007232069	13.182899043433718	4.0
0.5028141714363569	0.3460542514137475	0.14901144057947122	0.37509934514597354	98.62702079142444	0.0
0.32706343989717185	0.37889023080309386	0.02900233977883999	0.1657881298011374	99.09925585971975	0.0
0.5545364378216754	0.11566201812511032	0.012639894994387339	0.04353273495691126	99.27362891410192	0.0
0.03101323221996868	0.05639626760959212	0.0275360812312357	0.008328356239252844	99.87672606269996	0.0
0.31351296414127666	0.21954896866757018	0.00489522387120129	0.108897967869427	99.35314487545052	0.0
0.2514602784608321	0.141991503160145	0.044417097637159786	0.043439837692175305	99.51869128304969	0.0
0.15691783340682022	0.07734728008099723	0.02831440902130931	0.029836290548927925	99.70758418694196	0.0
0.04373388955043944	0.05204194449082737	0.010450158557863935	0.008008771879354054	99.88576523552152	0.0
1.0000223420172283	0.4397416441254782	0.019344566014543173	0.07959374494720789	98.46129770289554	0.0
3.5998047292238358	0.8209674864787609	0.0015628046673817149	0.1756110090950084	95.40205397053501	0.0
11.579060442270421	0.7296528745420184	0.0012050108966161223	0.6050088993553198	87.08507277293563	0.0
7.109959932397268	2.470974515364771	0.0047407328298306175	0.659981825829951	89.75434299357818	0.0
42.700728424699605	22.087315514482654	0.015355398159427538	15.061445075957144	20.135155586701167	1.0
45.48129261012822	10.28924678751209	0.002867274132583877	7.965356132083001	36.2612371961441	1.0
35.115108888936994	28.957816629614985	0.01379267509548492	10.447057268837883	25.466224537514666	1.0
30.109461073177584	22.218560536808255	0.020200046550929315	16.476198069273458	31.175580274189784	0.0
24.773647081421764	52.95829370830602	0.6524839917720422	17.28910867178473	4.326466546715429	2.0
11.197830306711852	61.56009819962735	0.936006389974447	18.853991200540882	7.452073903145482	2.0
11.895493437051377	45.4410525590568	0.17262137762193108	36.653727205345625	5.837105420924271	2.0
10.726957339774954	53.902994241662405	0.2169623235179615	20.993350249820093	14.159735845224594	2.0
12.357149383666592	51.21652118491616	0.018420252658725614	20.667492590478258	15.740416588280262	2.0
4.751128693667165	83.98739397790483	0.6262633102551227	8.347173133531049	2.288040884641836	2.0
10.357937039315802	55.14150469582822	0.26848454335766747	12.41015890929618	21.821914812202124	2.0
10.912866691590887	68.51728164631558	0.4686446655404312	10.55859297609009	9.542614020463	2.0
4.209094755703532	88.27769855615982	0.12508632705810624	5.198161234304785	2.1899591267737453	2.0
11.657187696945067	69.14456513298063	0.11243157743995218	11.057788887183847	8.028026705450502	2.0
7.0884747920228515	85.69660242133986	0.02043167527707187	5.2613707543582535	1.9331203570019562	2.0
4.809076376934109	85.17093139361666	0.740729102373346	4.4917575536984575	4.787505573377433	2.0
5.759561188884107	87.60662358566914	0.022528906413195857	3.6296300936777826	2.981656225355788	2.0
3.5239100495339764	92.85923467754029	0.4043254523100638	1.4176157524610806	1.7949140681545885	2.0
4.007438093886978	93.21400039239114	0.1211090581026603	1.5687806317584738	1.0886718238607522	2.0
5.673913466172692	92.29330424559818	0.014898324693850008	0.7742097553012655	1.243674208234003	2.0
1.6066315198517918	93.85568982433726	2.275754285006256	0.5971200027106496	1.6648043680940128	2.0
1.637950533513009	94.34732210113359	0.21720146472262322	3.264217195928662	0.5333087047021192	2.0
5.778502002203759	86.34635365003683	0.05680030661169525	3.01458259693383	4.803761444213895	2.0
2.7821099625077736	93.19244221461803	1.1184056905083362	1.2385251645474147	1.6685169678184821	2.0
3.3393950408133346	93.0877372896029	0.027646982428935762	2.2564065180216404	1.2888141691331911	2.0
3.202204693501668	93.34681595376108	0.6282349634392063	0.9930045058001238	1.829739883497907	2.0
1.907274939155989	96.38477731224313	0.10944217329448577	0.847581560020863	0.7509240152855563	2.0
4.047688754576303	92.23118828257127	0.19558788714657357	1.434705632488703	2.0908294432171437	2.0
3.135385649609613	91.70571801100452	0.8473983691776763	1.2418536049292568	3.0696443652789176	2.0
2.948039819562119	93.41442161727905	0.11788010462860214	1.3480390286532333	2.171619429876979	2.0
2.4801422348624733	94.46717977614955	0.9429759310256237	0.9674915083000576	1.1422105496623192	2.0
5.93329302021073	90.03536101329557	0.09952841656962899	1.4751731079034602	2.456644442020641	2.0
0.7319661130916699	87.67179492058736	10.029836208878933	0.6483318170563976	0.9180709403856451	2.0
1.9314217018164912	96.59787986027565	0.03018737306428227	0.6653173453509001	0.7751937194926468	2.0
2.023232138598007	94.69701231233078	1.4352187024778373	0.6012864169230853	1.243250429670294	2.0
2.172797147849593	94.76864964959667	0.3301326559104848	0.5662062940085139	2.162214252634754	2.0
5.705413458042835	87.39815249605515	0.17036832185236866	0.6862461776306787	6.039819546418982	2.0
2.3919246560816303	82.67563987635327	10.672795135331825	0.5950008255234862	3.6646395067097894	2.0
2.7732078326031706	95.65687176421672	0.05200236630727525	0.6671314253508949	0.8507866115219386	2.0
3.468687293959052	11.505029301516972	1.539204993555051	0.5067125103613265	82.9803659006076	0.0
23.478933976855306	55.25865309172371	0.08386559449323445	1.0483566065023335	20.13019073042542	2.0
4.996739984395903	93.88738716605542	0.1056290996692909	0.09422346199207787	0.9160202878873271	2.0
2.459692407375969	93.43639673263195	3.366000248217288	0.08863995110537903	0.6492706606693917	2.0
1.1002905147943682	72.03911768922823	26.119211631013734	0.09512956267101093	0.6462506022926412	2.0
8.631755419870645	89.83155477442611	0.23493292900490614	0.4408918954272447	0.8608649812710912	2.0
1.524180885795297	98.05540663004858	0.12697062534757383	0.13309035102586453	0.16035150778270377	2.0
0.4865082750718587	97.71146327626131	1.4928338563712003	0.040726938782696454	0.26846765351292257	2.0
0.4488438225205049	98.41357091212882	0.9254736689989286	0.03223282592506612	0.17987877042668418	2.0
0.1521656326387519	91.73765555898753	7.859749871401552	0.03866352440423449	0.21176541256791295	2.0
0.20456859742124128	93.38709364302457	6.119686892146407	0.03339665847331433	0.2552542089344469	2.0
0.13007740853117922	38.512711009315886	61.22929699170049	0.027529957638683582	0.10038463281377769	3.0
0.24702182171121048	51.37037493516894	48.08088576198176	0.1274259049934659	0.1742915761446058	2.0
0.2230807523533411	90.6214901579477	8.735808747111536	0.08499380688474956	0.33462653570266926	2.0
0.11577344805773597	44.3476881568731	55.29532748313169	0.03984988560661981	0.20136102633084668	3.0
0.21931377472806982	84.71804200863383	14.828300008534928	0.049414723238671764	0.18492948486450203	2.0
0.10293034593669007	74.62240141167678	25.083361534926606	0.029022816535948213	0.16228389092398585	2.0
0.21445495663029837	49.76914635557939	49.86399399509648	0.03324713384809602	0.11915755884572511	3.0
0.05972246603436793	10.500831798916828	89.30459172261477	0.022320399490245765	0.11253361294378621	3.0
0.21643992542729534	86.85965594603147	12.610099013754814	0.03233562888724804	0.28146948589917664	2.0
0.09722529054086762	11.917454825554753	87.6375800531934	0.01733310865727245	0.33040672205370486	3.0
0.13745544741888682	41.337263092062635	58.27347478440505	0.02140718772542154	0.23039948838801147	3.0
0.3270063445615448	29.141749062432748	70.30604351298304	0.014426933385724944	0.2107741466369461	3.0
0.13685077486754227	22.24647010391005	77.49190322968465	0.008375601172401709	0.11640029036535061	3.0
0.10596621506608274	22.339713298856736	77.39864587134134	0.009987552784524402	0.14568706195131306	3.0
0.11532138499952753	19.674897023124426	79.99820281404787	0.007295125793947027	0.20428365203423388	3.0
0.051394817428192796	11.520278611997485	88.28286532212827	0.0036784024537860715	0.14178284599225663	3.0
0.10219665416642282	15.736033035019581	83.84653380246372	0.005647325729699275	0.3095891826205601	3.0
0.016736221895362526	5.4192276972673925	94.34491387758199	0.0019759199072804435	0.21714628334796315	3.0
0.034668761584538244	7.72958424558881	92.06788280516464	0.002945790490201337	0.16491839717179074	3.0
0.06619020254829934	10.124962334494631	89.53843004816672	0.004062539265248408	0.2663548755251096	3.0
0.553183516486575	72.20283434957105	26.079318623923104	0.04524140786532428	1.1194221021539588	2.0
0.042470745148788104	5.565237548009823	94.17954318212412	0.003415593002869972	0.20933293171442133	3.0
0.1030946074013643	9.621848609543958	89.9711441768448	0.006047366204658352	0.2978652400052185	3.0
0.035665295973040884	3.19625534648026	96.53974897997438	0.015255210321303139	0.21307516725104433	3.0
0.04116313698401226	4.604143065479925	95.16519545140075	0.01169262682859189	0.1778057193067102	3.0
0.023361281804489265	2.405942654166294	97.46511474952045	0.005384769008537502	0.10019654550023341	3.0
0.03494359857728196	4.924383448956908	94.77156629889446	0.00863633926695649	0.2604703143043921	3.0
0.046227664202175854	6.152323622866913	93.5320802470247	0.019944304369610106	0.2494241615365886	3.0
0.034496045619569475	3.6646370461982056	96.14431974821268	0.009578969204991555	0.1469681907645402	3.0
