N1	N2	N3	R	W	anotaciones
0.05419764709332725	0.20109626997088462	0.004987268484057759	0.00048195307120251965	99.73923686138053	0.0
0.24680889316534338	0.42114088583011866	0.007271656726285492	0.0009630395088380029	99.32381552476942	0.0
0.10151746262897987	0.12196223080045702	0.002791793032706957	0.0005292725338627215	99.77319924100398	0.0
0.08963343774253482	0.06112788859221565	0.00045824503148749883	0.00116759867205631	99.8476128299617	0.0
0.16565998737628287	0.09202714483354517	0.0004126644263138792	0.0008221223069646735	99.7410780810569	0.0
0.254904310222641	0.08057770429563749	0.0002587419013759636	0.0008626011638692182	99.66339664241647	0.0
0.634355758647978	0.20156591997038226	0.0009146876532063375	0.001337746660798887	99.16182588706762	0.0
0.24191031289406856	0.08122117327176501	9.535711112896901e-05	0.0007139587864791238	99.67605919793655	0.0
0.28932249409324745	0.16305527795960478	0.00018011471538447813	0.0007308028136917094	99.54671131041808	0.0
0.864816980854505	0.1543070984852672	4.3232152323438946e-05	0.004152816488923548	98.97667987201896	0.0
0.5122369312172799	0.3699226248139851	0.0001749551809195198	0.007738116026095701	99.10992737276173	0.0
0.46392565080895476	0.27085265123642227	5.637187949592647e-05	0.007762383714567769	99.25740294236056	0.0
0.6949362417639321	0.24553153302285172	0.00029200600061175607	0.005775909296319002	99.0534643099163	0.0
0.747086252364169	0.2081204286567796	0.00018311468248601378	0.002503975722628912	99.04210622857393	0.0
2.0238284450019064	0.1408515028958227	0.00019961007155512404	0.007078247375737736	97.82804219465498	0.0
3.2280620927326433	0.6753993965411673	0.0008050355412358453	0.017696873791683602	96.07803660139326	0.0
17.52505247728586	2.003800049992111	0.0009704391908720692	0.014706066379004104	80.45547096715215	0.0
1.451439852327905	0.7137691770124811	0.0011063756738350255	0.006254101847704871	97.82743049313807	0.0
11.726800156232093	3.0982802698425225	0.004879240871456408	0.017443477398997168	85.15259685565493	0.0
12.78104362539204	3.807837546476114	0.003141916775588268	0.015363216204645987	83.39261369515161	0.0
20.702428661974892	3.6405891289055705	0.003240039018160998	0.02220215229563209	75.63154001780575	0.0
39.38936136888421	15.226486642296521	0.020355063258181733	0.05327444434762164	45.31052248121347	0.0
38.738371572850305	12.740815493770668	0.014381745700007107	0.03108685612007387	48.475344331558965	0.0
29.17064139178184	7.30929400409059	0.025187818931595433	0.024145451410389165	63.470731333785594	0.0
55.34254376636195	26.273258329275766	0.06360475009585784	0.04619754740737614	18.27439560685906	1.0
48.44878891674315	37.77493804994095	0.18155213066397305	0.037089702103537056	13.557631200548393	1.0
41.338143689153185	34.26182204922982	0.08634405714413677	0.07652993835249798	24.237160266120362	1.0
33.3901745757186	57.31773964731954	0.17082732111413437	0.05230910703177256	9.068949348815941	2.0
25.5724284522463	64.18150278469223	0.10071295284626741	0.042786478055864996	10.102569332159351	2.0
26.116516032969244	68.23613960957043	0.09504607533878381	0.028442275016385844	5.523856007105168	2.0
28.889045228761873	66.64275364235644	0.4146847956600086	0.01169634295919075	4.041819990262467	2.0
4.7507429469477644	92.29518708407777	0.7073948584329539	0.011506119932690306	2.235168990608842	2.0
8.578885928523214	89.44410249539612	0.30177116087873596	0.015169240285792035	1.6600711749161483	2.0
4.076639911021001	92.12219389871298	2.080469487455895	0.017493249553872336	1.7032034532562614	2.0
2.988497073357619	94.30144666051024	1.2399728148170048	0.005975842485561613	1.4641076088295908	2.0
3.156833371370945	94.369575951555	1.112451937255221	0.0039852192279129315	1.3571535205909055	2.0
0.8079096650001515	94.42167250296663	3.750132172787176	0.00260765913185769	1.0176780001141905	2.0
1.2611791322882782	89.67264057923802	7.802430788697405	0.0022007286834529304	1.2615487710928697	2.0
2.4316233342838416	95.18101070118841	0.5110648118383846	0.013624844069830234	1.8626763086195117	2.0
0.7238810135945684	93.87602537623388	3.6634755301959467	0.006312127300398428	1.7303059526751787	2.0
0.4179992378794602	85.00944677475587	12.246457258165893	0.004398460111936735	2.3216982690868497	2.0
0.26764614306572937	69.90239307757878	28.922291661522127	0.004739523767466669	0.9029295940659049	2.0
0.34858019314504407	82.30274049876816	14.575235268335671	0.007351505857343704	2.7660925338937683	2.0
0.5366589570766068	80.45879290126742	16.596367084389875	0.016964910914053638	2.39121614635205	2.0
1.5016966485233438	86.80298050841256	7.974783051683996	0.05485290437352889	3.665686887006578	2.0
1.6457124915094785	83.37766087723703	9.728481429896872	0.018346064845479074	5.229799136511133	2.0
1.9289252147832534	89.64588253148331	3.3030874452252794	0.043687387148198496	5.078417421359943	2.0
2.3495792498084462	77.37213575536053	17.30593680618065	0.02500232751067752	2.9473458611397008	2.0
2.973926766457547	80.82529353911193	10.410815629365807	0.03883363233842221	5.7511304327263	2.0
2.6767246450685165	94.17043939389683	1.472957356062622	0.058310646919489235	1.6215679580525628	2.0
6.690020270202167	81.72520836757403	2.372297812520889	0.05157519770860693	9.160898351994334	2.0
1.876338724612823	94.94481790242612	1.2258420188535477	0.011963721485999055	1.9410376326214915	2.0
3.9716470232176353	93.33791373789602	1.052190110419939	0.02140530647359772	1.6168438219928047	2.0
1.8746608399223308	94.86210229588154	1.612505824527501	0.0071254072890654255	1.6436056323795665	2.0
0.5920268279578311	96.63215667931753	1.8668120901152445	0.006527849558127184	0.9024765530512865	2.0
0.6336704408586871	90.41116065271339	8.081813039592587	0.012498090484011432	0.8608577763513249	2.0
0.6156081916150641	85.88035518249865	12.385839788093291	0.012637969393996081	1.1055588683989868	2.0
0.7408893320030138	84.6136121754857	13.888001341865522	0.012133736659318089	0.7453634139864523	2.0
0.1970528319224953	60.090614395692576	39.189053921298736	0.005773498964694496	0.5175053521215005	2.0
0.2429513228858815	74.64810014912973	24.450582538242593	0.008631244341246987	0.6497347454005495	2.0
0.19851619623518416	44.11054495457704	54.86169549336133	0.01046700858626576	0.8187763472401857	3.0
0.11700960931530767	32.0403873352862	67.42341682037701	0.010321685396995644	0.4088645496244899	3.0
0.07800936234590479	27.68987767963719	71.79852354952727	0.0059947082329821705	0.4275947002566678	3.0
0.20897782908029233	66.16205990783813	32.405480255426134	0.013702576316928656	1.2097794313385102	2.0
0.08176162261886288	32.56762217423158	66.48640864322205	0.007695788112829628	0.8565117718146716	3.0
0.06202028120540722	19.15945051971694	80.36432724358062	0.015377636979776102	0.39882431851725003	3.0
0.046147531371817915	13.478985098129796	86.18579451851083	0.007056094645619531	0.28201675734190595	3.0
0.1543996368363142	16.656678663428064	82.64016028478852	0.04887153186759989	0.49988988307950133	3.0
0.1737578363352358	23.30942138300942	75.92010583425537	0.02475434245202561	0.5719606039479551	3.0
0.3947765919865599	49.475781596958704	49.1692314566574	0.044726663158200085	0.9154836912391235	2.0
0.16068059752625902	21.416712371262754	77.84359446320246	0.03835804198748186	0.5406545260210456	3.0
0.05733258857812359	19.59428457715624	79.70014868307295	0.02171562093362061	0.6265185302590525	3.0
0.046572166313888	8.829639624413153	90.82338393186306	0.017697413710493964	0.2827068636994014	3.0
0.1029411212973393	51.05009685562716	48.09143235506369	0.03718644913430109	0.7183432188775165	2.0
0.01533562751793079	4.0043655796248006	95.83756545680386	0.004440924693347692	0.13829241136008552	3.0
0.026089106627737335	11.614655336948474	88.14850870670801	0.004648804627506849	0.20609804508827068	3.0
0.015229151476074898	2.9089693064057753	96.9574899697012	0.0028570101589411637	0.1154545622580004	3.0
0.05112749292571348	33.96243691604982	65.60079063478305	0.025941447784435353	0.35970350845698323	3.0
0.03312639040460896	7.227020114947188	92.30507302410597	0.015766706915879156	0.4190137636263583	3.0
0.026491723649014	5.35539690361186	94.32901529858178	0.012564751142993217	0.2765313230143706	3.0
0.09522064482878326	27.190103365497308	72.03297071177612	0.02873192594298073	0.6529733519548178	3.0
0.00963112076790328	2.024347188295075	97.69828896682644	0.002801279961887342	0.2649314441486934	3.0
0.03787117398761858	10.938629058173381	88.59010080026684	0.016357830592907987	0.41704113697924583	3.0
0.02888428197281239	8.910584648989083	90.58602561631463	0.013591871915909161	0.46091358080757516	3.0
0.035209034093624664	8.499367184000373	91.07847775768828	0.013905989025921934	0.37304003519181045	3.0
0.02213548898472521	5.1133285529673635	94.63179333756734	0.011683448970136803	0.22105917151043694	3.0
0.08028959487301894	39.76245697809237	59.40487521867113	0.043744740469252905	0.7086334678942245	3.0
0.026234480914013893	7.808120440353053	91.76089611906113	0.020216115266670557	0.38453284440514224	3.0
0.01597995419550038	3.909636722818445	95.87465936496822	0.0073689112035032105	0.19235504681430948	3.0
0.02169786458161537	4.969214017273911	94.66985579807896	0.010701761263194602	0.32853055880232934	3.0
0.011566452945692696	2.745419408151105	96.96551229257034	0.02121534725009048	0.2562864990827458	3.0
0.013119748177608373	4.319051597516419	95.44951964245827	0.014672423532638808	0.20363658831506273	3.0
0.08926987732724054	36.10940066092033	62.84211188274986	0.11133065928607608	0.8478869197164945	3.0
0.029932227500608526	12.961950661626782	86.55485350757579	0.0192607732361326	0.4340028300606867	3.0
0.08457879313621608	64.98156163301799	34.092275577312684	0.04055492448469577	0.8010290720484049	2.0
0.025137633659186667	10.310661784623393	89.37396203063666	0.008492069330121192	0.2817464817506131	3.0
0.006680287916352223	3.6876318972219755	96.11467011170421	0.004976468967236937	0.1860412341902076	3.0
0.022011840545550772	12.009386925578157	87.67851778998246	0.014817111050249349	0.2752663328435854	3.0
0.026105267933428263	10.004233814679493	89.58184692880135	0.012137909336014227	0.3756760792497186	3.0
0.013445317880194445	5.365313026965192	94.3136849251537	0.005665227806831514	0.30189150219408867	3.0
0.019645844899159097	4.180998959475868	95.57495029248811	0.005517181280272256	0.2188877218565971	3.0
0.01003377643664782	2.830767269898718	97.03706394160217	0.00355842852020578	0.11857658354225492	3.0
0.018508667978714734	3.9870268078606377	95.75925221011953	0.009277437783082099	0.22593487625804945	3.0
0.01409214692424487	5.636977609008756	94.14374585280592	0.005887208739488493	0.19929718252159187	3.0
0.018178645506206403	9.765965149110418	89.99758749639173	0.010222688603719164	0.20804602038793749	3.0
0.013664778197311237	9.199219912759588	90.18810702948765	0.0056398914824438585	0.5933683880730127	3.0
0.02183654433706281	5.024979725221923	94.70438870933387	0.013834565697395404	0.234960455409749	3.0
0.013499605239527548	10.15124831756513	89.59566293351567	0.01031373045498562	0.22927541322469805	3.0
0.009669187375524477	8.264234805375102	91.50514797542762	0.00602737319128193	0.2149206586304641	3.0
0.005264229749667746	2.253388332387853	97.61626569487355	0.0032770348217450295	0.1218047081671872	3.0
0.01734500793868985	18.385261642769066	81.12261293552628	0.01909973544210831	0.4556806783238511	3.0
0.002980396864229671	2.828212737706342	97.05857307873916	0.005619216600121972	0.10461457009012537	3.0
0.017470586048391294	3.855449147572687	95.88936082752747	0.008408692811347826	0.22931074604010826	3.0
0.03849533260312734	10.025231292375496	89.67513906592758	0.020938123333274508	0.24019618576051402	3.0
0.06583303316186526	40.87630721194204	58.29389524531009	0.0451377842378067	0.7188267253481782	3.0
0.020328928771043524	9.53449320508421	90.15515016792172	0.005529608674314498	0.28449808954871586	3.0
0.05282782146583204	11.64482831179004	87.78720005997418	0.015088149973880926	0.5000556567960746	3.0
0.6028045440142841	40.60456698566069	56.44588972057044	0.00374431607653476	2.34299443367806	3.0
0.8035482941104087	89.5688236693656	8.471258237051538	0.007667105770951907	1.1487026937014964	2.0
0.5667765380052525	56.72508186515722	41.22083490487495	0.009991700052734141	1.4773149919098334	2.0
0.2075484333342152	52.758561628848774	46.64471440671099	0.004119545186527985	0.38505598591950396	2.0
0.2867427325755397	86.96398966304449	11.451916185599481	0.026710842647324224	1.2706405761331647	2.0
0.15496553329763255	29.01441339699281	70.35139288548035	0.011132093329237409	0.46809609089995524	3.0
0.12648612863409842	11.508527781832626	87.87082186610206	0.014109030870787983	0.48005519256043294	3.0
1.7834612567595913	68.98056240914114	25.752107171942214	0.07913721828539519	3.404731943871643	2.0
5.391926101462982	18.55628135032924	0.8613374045425938	0.022755022063107373	75.16770012160208	0.0
9.397111442159813	81.6674753276611	0.7466370330314689	0.026646241683938476	8.162129955463675	2.0
10.757378921613704	85.89575821521021	0.537372022119999	0.021123859066218643	2.7883669819899004	2.0
2.6217180297414555	95.10582998223659	1.3862697759221783	0.02061790790091277	0.8655643041988521	2.0
3.0019327899365282	94.47217886008453	1.387617367970025	0.11199927268509646	1.0262717093238194	2.0
0.40316860784288766	94.27934865333219	4.342367076481807	0.10017866297239257	0.8749369993707108	2.0
0.2758264091396617	95.33694136983272	3.5969816786125777	0.2345419068958807	0.5557086355191881	2.0
0.22426609260146899	93.83026259024248	5.230865258756916	0.1565574156742296	0.5580486427248682	2.0
0.30790818908710443	96.57930586091868	1.9801373906087776	0.2882951993734072	0.8443533600120333	2.0
0.7933450644133375	85.93502040605598	11.658262983307962	0.3605362061979563	1.2528353400247791	2.0
0.3256343271119516	90.41309744660889	8.353937043912909	0.24086288178855955	0.6664683005776981	2.0
0.4880773033255531	96.35803156692546	2.3477336588016335	0.28495734705484727	0.5212001238924924	2.0
0.6526671128084832	94.50392869090722	3.68371774961457	0.13880999995680884	1.0208764467129139	2.0
0.1819370622315676	88.74644580517001	10.4614846951618	0.09634823128112158	0.5137842061555005	2.0
0.12264473017034898	86.7027067447188	12.719938801713756	0.06058321915884679	0.39412650423824475	2.0
0.15849316315485923	89.49785875285043	9.76924151519754	0.04304721903064161	0.5313593497665123	2.0
0.03874398383854407	12.525280060623405	87.28685720852269	0.015168713643614598	0.1339500333717413	3.0
0.24934247202536503	92.99325893409572	6.262084096767649	0.032923928944536815	0.462390568166712	2.0
0.3661486099652318	94.73044576942289	4.376545283945963	0.04372125985530429	0.4831390768106056	2.0
0.13260122279310083	51.463440127258906	47.97791922964997	0.01946567471896699	0.40657374557904746	2.0
0.0598781480454206	10.470502193441417	89.22184206852305	0.008502732509511992	0.23927485748062438	3.0
0.11258817774770498	22.092530846820058	77.29735394106623	0.00816645193847226	0.48936058242753827	3.0
0.9106114436412543	96.85977277755924	0.9371679597807098	0.11137790634180492	1.1810699126769872	2.0
0.7258377256030766	88.13530782516365	10.09485730654319	0.10881862240923769	0.9351785202808407	2.0
0.7426751285361288	91.72849238713972	6.19038191574205	0.07237390294067635	1.2660766656414393	2.0
0.8999343109991061	79.66111360234875	18.332396371458646	0.07610019904662416	1.0304555161468736	2.0
0.9713016084565942	91.70827842577452	6.417321587098456	0.06346200102324485	0.8396363776471788	2.0
11.05471188561168	65.24874094670737	7.824179944972304	0.21604274262839082	15.656324480080256	2.0
22.785513029679866	74.17191888634208	0.29043491302525665	0.0789389186541739	2.673194252298615	2.0
8.20449188610522	87.4771448796771	0.45992473588657107	0.14452029496561414	3.713918203365471	2.0
4.671019492156089	92.85397757641829	1.4697619060344225	0.06756243014882042	0.9376785952423873	2.0
2.789866438266273	96.00585431262704	0.4642421968915744	0.03940032718115957	0.7006367250339458	2.0
1.1219468127517565	97.51925441700553	0.9012544269681612	0.07787208296688206	0.3796722603076727	2.0
0.5154008285471396	97.95288216328215	1.0044594986253432	0.09667094440013502	0.43058656514522686	2.0
0.4624492053522401	98.19880479969181	0.6375431407323334	0.2146246721961	0.4865781820275245	2.0
0.4545026138977473	97.45016558693074	0.8736655099102504	0.26058783496494276	0.9610784542963213	2.0
0.1785660032373164	87.35191545725517	11.764302539914864	0.39556490034124486	0.30965109925138684	2.0
0.218553327608151	40.54129366999184	58.51040046507472	0.4327953520488737	0.296957185276418	3.0
1.254401226133541	92.12781530505957	0.9732229737716331	4.353162963335372	1.2913975316998936	2.0
1.4857393830476004	23.493526713065986	0.2502156076476415	71.9296536937334	2.840864602505366	4.0
1.5818501596595549	7.448605916919868	0.021285703106737525	89.48647952637269	1.461778693941163	4.0
0.8245675425228187	4.4478542807578485	0.011209317886308768	94.43880488216459	0.2775639766684271	4.0
0.35463393267088517	1.2488772156286956	0.007635825621002464	97.93253569386022	0.4563173322192079	4.0
0.055373815550254946	0.2060052947961749	0.0010008874212336216	99.59211158539877	0.14550841683356713	4.0
2.5646816164208843	1.8605687683954737	0.0048216737958412	94.03474828289237	1.535179658495446	4.0
4.823206299513148	7.697142710557619	0.015250077996782515	85.43348253178597	2.0309183801464887	4.0
0.5376030920851097	1.648487643511373	0.009064294332126232	97.41719985892566	0.38764511114573474	4.0
1.8760501688094906	1.2655561435847007	0.002164159444844839	95.18283050280554	1.6733990253554252	4.0
0.826564687826171	1.9785945880915077	0.0053195339999003634	96.40719158561963	0.782329604462808	4.0
0.8066664064326456	0.7944004517726623	0.0015282322002847187	97.93831803358952	0.45908687600489184	4.0
0.46394221639292443	1.154682157546795	0.003104043444925766	97.93332875881985	0.44494282379551237	4.0
0.6465270885206844	2.420154480760608	0.0031718508092127445	96.81980368098326	0.11034289892623217	4.0
6.687066143896257	2.808573558188322	0.010074232774939247	84.2681310481441	6.2261550169963735	4.0
3.861784440966074	1.2180344571417052	0.0015900986142506493	0.4565765828331594	94.4620144204448	0.0
61.71720590620063	11.043349640964808	0.004276012922227224	0.5903120136912022	26.644856426221136	1.0
66.56984348796026	25.45790643878113	0.0439087693698252	0.25530504861014014	7.673036255278642	1.0
64.25734394797942	30.660995789638463	0.056123569172980156	0.30265451899489765	4.722882174214237	1.0
16.131771687498098	77.54472605921961	0.06004692913463358	4.035122054003416	2.228333270144252	2.0
14.25012939368778	78.66497973247209	0.1534491963385519	5.408498333691988	1.5229433438096043	2.0
15.476612283073287	66.03780413885342	0.0657740427531118	15.009415904782083	3.410393630538095	2.0
11.660829140153082	74.42964424845935	0.030278722587830504	10.740956436834269	3.1382914519654572	2.0
11.275125666710816	73.61355702439684	0.019394649640028246	13.743825601466005	1.348097057786294	2.0
4.920106116092778	65.55274893819403	0.019127015686107845	28.82904757488492	0.6789703551421657	2.0
3.025074007228995	55.885476211574726	0.06065577208726324	39.7165108658318	1.3122831432772295	2.0
3.48816281799762	62.666665224953334	0.02998511094554824	31.554608023370672	2.2605788227328234	2.0
1.3981868627679628	79.88263858135312	0.022278736961528517	18.052346491744288	0.6445493271730942	2.0
1.3391599749377412	78.48992931066574	0.05981783142834705	19.047706646618593	1.063386236349564	2.0
2.2831962476979752	59.676894136109205	0.017611972765493845	36.52160829869108	1.5006893447362546	2.0
1.9904785356312498	61.61672905889395	0.08747494695877342	33.733713339424334	2.5716041190917034	2.0
2.255604773535887	55.9375791942155	0.050300325783557504	40.33061247882646	1.425903227638586	2.0
4.02917558507581	36.56528247266557	0.02011549025478445	58.68812300976644	0.6973034422373812	4.0
1.3644820687580277	68.18169166037123	0.11056150218341654	29.35330591028781	0.9899588583995311	2.0
1.713554777643946	46.23687704363773	0.01600595295924938	51.36579029719628	0.6677719285628078	4.0
1.020747826922631	11.148866293147297	0.024142873346717563	86.77114862150367	1.0350943850796843	4.0
2.926423590051357	24.00064614118522	0.05460236774673043	70.40667264829655	2.6116552527201318	4.0
1.5230198241149717	24.96520849986777	0.02432618449271108	73.13559665584923	0.35184883567533104	4.0
0.5657014788091523	2.9839547842286853	0.004689547035983774	96.13015734931358	0.31549684061259553	4.0
2.011265112419867	10.950822059457055	0.007825615815554098	86.4902359189508	0.5398512933567033	4.0
0.8703757493099167	7.579860378845982	0.00600672463634638	91.235454632446	0.3083025147617713	4.0
0.11490390551322617	0.3240390695748382	0.0006045625946227488	99.30798670249362	0.2524657598236943	4.0
0.5095782062853221	0.9938909172349818	0.0012384674063986242	97.97381228253008	0.5214801265432062	4.0
0.42557293043201905	0.6187453036727507	0.0008323119002060322	98.74226196683584	0.21258748715917802	4.0
0.4493651132560915	0.959314854483269	0.0024877337885473145	98.41688426817755	0.1719480302945333	4.0
2.478281501010515	6.534188695261685	0.0030904352404222944	89.88744530806598	1.0969940604213964	4.0
0.8769886721936697	1.860393980677899	0.003356958868064552	97.08189802568336	0.1773623625769929	4.0
1.0809674301764634	5.422212895197305	0.00524271307894356	92.94109990602188	0.5504770555254176	4.0
7.501123947435014	28.972025355310993	0.01272269325889536	60.964226953414965	2.5499010505801265	4.0
4.724459345505664	66.7576116543378	0.0495512952566102	27.863797452297106	0.6045802526028226	2.0
0.8083780045619129	89.26197426392234	0.15049095714803734	9.336354376688591	0.44280239767911755	2.0
5.777059628052031	66.9945660099245	0.03358733907353598	25.68983552445306	1.5049514984968841	2.0
4.519079149940742	9.846816617368539	0.013365636016113083	0.8207124300283284	84.80002616664628	0.0
8.556935153715196	6.080326513367012	0.010452311365232786	0.12187491647783416	85.23041110507472	0.0
3.25043949908295	1.1791023794179603	0.0004367769356080865	0.00984879093472996	95.56017255362875	0.0
4.4441934704909025	1.7448109136617307	0.04743213604166228	0.04813451963879067	93.71542896016692	0.0
1.4353958079520823	0.4991557999323426	0.0011661477378440788	0.008890844386377798	98.05539139999134	0.0
5.632475380093499	1.6552643802363882	0.0015585621876741842	0.02162337039723404	92.6890783070852	0.0
8.364459551171386	1.329405578034733	0.0007259336468280594	0.0455253664869197	90.25988357066012	0.0
1.1593917202973556	0.32212348620081616	0.00022582165875695037	0.005071483294263939	98.51318748854881	0.0
6.860348613447156	1.3060702013403078	0.0007605174399794593	0.029480871104322893	91.80333979666823	0.0
17.443261407682016	6.395509263219343	0.004846415610748167	0.0922770811922945	76.0641058322956	0.0
8.617232167219186	1.6824443790319117	0.0010726017433633614	0.0600437848395044	89.63920706716604	0.0
7.349508795478829	3.84465109044322	0.0016841946566166636	0.0709773696344177	88.73317854978691	0.0
3.446538220843512	1.3311378780663783	0.0004288361441620379	0.050119016293373314	95.17177604865256	0.0
30.707542235647374	6.675267518299114	0.0021299656722437847	0.13554792955720052	62.47951235082405	0.0
57.930088520769665	18.902625512391477	0.012622165988265892	0.3648597579315932	22.789804042918995	1.0
16.512499356790165	60.95546542277681	0.4776912095052983	0.5810078743336562	21.47333613659407	2.0
1.722944322953985	0.892997810949002	0.0016891518842144942	0.07084568820111703	97.3115230260117	0.0
18.995559943250257	5.219786270226535	0.001865008261659788	0.17188389460611314	75.61090488365545	0.0
1.4037451920612032	0.8059463001089809	0.000800967494860008	0.04879632725283571	97.74071121308212	0.0
2.7593836848682916	2.3994421753186783	0.030137586210866527	0.1180174775995813	94.6930190760026	0.0
1.1071147029068804	0.4171077022756775	0.0003014943308917014	0.01169714515325494	98.4637789553333	0.0
1.9314555554394424	0.7456455389194752	0.0002574993837699507	0.03308605951517024	97.28955534674215	0.0
0.9301291890519172	0.4699107734871798	0.00018050234240813592	0.021819719781933696	98.57795981533656	0.0
18.200140507155563	44.22374562244896	2.47266749256642	1.1311278770414308	33.97231850078762	2.0
6.45716155942752	8.030507633551121	0.11494789546674539	0.19808936858564657	85.19929354296897	0.0
1.112578927763194	0.4889796624500624	0.00027977978502771934	0.02086226096747004	98.37729936903426	0.0
9.02963567819743	11.693138791525858	0.08585894919025333	0.22491153172023848	78.96645504936622	0.0
4.230973726352294	1.1884200977850665	0.0006190658590294704	0.049928462395300834	94.53005864760831	0.0
14.160946804393049	49.346905840776174	0.26256079504943075	0.3539122529782235	35.87567430680313	2.0
11.520332693946694	25.05505492032554	0.07620075401460553	0.3194025841796801	63.02900904753349	0.0
1.0045506366197081	0.7514874942106395	0.00025122845018732285	0.02492890561773115	98.21878173510173	0.0
4.204616619450652	1.5336267094846603	0.000627662202603556	0.0496549140925894	94.2114740947695	0.0
9.343319085367991	11.536946155382466	0.01958703291673068	0.11257374722702781	78.98757397910579	0.0
0.5962929482736787	0.505046817932983	0.0001525035799319531	0.009796046305369153	98.88871168390804	0.0
0.5918547195648888	0.297785559047597	0.00013653534559056972	0.008569651710668046	99.10165353433125	0.0
0.284254531802815	0.20156059035683765	4.6922611181508936e-05	0.004702995599050754	99.50943495963011	0.0
0.33215228502217714	0.14521882348755594	7.30280813946522e-05	0.0025251930362803466	99.52003067037259	0.0
0.23872326136830294	0.1297200238058766	1.2917171071688323e-05	0.003324180268925552	99.62821961738582	0.0
1.0049353928359213	0.34269924875730545	8.131739046290082e-05	0.006674209498181814	98.64560983151813	0.0
0.15452417229019666	0.26843846849134423	2.680328961906809e-05	0.00618269857839848	99.57082785735044	0.0
0.3668272294560952	0.226990832724584	0.0006407481840751548	0.0056859476239553	99.3998552420113	0.0
0.5905401479037921	0.22817089598344853	0.00010665661182181012	0.0013576546820155664	99.17982464481892	0.0
9.49918892904078	4.61032752662933	0.1271371848072172	0.03394665603122566	85.72939970349147	0.0
1.6824299019644198	0.7497975918688536	0.025155434911199422	0.006738795204004898	97.53587827605152	0.0
3.557156808932878	0.6490376705957073	0.0006784427345848328	0.010736171026133107	95.78239090671069	0.0
1.4464900115930004	0.3994488239270429	0.0001376344729896823	0.008100911414217695	98.14582261859276	0.0
47.3441560926877	7.623747416082223	0.0017487528316865828	0.06795021994484973	44.96239751845352	1.0
53.288210056274885	9.640361290836621	0.002125073529156761	0.09049799761248693	36.97880558174686	1.0
47.12906347660691	13.009444166169473	0.0075107626858045284	0.12436955702717556	39.729612037510634	1.0
58.28465067682544	32.67931076287606	0.01991383524179209	0.16475828965591385	8.851366435400797	1.0
50.32117505818674	32.91915027868127	0.020747866379999536	0.35693331915790966	16.381993477594076	1.0
29.602934789091233	65.81485525249484	0.16793993854729072	0.26966550660063426	4.144604513266007	2.0
11.915918471695738	83.66786946676517	0.14444460075123364	0.14315071047825656	4.128616750309618	2.0
18.528408281738464	77.95407062519682	0.03860191407907947	0.091008574850135	3.387910604135526	2.0
7.000058216510278	91.68451782419686	0.0700912749181086	0.07353910567282164	1.1717935787019484	2.0
3.5373255125618925	95.23334145510553	0.09515138563517339	0.05576711053800065	1.0784145361593838	2.0
3.823777657100874	94.27969734905567	0.1250209498984034	0.058423461284420594	1.7130805826606408	2.0
3.172268030225029	95.57425238562807	0.1370856828736574	0.038025593084607644	1.0783683081886535	2.0
1.7960291985004984	97.47988982719649	0.12728093957463188	0.02757759639301658	0.5692224383353525	2.0
3.7682682213191265	95.28274652305632	0.12737724670421335	0.0477250190801413	0.7738829898402128	2.0
1.4759558515715094	97.70915715321841	0.13051954147553307	0.029102282019684452	0.65526517171487	2.0
1.3939148601174085	97.81377930201282	0.09333181205245464	0.038756136678476244	0.6602178891388468	2.0
1.267518825544104	97.93000798444078	0.26236846160460253	0.04989114316193051	0.4902135852485709	2.0
0.6439628827770458	98.22164377431886	0.7157866302819927	0.025990591254688077	0.39261612136741897	2.0
0.9275627764675171	97.92473799812186	0.7055578734997897	0.07491177522200633	0.3672295766888372	2.0
0.4114759332824265	98.40180281573306	0.657615250174252	0.08674361673873977	0.44236238407149253	2.0
0.42937121303385645	97.59902687849934	1.3982063801688471	0.09460349223357656	0.4787920360643865	2.0
0.5779775918175631	97.68350363123321	1.1098464535559656	0.22903862155949117	0.39963370183374625	2.0
0.3504291605024638	97.01624552565498	2.197473139079769	0.14008976858276276	0.2957624061800345	2.0
0.26711420599482966	97.04021202717327	2.07321342053553	0.17762815340718152	0.4418321928891821	2.0
0.28770886985809085	95.28165825840541	4.058081742160017	0.043542167685201395	0.3290089618912633	2.0
0.17518715357263806	93.14619440067982	6.363669217465742	0.0748828054656477	0.24006642281613547	2.0
0.20044455232410574	93.82400434899124	5.469163057903688	0.1740736676570781	0.3323143731238718	2.0
0.2523057758132153	96.40281805874054	2.79951061047066	0.1526100653144225	0.392755489661175	2.0
0.2631591188279465	87.41274630732659	11.92705283146662	0.07743836035940828	0.31960338201943816	2.0
0.1857690464164554	93.46529331163215	5.750477290436705	0.1532459456932644	0.44521440582141436	2.0
0.2258194832021511	95.89883083181284	3.454430670112122	0.09785816843849321	0.3230608464343925	2.0
0.14454446801601367	97.6384619101251	1.7941084379577477	0.11926147642260343	0.30362370747855244	2.0
0.12361343551359663	97.55347553257717	2.000841861573445	0.11753981625855689	0.20452935407722145	2.0
0.1831916375106862	94.72020055564779	4.764664707393773	0.09993376344256959	0.23200933600516366	2.0
0.23856684865187777	95.56214040238503	3.8574379704509782	0.10531928451277849	0.23653549399933033	2.0
0.13281189727398976	48.731930517079896	50.84103098393978	0.06847274897505935	0.22575385273127369	3.0
0.17509221255512006	82.93383487497127	16.521205006963182	0.11248346280000536	0.2573844427104206	2.0
0.21237505189747166	62.29391051827432	36.92154446968754	0.12978374968725528	0.44238621045341214	2.0
0.5617256672942885	27.843091517335246	70.17886521656578	0.06645273602486262	1.3498648627798129	3.0
0.7096332356415443	87.59692546395627	10.736995735704994	0.24259280415432383	0.7138527605428603	2.0
0.3835461532281055	81.35586562035417	17.66580203711972	0.1679416016424669	0.4268445876555694	2.0
0.2875036966131592	43.522348218872764	55.718036840021	0.1084854292639462	0.3636258152291226	3.0
0.14142822244700512	40.06808101177411	59.500550460193345	0.09631088328836189	0.19362942229717287	3.0
0.3663056764847028	89.3589635325924	9.854738093367116	0.11942699827239205	0.3005656992833821	2.0
0.1621496001101854	55.144487173805224	44.34550219243135	0.03742737089941515	0.31043366275383705	2.0
0.26976905525313966	66.05044114571703	33.301599861274404	0.08436357172266006	0.29382636603277895	2.0
0.24762109956796732	65.59556961915074	33.93181399942126	0.0603352247080549	0.1646600571519638	2.0
0.09080196460858106	29.43862007113286	70.19734673154309	0.029255401278523153	0.24397583143695215	3.0
0.17124069016915502	91.36125085267459	8.012201368126584	0.06182415771213539	0.3934829313175437	2.0
0.2452594696381333	88.63875521457693	10.775395962029801	0.09289693470516773	0.24769241904996445	2.0
0.07390966360896309	21.77867376742859	77.88932090136534	0.022904856121866483	0.2351908114752367	3.0
0.22049719634012094	91.21940469021297	8.16224862202101	0.14732016992834962	0.2505293214975294	2.0
0.2105164688036047	92.72222813843418	6.5874066974231305	0.09706877839324221	0.3827799169458425	2.0
0.23848480006000003	81.32544747435875	18.09033011153467	0.08742139175367485	0.25831622229291307	2.0
0.14871066297602678	52.46935148372177	46.941244240270464	0.07287284624671629	0.3678207667850166	2.0
0.20166940223517443	66.26485006522064	32.90118834672459	0.0743731227743495	0.557919063045234	2.0
0.22144177410862487	55.325929833079655	43.92195696748066	0.14360894088445286	0.387062484446591	2.0
0.11593927226876506	66.27392539266167	33.13227201477895	0.10452536792741438	0.37333795236319894	2.0
0.034013511568948905	12.276616655247508	87.52702032039006	0.02111955390993735	0.14122995888356923	3.0
0.15827737241650486	70.99951322463195	28.31678040745571	0.10727918142276786	0.4181498140730763	2.0
0.06625302819808263	28.165951094533533	71.56773787284351	0.029289845321821974	0.17076815910307283	3.0
0.061185030840287945	10.043912591888251	89.76947913602065	0.017803858111256402	0.10761938313956852	3.0
0.23454208625314296	68.13556371899597	30.98162848033428	0.0664884895070071	0.5817772249096106	2.0
0.23520637957888035	66.40619033262584	32.90304251625427	0.04873791606477282	0.40682285547623526	2.0
0.36844733052260875	89.70407910958245	9.319773032247992	0.1126638486470076	0.49503667899997283	2.0
0.1561739910764535	44.06050020878675	55.52751242775141	0.07819176590385772	0.17762160648152253	3.0
0.12644373497353692	49.87818559258403	49.69494878486064	0.08173198040851552	0.21868990717326423	2.0
0.8045193188446492	64.87488808721046	32.649160428915124	0.02590479364638993	1.6455273713833656	2.0
2.6667400260682506	95.20275895455657	1.2458087487580773	0.23060621730744305	0.6540860533096355	2.0
0.4623603093296791	74.21177160797112	24.832542289963754	0.03779494646536254	0.45553084627008394	2.0
1.278323705754164	96.96950474431205	1.296626666058596	0.03962086455631937	0.4159240193188677	2.0
0.7924782572735618	98.39712259565933	0.3648836005078588	0.1576979540802102	0.28781759247904704	2.0
0.562016795762363	96.62601264052525	2.153032483895073	0.11496914580634479	0.5439689340109777	2.0
0.3465553038298787	89.57203326119868	9.644377554650083	0.13643882207688135	0.30059505824447863	2.0
0.3647246755099108	98.5114616775026	0.6415059876975813	0.17690007424447357	0.3054075850454352	2.0
0.7270151058770215	96.94817215130736	1.4680495023385998	0.3305237533126225	0.5262394871643895	2.0
0.3081518379631077	95.10608609815665	4.134901353183623	0.14873192415598188	0.30212878654063346	2.0
1.0335635641676004	69.66598855648793	27.482543929237025	0.23143202264968135	1.5864719274577417	2.0
1.0926426110300238	94.81131686764918	3.6313522325606167	0.15727902049322331	0.3074092682669791	2.0
2.3944401787103007	91.24893157629464	5.08942757245743	0.2551112730852492	1.0120893994523863	2.0
4.520393714687557	92.15528099455604	1.9617570287426955	0.397134308236127	0.9654339537775815	2.0
1.506824790056674	87.60375187102541	9.813517027729125	0.13234180807783585	0.9435645031109561	2.0
1.8332420048303617	75.98548354910247	21.31727480032702	0.15257283991494008	0.7114268058252121	2.0
0.9137806724263576	89.37412717585553	8.747671418805266	0.19745584689118295	0.766964886021662	2.0
0.6464970219904731	32.675737710726146	65.68176184474902	0.047023732919070166	0.9489796896152998	3.0
2.0479199001889663	94.79947305336819	2.18777344226534	0.222226860900921	0.7426067432765743	2.0
0.860228036148069	89.88497994713738	8.740308258746667	0.06463021075438115	0.44985354721349524	2.0
3.023964884023939	95.73953885551265	0.46234464794030933	0.1369049971697956	0.6372466153533248	2.0
0.440273123511558	95.26136103319539	3.7735819206945838	0.08712340636824714	0.43766051623021746	2.0
0.9771726180848381	97.95807398385699	0.6609522200895847	0.10350224133567881	0.3002989366328962	2.0
0.6429642863751284	98.20312029561103	0.7393026601859605	0.11781546920711955	0.2967972886207493	2.0
0.4592060210094087	95.85195556801551	3.2871191362408325	0.08539406348670393	0.31632521124752927	2.0
0.426823389379811	94.83860342117856	4.294743892448101	0.09350803555115605	0.34632126144235337	2.0
0.26519067825394216	98.08912110251924	1.2688863270972643	0.1508762625734757	0.22592562955610643	2.0
0.6472212586811343	97.25408582246753	1.7152103520657986	0.13775513849645937	0.2457274282890845	2.0
1.0488298521539328	96.97690324274122	1.526478358550288	0.19728666424123392	0.2505018823133038	2.0
0.1466763186806498	93.77119954360393	5.791708544218417	0.08573629466672349	0.20467929883028904	2.0
0.24035446908681	95.4086173953673	3.8984504959506285	0.06346467240476163	0.3891129671905064	2.0
0.26161803819199375	96.75583520548294	2.643962527286031	0.09644683906948191	0.24213738996955972	2.0
0.21403994118778477	94.02119353355401	5.266813159090436	0.08108973479956826	0.41686363136822097	2.0
0.9006085416418514	97.84013123729615	0.40126162445790464	0.4920051378655568	0.365993458738554	2.0
0.7005945777514007	97.7603297280612	0.690782828753246	0.5033715121462271	0.3449213532879342	2.0
0.25281002757431714	98.43398733590391	0.41580463109250654	0.5938268567705557	0.3035711486587174	2.0
0.21265520239143296	90.73230606300514	5.856299274832229	2.9402342371986947	0.2585052225725087	2.0
0.2131514054221584	34.96588605028903	0.6094832885291321	64.01539029670079	0.19608895905889354	4.0
1.338291266011939	42.13875760303484	0.08813474574443754	55.63979066211535	0.7950257230934321	4.0
0.5904232814907978	4.793067422450642	0.0037474399798991215	94.48139251032315	0.13136934575552042	4.0
0.24132009928419115	1.068822597081631	0.0010447165305296038	98.61534692397849	0.0734656631251492	4.0
0.22428227588284058	0.2437211400427698	0.0012575415564518608	99.3275880504765	0.20315099204143836	4.0
0.4161283995181126	0.09893036663626588	0.0005074830633062389	99.10653709258239	0.37789665819992363	4.0
0.5767897274489325	0.19787530663867028	0.0002624457786900023	98.11204050384629	1.1130320162874308	4.0
6.459402390745036	2.056595073654816	0.001315709023041793	89.52419430652681	1.9584925200502992	4.0
3.742820067588089	1.21374984359112	3.4672570786740744e-05	93.73645992333665	1.3069354929133394	4.0
1.6055104070037696	1.9023211379893081	0.0005725167593086079	96.29226364874941	0.19933228949821913	4.0
0.2525063745052291	0.12831030847380803	0.0003056059051591445	98.88539565192316	0.733482059192629	4.0
0.3775700831258228	0.5529570524774217	0.0002933006844402639	98.92622682930781	0.1429527344045027	4.0
0.14876187356742498	0.16395197957970517	0.00034013281763153923	99.44469246760205	0.2422535464331717	4.0
2.566912312351415	1.9111659838674218	0.002676046865429051	87.93566012328749	7.583585533628252	4.0
8.804436079861063	15.7111566436031	0.04649198661593558	3.127939449077921	72.30997584084197	0.0
1.4470935195480383	0.6503327754413488	0.00020764998091566574	0.172152548990938	97.73021350603877	0.0
1.2591508905277538	0.3755088107976484	0.00023180563145064394	0.05634818930589134	98.30876030373726	0.0
1.7976033232162407	0.5375617644179418	0.0008254068467602285	0.02193474063952307	97.64207476487952	0.0
1.0607087100775845	0.4091542179062161	0.000149326776562895	0.013912645878000918	98.51607509936163	0.0
1.7078512247823154	0.6901767493604309	7.589832382951688e-05	0.01824800910327455	97.58364811843016	0.0
2.44515203871566	1.30646499872352	0.003871026863505782	0.05063572764323302	96.19387620805408	0.0
0.917084110719704	0.3111908800529414	0.00011896434227748035	0.012018081836189387	98.75958796304889	0.0
0.9598795427935424	0.19951160220464279	7.732341225336592e-05	0.007816571351084234	98.83271496023848	0.0
4.327252661084901	1.0167394611296847	0.00038768355973129045	0.03668327123225851	94.61893692299344	0.0
2.6764411834668036	0.623119657904155	0.00020800489150898179	0.009466205451020008	96.69076494828653	0.0
28.79391514736731	5.4708469958811135	0.0012181874073687604	0.09899377895601963	65.63502589038819	0.0
31.969060801966748	7.992441194820277	0.004724194438291831	0.22111951984981232	59.81265428892486	0.0
56.78112548165702	20.506256923726625	0.007825203648552378	0.5898681269206545	22.114924264047136	1.0
45.38339959543619	33.637480319918	0.006734042274296908	1.2865859022044648	19.685800140167046	1.0
43.09596122676343	49.055886788368014	0.004553262383969548	1.2701055372006407	6.573493185283967	2.0
20.382655254118802	77.3537932042461	0.023455326015377254	0.8122582125456914	1.4278380030740367	2.0
9.406052520938953	89.45425394283474	0.07694032349126424	0.28173938326079007	0.7810138294742599	2.0
4.269131796465335	94.80914232510332	0.07567361825221336	0.5055253515985044	0.3405269085806455	2.0
8.164911766545915	90.3480135343614	0.009501324067893412	0.9465884583381002	0.5309849166866965	2.0
1.3555043791866521	97.97814742291276	0.14115198893457925	0.33200177826216265	0.19319443070383846	2.0
