N1	N2	N3	R	W	anotaciones
0.0004610423099517278	0.0024804990555569884	0.0008631979998490909	7.1375554554729145e-06	99.9961881230792	0.0
0.0031230826412417477	0.014857256240946422	0.0014014917114829092	9.377117764582984e-06	99.98060879228858	0.0
0.0014815096630596092	0.008496831002760705	0.0012331789397561827	2.5267747030663667e-05	99.9887632126474	0.0
0.0009655004990292959	0.004001520625216394	0.0005409932746776517	1.6102169848680052e-05	99.99447588343124	0.0
0.0012387303166808605	0.006127978677191146	0.0014639243584377835	1.7056952155155868e-05	99.99115230969554	0.0
0.0018011116173217315	0.007189605097411184	0.0019390985823931803	1.4399713358387325e-05	99.98905578498952	0.0
0.0020522256542725857	0.009625513839357808	0.0028452753913330397	3.7507236246115015e-05	99.98543947787878	0.0
0.0037805589948440984	0.006120581544459628	0.0014274705848619992	2.150673205253487e-05	99.98864988214378	0.0
0.0035190139474196237	0.012170786449861876	0.005067379967051479	2.0611734638305765e-05	99.97922220790103	0.0
0.001966571476931547	0.014161194515963524	0.0046004703474950516	1.4865864445292333e-05	99.97925689779515	0.0
0.0006292105259329402	0.008715765549476524	0.0009470086753151835	1.3759164065139865e-05	99.98969425608522	0.0
0.002761458822495886	0.003784708564284653	0.0002995424271339443	5.271589633885542e-06	99.99314901859644	0.0
0.0006784677755787396	0.0016600220322188204	0.00023636387697472712	5.4437873732102684e-06	99.99741970252786	0.0
0.00022071430258125335	0.0025885685151347247	0.000195891574386276	4.712512834893189e-06	99.99699011309505	0.0
0.00027794404631125536	0.002663038277382835	0.0004691121122734801	6.998741015126785e-06	99.99658290682302	0.0
0.0012874249623156169	0.0015724213446559232	0.00024995365663148093	8.688041452042494e-06	99.99688151199494	0.0
0.0008320702676142839	0.001603930604541952	0.00020514163746413998	7.120499315542698e-06	99.99735173699106	0.0
0.000734641009768558	0.001293069649930276	8.052057654416322e-05	8.818429427144571e-06	99.99788295033433	0.0
0.00021499778267244208	0.0008840467848857583	1.3630919412380032e-05	9.94049653549619e-06	99.9988773840165	0.0
0.00149737017115446	0.0014394562997807306	2.4820073213159696e-05	1.847524590517874e-05	99.99701987820994	0.0
0.0003277196390938292	0.0010423182638611274	3.636358268150677e-05	2.0008527362117163e-05	99.998573589987	0.0
0.0011305461322428084	0.001174730214229242	3.9958323894768366e-05	3.340279984670129e-05	99.99762136252977	0.0
0.0005901142167407366	0.0025194396107149283	8.536204299402896e-05	2.7004809350601906e-05	99.9967780793202	0.0
0.0019615920469549485	0.00609707473322644	0.0002722147621587345	0.00011880950826899023	99.9915503089494	0.0
0.005730830150502819	0.006828170314803754	0.0006838081928349156	0.00015834219321805233	99.98659884914865	0.0
0.008388277517346316	0.01773334507473117	0.0012516383539289211	0.0002482208532286507	99.97237851820077	0.0
0.004572206290900629	0.006950191228700409	0.0003078604373411454	8.056570529911147e-05	99.98808917633775	0.0
0.0025860409933694053	0.007852454560126213	0.000343630457856793	8.893643977196985e-05	99.98912893754887	0.0
0.005328339663045634	0.0032080309425511857	0.00030629053676708935	4.5833576959047595e-05	99.99111150528068	0.0
0.00402297210661452	0.003325713933227707	0.000491115512401449	8.542257759473712e-05	99.99207477587018	0.0
0.0015720606946404109	0.002458095294927528	0.00026130174731742785	4.719684935065581e-05	99.99566134541377	0.0
0.0016218028648436044	0.0018118078337066171	8.205016862887274e-05	4.0207080650373244e-05	99.99644413205216	0.0
0.000660934225225439	0.0017215970083298711	0.0001311294600326504	3.431882979569799e-05	99.99745202047662	0.0
0.004793266807218981	0.004554733665097807	0.0002649508418237847	0.000132064003297354	99.99025498468257	0.0
0.0026862407032248363	0.005846221482228869	0.0009772689806051165	0.0001577224045660155	99.99033254642937	0.0
0.004015847695907752	0.006432040759977593	0.0014320041896203548	0.00015627939594017865	99.98796382795857	0.0
0.009121617723705207	0.010520045912452198	0.0012477550737548205	0.00014154097202451917	99.97896904031805	0.0
0.010384670083903634	0.008382063427246709	0.0012288987782487892	0.00013698445031963406	99.97986738326028	0.0
0.007989117047609883	0.01744959654849406	0.001189772908713622	0.00010278541315058979	99.97326872808205	0.0
0.009024171389757014	0.013736297769920474	0.0011476219765200893	4.710673834689814e-05	99.97604480212546	0.0
0.004818150266014778	0.011068542430106586	0.0012031422593422496	4.27322056067683e-05	99.98286743283892	0.0
0.004682514583359521	0.01635415511299067	0.0015066701062467092	1.860798770428333e-05	99.97743805220969	0.0
0.004765003988744327	0.012162693302657889	0.0009671961437266333	2.340193074609493e-05	99.98208170463411	0.0
0.0012719597185390245	0.009999818508883365	0.004694113545915436	5.277263660248045e-06	99.984028830963	0.0
0.0009867081253729043	0.004008465953361511	0.0022483633900143717	5.315018287486637e-06	99.99275114751296	0.0
0.00021921758148457147	0.0014572496416448686	0.0016077090826626943	2.759348362015413e-06	99.99671306434584	0.0
6.435215773939376e-06	0.0008917533618400882	0.0005999088025715933	8.200701924554277e-07	99.99850108254962	0.0
3.1391660678506402e-06	0.0005159707318240594	0.000891455797980911	5.630277481180505e-07	99.99858887127638	0.0
1.5744981499916434e-06	0.0002637896637816833	0.0010329486524934346	3.2298815853097356e-07	99.9987013641974	0.0
2.4773524979126413e-06	0.0002039222757793392	0.0002391740221930002	3.1397901509598036e-07	99.99955411237052	0.0
4.954167537521864e-05	0.00028742409373993806	0.00028175874126599564	2.8093351120137096e-07	99.9993809945561	0.0
0.00016623739131356436	0.0005251078488453019	0.0003826486962367799	6.837310436858254e-07	99.99892532233257	0.0
0.0002619556936504018	0.0007460347951730564	0.00023850405021040547	1.1778170749576494e-06	99.9987523276439	0.0
0.00024972414634180315	0.001660986451531305	0.0010440476773045464	1.2168540381607506e-06	99.99704402487079	0.0
0.0006658735548019579	0.001884953034929485	0.00045668459503616206	1.5459163519335042e-06	99.99699094289889	0.0
0.00023115451038588055	0.0004053218390285358	8.296962509145913e-05	9.919330332722557e-07	99.99927956209245	0.0
0.0004147120400809806	0.0012138576169373639	0.00014789330923161152	1.7057366500458012e-06	99.9982218312971	0.0
8.846386730497378e-05	0.0003894894659076312	4.6231656481834705e-05	4.831058007633409e-07	99.99947533190449	0.0
0.0006314135929370867	0.0014933384735150805	0.00019255237882696388	1.217787260640588e-06	99.99768147776746	0.0
0.0002647200017760245	0.0013463787635805181	0.0002086173068873965	8.130812284393541e-07	99.99817947084652	0.0
0.00022314774954251707	0.0015326595531278894	0.00016144095293981872	1.3128833803326928e-06	99.998081438861	0.0
0.00027598069365826353	0.0013815646875247403	9.598598278928325e-05	2.035338516346023e-06	99.99824443329751	0.0
0.0018921635427221776	0.003311560853963059	0.0001313430440853599	4.1123120887437875e-06	99.99466082024713	0.0
0.0002580931558117548	0.0014875752361929759	0.0001614804199371186	2.163262316183967e-06	99.99809068792574	0.0
0.0009150539758094479	0.0022463250666201785	0.00010753530462976928	2.90317185162708e-06	99.99672818248109	0.0
8.282120240514948e-05	0.0003436574250674105	9.22417470361394e-05	6.50460811591087e-07	99.99948062916467	0.0
0.0001422091082057111	0.00038266675591405605	0.00012050432638339543	6.662462699740204e-07	99.99935395356322	0.0
0.00012553873934577982	0.0002251538981186872	7.103368112723847e-05	4.3290857479822166e-07	99.99957784077284	0.0
0.000618813573882969	0.0009026207958813843	0.0002743724249880996	1.8266344896487807e-06	99.99820236657075	0.0
0.00037836385824755137	0.0009756171263562375	0.0001509775877640603	2.404651028463273e-06	99.9984926367766	0.0
0.000754559515186592	0.00167079078967315	0.00023687902762916136	2.6581151119697264e-06	99.9973351125524	0.0
0.0006814096629859973	0.0017279447052592157	0.00024460412476751706	4.782299644397731e-06	99.99734125920735	0.0
0.0005264560876000516	0.001626847782847293	0.00035633411885685186	6.240935354587442e-06	99.99748412107535	0.0
0.000618716174700491	0.0022326000405967364	0.0003328231455984164	4.911356359697075e-06	99.99681094928275	0.0
0.0015994187241616935	0.0031105976847987235	0.00019104701983031435	8.325776178122013e-06	99.99509061079503	0.0
0.0009080582413854639	0.0023586189185462268	0.000828341494888122	7.976118371100634e-06	99.99589700522681	0.0
0.0064573364793264155	0.00620795513642533	0.0003112517440111026	8.506871638501742e-06	99.9870149497686	0.0
0.002060581543765941	0.0016563001915195661	0.0002272966078400564	1.6565646959457433e-05	99.99603925600992	0.0
0.03154966128260244	0.005695094265813875	0.00028516268870246023	4.5394246141745555e-05	99.96242468751674	0.0
0.003311451794970957	0.003256430595997674	0.00023549352289937097	1.8266986664515597e-05	99.99317835709947	0.0
0.00027000606213070666	0.0007016406899374892	0.00015406053528125945	2.493473591244988e-06	99.99887179923907	0.0
0.0003583177452237553	0.0007121123357827288	0.00026311080822264337	1.625339238843614e-06	99.99866483377154	0.0
0.0005118285389358131	0.0010799455731044048	0.00046264418705380605	2.2605337196018138e-06	99.9979433211672	0.0
0.00018553223843897237	0.00041450890658553143	0.00014707465989682457	1.0831616703208344e-06	99.9992518010334	0.0
0.0006262987019579959	0.0013178311186765167	0.0006443852547646328	3.197653635485521e-06	99.99740828727097	0.0
0.0002831995584551937	0.0008054794393731856	0.0004805709376076412	9.224140631543943e-06	99.99842152592393	0.0
0.0012543149970815394	0.00229708060834994	0.0007210672180887435	2.051908770071496e-05	99.99570701808878	0.0
0.004423723005310572	0.009731973799419832	0.0015506625690012569	0.00014470279316230886	99.98414893783311	0.0
0.0012420856258546736	0.0022398789229066416	0.000619799392925896	5.091724848030272e-05	99.99584731880982	0.0
0.001388850495414075	0.00391141715221324	0.00033604342087561724	3.823072430135237e-05	99.99432545820719	0.0
0.0008060781759561021	0.0019408705078264275	0.00021172591838001847	5.097132027753934e-05	99.99699035407757	0.0
0.0015686622062143962	0.0034661998390783577	0.0002758664926073575	0.00011563082501542169	99.99457364063709	0.0
0.006117521787033915	0.0073421262133842	0.0014014305598769644	0.0002555924393734165	99.98488332900033	0.0
0.06616933810776564	0.028795879481045106	0.0009927316346594777	0.000652333722616404	99.90338971705391	0.0
0.37945746702261246	0.039302945591569716	0.0007687930250322319	0.0007543503758393209	99.57971644398495	0.0
0.009058678037387824	0.003753140095852482	0.0003299299891984145	0.00021235744423146936	99.98664589443332	0.0
0.03207727449231004	0.018142732470072347	0.0014202569312496006	0.0005971926872935701	99.94776254341909	0.0
0.007846372119958278	0.0022435084474659193	0.00044594860643777114	0.00010593251602568013	99.9893582383101	0.0
0.0018664847835175855	0.0011424807225787102	0.0002002849434044026	3.8286029684191126e-05	99.9967524635208	0.0
0.0026929224825447285	0.0023603319790115175	0.0007706199837189646	4.505300646802009e-05	99.99413107254826	0.0
0.001804228215195631	0.0014500375412794405	0.000804203052897744	3.0964756777793274e-05	99.99591056643385	0.0
0.0006075378686902991	0.001427143562037912	0.00013735910375020603	1.037835211651434e-05	99.99781758111341	0.0
0.0009334369041341843	0.0011598427963503864	0.00028215217762691234	8.463273883941451e-06	99.997616104848	0.0
0.0010912231116538675	0.0009619619807643617	0.0003371840108399007	9.895042100048051e-06	99.99759973585464	0.0
0.0012582216476999222	0.0014133880578021153	0.000202265359776805	1.0391218420165295e-05	99.9971157337163	0.0
0.0005847271139107943	0.0012390496580459993	7.67628442807236e-05	8.93740381633355e-06	99.99809052297994	0.0
0.0008838753952745685	0.000940110446647912	0.00010404930096322665	2.1274627344767273e-05	99.99805069022977	0.0
0.0016177799538871398	0.001491135362679375	4.677543015419824e-05	1.3272326930251753e-05	99.99683103692635	0.0
0.0036139196470133016	0.003912224872661041	0.00017611186086812666	9.400428742667541e-05	99.99220373933203	0.0
0.006229562691176782	0.0042069807686842195	6.901982928385441e-05	5.5015650214785755e-05	99.98943942106065	0.0
0.014605404553276484	0.008138162668272332	0.00018271905619139832	6.677191455279754e-05	99.97700694180772	0.0
0.010237598196909127	0.005775135991177006	0.0005770375347464529	5.96915327102762e-05	99.98335053674447	0.0
0.01919062802690667	0.0087554572952989	0.001067284832346545	8.32667748679416e-05	99.97090336307058	0.0
0.0039205906361122	0.008397369659367472	0.00039404586804022074	9.264496274450505e-05	99.98719534887373	0.0
0.003315828460010768	0.011745057559742445	0.0016306350236542219	7.309535520210448e-05	99.98323538360138	0.0
0.0019833599817795254	0.013409836482944512	0.0016614033797835285	6.899678359974399e-05	99.98287640337189	0.0
0.001904403024092131	0.012629575381918112	0.002050680034153127	7.485512819938758e-05	99.98334048643163	0.0
0.0011544640551885749	0.007243557240952404	0.005429193265758278	5.5074479380842356e-05	99.98611771095874	0.0
0.002140403220952743	0.00867787624431223	0.00606934205831267	6.818185068834933e-05	99.98304419662573	0.0
0.01229068239550704	0.025920200795031635	0.0036098990757262904	4.31717699777145e-05	99.95813604596376	0.0
0.0028997492508666184	0.012828735424428474	0.0016602601299720988	4.429654323092015e-05	99.9825669586515	0.0
0.0037922613128688588	0.01993637868085353	0.0012303686143152373	6.522886767823614e-05	99.97497576252428	0.0
0.008738247551172069	0.03057256000566139	0.0007863890832431494	7.92521036733624e-05	99.95982355125625	0.0
0.003202808322524199	0.013745410086619787	0.0011284659887152932	5.3739479885874956e-05	99.98186957612226	0.0
0.0009026667704439655	0.00609414758669411	0.0008895811923187165	9.580816389801806e-06	99.99210402363417	0.0
0.0013229777812460617	0.005482390647062811	0.0011149856139171786	1.2736845453561126e-05	99.99206690911232	0.0
0.0007916512682237979	0.007669240947022732	0.0008695333508241821	4.171254326722775e-06	99.99066540317959	0.0
0.00165406945216904	0.005452195561710331	0.0011690405008292061	6.351729437712956e-06	99.99171834275586	0.0
0.0029816426402934255	0.006984309024920556	0.0015024367385376902	8.748004384231019e-06	99.98852286359187	0.0
0.0021216248464684794	0.005940865832805501	0.0005115509394261822	1.0772370209180804e-05	99.99141518601108	0.0
0.0029700118418578263	0.0060105047960171045	0.00023689920132251318	5.289437172101904e-06	99.99077729472361	0.0
0.001746237451703811	0.002125087058968746	8.528421829498316e-05	5.246857451000599e-06	99.99603814441357	0.0
0.0024138854400332886	0.003951311437363301	0.00023552933818422813	1.0104493215603813e-05	99.99338916929122	0.0
0.0025386236071995253	0.0026512174919787884	0.0006805040687371457	1.7238359144489542e-05	99.99411241647294	0.0
0.0067882807710474705	0.005796698694984528	0.0008133964329997089	3.771699074101838e-05	99.98656390711024	0.0
0.035057598922677145	0.014008882174894953	0.0006005297256525898	0.0001371565654462487	99.95019583261133	0.0
0.030420402191059952	0.013814930837349875	0.0005146656387521163	0.0001391735184357967	99.95511082781441	0.0
0.012661800338711792	0.007550870102033238	0.0003440491992020531	9.825397688510965e-05	99.97934502638317	0.0
0.03451310138431708	0.016843675582093653	0.002307429052348719	0.0001667068813106111	99.94616908709993	0.0
0.00894566137656531	0.005935161680325569	0.0005506378625281864	4.0814318369186895e-05	99.9845277247622	0.0
0.005640917819517125	0.005400673746486125	0.000700081480675724	2.734912226370548e-05	99.98823097783105	0.0
0.009531993101011434	0.009550142957448998	0.0009546325226105803	6.361550734638815e-05	99.97989961591158	0.0
0.003737588735100045	0.0068356009578626545	0.0005650097369198072	3.547203007841143e-05	99.98882632854004	0.0
0.00467937059931885	0.0050725181781443324	0.0002519963208763847	4.3187430420738715e-05	99.98995292747124	0.0
0.004956253336378733	0.010714989581130728	0.0009097724064978442	5.1402448772129545e-05	99.98336758222722	0.0
0.002957313836765004	0.005007825596718688	0.0003839282162464711	4.140986836101891e-05	99.99160952248191	0.0
0.0019969287757565105	0.004392131765162073	0.0007889250527320591	7.283369975236491e-05	99.9927491807066	0.0
0.002968889866052455	0.005404544237800679	0.0011551537450218351	6.778277278142236e-05	99.99040362937833	0.0
0.003949136092155478	0.01025626527396841	0.0013808927652238564	0.00016483175165514293	99.98424887411699	0.0
0.0154004221336595	0.02352157486719785	0.0011633791787520262	0.0003397180577098432	99.95957490576268	0.0
0.010411027064302124	0.011270797071298222	0.0006025394453276324	0.000132573730027684	99.97758306268904	0.0
0.008881064627071862	0.011302697322344606	0.0008085771846465947	0.0002900167916280261	99.97871764407432	0.0
0.05381416501806276	0.03477591751353812	0.0013248069022186895	0.000570197444091723	99.9095149131221	0.0
0.016841405185594148	0.014730892818093014	0.0008274770962336463	0.0003075905742573509	99.96729263432582	0.0
0.003992575115319135	0.008958174864726878	0.0010272222979724355	0.0002540013633509886	99.98576802635863	0.0
0.005398213754362179	0.006069272844069121	0.0005913314889861136	0.00028224396058037094	99.98765893795199	0.0
0.003015125339258599	0.008670968859576744	0.0011134466491487102	0.0003383302336738977	99.98686212891835	0.0
0.0037324941638870227	0.009992306973704323	0.0018445887681455082	0.00010606020810707561	99.98432454988615	0.0
0.008721535001176653	0.014933398551368323	0.0023077528152420372	0.0003221957023986421	99.9737151179298	0.0
0.005432706661087007	0.012340731598912047	0.002128310863210353	0.00011382404220945493	99.97998442683458	0.0
0.09035848294688108	0.06386486611716335	0.0030818703839160366	0.00044322229059999866	99.84225155826142	0.0
0.022087074323706653	0.014034024105539656	0.0005819933718291475	0.00012966753437806307	99.96316724066455	0.0
0.027101831247805394	0.03710114148267733	0.0005132122719114214	0.0002134080780997915	99.93507040691951	0.0
0.024154078406536276	0.019436343387363986	0.001585950168391138	0.0004219840299119316	99.95440164400779	0.0
0.021762574226362595	0.02244494464759741	0.002227539035832967	0.0008172103408321913	99.95274773174937	0.0
2.491962142999909	2.9193421599260834	0.026560550840376878	0.01927099261148876	94.54286415362215	0.0
0.00842569800744775	0.017793285170632205	0.0011577981014439576	0.0006043684909212625	99.97201885022955	0.0
0.3523418139313215	0.17967089714463078	0.005103157950722861	0.004596378189110451	99.45828775278423	0.0
6.719097234702395	4.003849232594832	0.007371659802226968	0.04308047206397894	89.22660140083656	0.0
12.73096927395376	6.1210128341212675	0.0052452404162157355	0.14407641821444758	80.99869623329431	0.0
30.127734068644624	64.9930636779799	0.03572198658675959	0.20702450313095597	4.63645576365777	2.0
1.223786232384415	3.1612466710179996	0.07505653827601576	0.05269060129886986	95.48721995702269	0.0
0.010083086954706878	0.04963002241830456	0.006512851354311741	0.0017194808043977418	99.93205455846828	0.0
0.05064311003889928	0.09397309885418997	0.010863268456696927	0.002072386756031975	99.84244813589419	0.0
1.3374480964459219	0.2802397692069496	0.0014971883199133356	0.01229377396289383	98.36852117206433	0.0
2.8563130537578307	0.42242257674299916	0.0009641003453761155	0.009785002708107327	96.71051526644568	0.0
18.756763856218654	7.042411034202326	0.010185902082801103	0.03735802022207458	74.15328118727413	0.0
41.53917139282894	56.30947572205203	0.020735790345082397	0.024776806186483275	2.1058402885874776	2.0
46.55190974719811	51.04454213898091	0.04244535487497689	0.358239360271925	2.0028633986740805	2.0
12.941247732137235	85.88874628612838	0.06389082307584815	0.354232820121837	0.7518823385366861	2.0
2.578858469688867	95.89630523086468	0.5567062590035439	0.3638667056462126	0.604263334796699	2.0
4.304034499266282	94.77271737176977	0.03897955119215982	0.5560425890417647	0.3282259887300583	2.0
2.8995964259465405	96.03884418571648	0.06038504998484004	0.5985514025203842	0.40262293583172976	2.0
0.9588947480292465	98.48862903925573	0.08848677852731794	0.21920703742948608	0.2447823967582061	2.0
0.8264331376513941	98.26458181704655	0.41814022538002593	0.21813550881340055	0.2727093111086249	2.0
2.239045763176908	96.71809289360822	0.15994221639940187	0.30062385833147864	0.5822952684840159	2.0
0.7870388785342093	98.01432352900484	0.6437597985939385	0.15191544581166552	0.40296234805533043	2.0
1.4172386905929721	97.2766142284541	0.10993666791645547	0.547497226286298	0.648713186750175	2.0
0.40328175498771807	98.88255772743231	0.3281166068751635	0.11991875305421966	0.26612515765057954	2.0
0.3267248071891734	95.87057011480759	3.407091543367055	0.11034464063280208	0.2852688940033625	2.0
0.3547779498708458	95.76119515653095	3.5267364627887723	0.03902889167087085	0.31826153913855876	2.0
0.4309216181197336	98.71938416403651	0.3942284468612303	0.06857704664114674	0.38688872434136545	2.0
0.32618028889520084	97.85061176729249	1.4190386598718792	0.04862135223887932	0.3555479317015296	2.0
0.1458698728565324	91.90504941880864	7.709723939436711	0.0194173995173437	0.21993936938075623	2.0
0.17538222863935393	92.91735995192066	6.486820146391698	0.023070601499325324	0.3973670715489759	2.0
0.16875168883337047	83.08384909471411	16.148801959255856	0.015884701927685797	0.5827125552689828	2.0
0.09984367040237849	95.11214716000134	4.504220942292822	0.027314848080348737	0.2564733792231061	2.0
0.04835780486829525	60.77110554908205	38.95218779534446	0.0085049375457043	0.2198439131595098	2.0
0.046205678006384095	28.237463647474165	71.31173529422267	0.014828482810816208	0.3897668974859674	3.0
0.09210423265801546	55.10253586067577	44.39424553744792	0.019427671497858182	0.39168669772043985	2.0
0.11140813015308872	66.52882280108932	33.13380261603589	0.01145282304592422	0.2145136296757851	2.0
0.05879827076408657	75.18860854028362	24.52954797205857	0.009267786888643704	0.21377743000508062	2.0
0.011592690077106166	4.160264638641991	95.80280975148324	0.002116581360683383	0.0232163384369864	3.0
0.11898636222525852	79.33713953335352	20.21133477304952	0.012588954374118683	0.31995037699758827	2.0
0.018029218106224047	4.199959738685556	95.71747657933666	0.002538942130313193	0.06199552174124836	3.0
0.030126341654080218	4.535804381536712	95.33344674940534	0.002547225150240863	0.09807530225363723	3.0
0.03848263154102138	9.383823003451784	90.47336954840199	0.005577030167677922	0.09874778643751642	3.0
0.017749926408496434	3.2792094969964505	96.63071132063286	0.002669310991172692	0.06965994497103527	3.0
0.05459911980833492	5.490220475350225	94.33969874002054	0.008055089913149984	0.10742657490774302	3.0
5.741864394128044	42.509170595017075	15.988381917537303	0.18863338474524424	35.57194970857233	2.0
40.758815351367545	54.06838998438334	0.0446516741624147	0.29126486150120345	4.836878128585503	2.0
22.059963662535438	67.75498600111365	0.536995596373907	0.09236205637519625	9.555692683601807	2.0
17.066720535349823	82.37390244587664	0.019580433077046513	0.11365378708050865	0.4261427986159905	2.0
0.6906562130012228	98.61777417641783	0.41407278878119747	0.06263295398093892	0.21486386781881264	2.0
0.6961153589800174	76.14471828707245	22.39345167731878	0.07267386662239281	0.6930408100063684	2.0
3.4738761818889268	13.739728511255464	0.06361532457833462	0.044680226109078486	82.6780997561682	0.0
23.559613233052286	72.59068350675605	0.03737923194586801	0.1397933058257262	3.6725307224200754	2.0
5.996346010311374	93.45814451646743	0.1385086015829444	0.09318933654110019	0.3138115350971881	2.0
6.260821167273514	92.97662563632174	0.47131596347369925	0.10758736872479571	0.18364986420624582	2.0
0.7125691660265439	97.21626637083826	1.8223065765898476	0.07010276187378572	0.17875512467158125	2.0
0.22544153145971157	92.05665495402796	7.386644210018009	0.08211828377042836	0.2491410207238668	2.0
0.18840445227501584	98.83000938332496	0.71157581629709	0.07606488790890743	0.19394546019402353	2.0
0.03637764462516944	7.610280197032984	92.27766218888787	0.008540668186144103	0.06713930126784741	3.0
0.06761109394517778	10.76823552922443	89.00126033752858	0.011854027698695209	0.15103901160313107	3.0
0.1483201025008052	73.61650851708315	26.004224309569445	0.03259106095311918	0.19835600989345456	2.0
0.02970699254783918	11.370235932353278	88.53322140613746	0.008796735035841835	0.058038933925601416	3.0
0.047519020802652266	14.084654911018605	85.79273174213242	0.007798617610212537	0.0672957084361095	3.0
0.026927351699552803	16.469979370254965	83.39920623720694	0.005408345005402137	0.09847869583312714	3.0
0.011903207404169204	4.004813362950822	95.94981563318225	0.001290868381641735	0.03217692808111107	3.0
0.012607715037763435	6.43574766284367	93.50158313053275	0.0018484503520133555	0.048213041233796924	3.0
0.003772556224156542	1.8731901431418536	98.0926697968616	0.0009892797022280546	0.029378224070186698	3.0
0.024594173341322176	8.591821533437006	91.28119993683633	0.002185410702558147	0.10019894568277833	3.0
0.004263736596851209	2.1727129073403546	97.7858021902009	0.000698061017410425	0.036523104844477225	3.0
0.014525749513551192	6.074313645247373	93.86918890603322	0.0012752022654078012	0.04069649694042896	3.0
0.014711308364437351	5.106534256003577	94.83867398672365	0.0014377721680077283	0.03864267674033469	3.0
0.003339684262919989	2.6521784564906947	97.32542200241596	0.0006566685634927885	0.01840318826692919	3.0
0.006169208752041294	3.722155138025516	96.24537552933707	0.0006714316251511942	0.02562869226023546	3.0
0.00503838751817055	2.2225832443361027	97.75340514297615	0.000610492535246145	0.018362732634349416	3.0
0.005368958932188185	1.951089714841123	98.02709925082668	0.0004453840924846005	0.0159966913075235	3.0
0.003339901216482531	1.461778796685249	98.509274886309	0.000340367694643123	0.025266048094638872	3.0
0.002637474046060312	1.181715903527507	98.79002430525573	0.0006612800993787529	0.024961037071325576	3.0
0.009686534615745177	4.2360944742535	95.68491987055636	0.0015184959887991486	0.06778062458560936	3.0
0.0032142079052281647	0.9704615181142122	99.00829368792398	0.0006431524587966494	0.017387433597785107	3.0
0.0024169957591463087	1.0427633263542913	98.9347551052437	0.0002628527015851774	0.019801719941274967	3.0
0.0017675412148380155	0.6684792789081748	99.31608660756078	0.00037660012527799993	0.01328997219094228	3.0
0.00948983309154589	1.5940059225396472	98.37214418668165	0.0007194598208499291	0.023640597866307195	3.0
0.006965898052363487	1.4600268665649614	98.50820508386975	0.00039301587077272197	0.024409135642120824	3.0
0.010826798800812854	1.5000790370780033	98.4297140066808	0.0006460267398258664	0.05873413070055445	3.0
0.006916808096536996	2.3887527055126476	97.54202223559753	0.0011426991189452526	0.06116555167434199	3.0
0.014004571115547442	2.7285339916141758	97.19241939528038	0.001361728155221182	0.06368031383465235	3.0
0.00588865658182411	1.4964032448740647	98.4743981684719	0.0002833267951119494	0.023026603277112943	3.0
0.007337004383464331	2.2398806569437673	97.71094837627288	0.0011116651079212422	0.04072229729196557	3.0
0.01496565978171752	3.9858201520519034	95.92503531570648	0.0013249298440808108	0.07285394261583947	3.0
0.006585474981721396	2.488918846449801	97.4614357360478	0.0005322011338486854	0.04252774138681255	3.0
0.0038023986819378753	0.744390811132816	99.2393357856978	0.00039856027563642585	0.01207244421181119	3.0
0.007141655682968396	1.6023416861408353	98.36726715058374	0.0006581403603850198	0.022591367232063016	3.0
0.0026354810347833245	1.0104708090219083	98.97511145491357	0.0009212091800466673	0.01086104584968557	3.0
0.0032333919127406838	1.2549509620673454	98.73405083697314	0.0007229114438133668	0.007041897602965088	3.0
0.0036093884436489625	0.7921510513444018	99.19533445492398	0.0011533101982385311	0.007751795089730237	3.0
0.0020550480930442956	0.7132242115306955	99.27724545442416	0.0009173461523136057	0.006557939799793997	3.0
0.005011070206355144	1.4111593534813378	98.56621089500179	0.00037530526436169685	0.01724337604615063	3.0
0.00502762004524543	1.4175232530595847	98.55957882825787	0.0004731368002920701	0.01739716183701985	3.0
0.0017553548517843854	1.0694900325562124	98.91732773784949	0.0003102401006940265	0.011116634641811209	3.0
0.0029823019269512242	0.8583718012101909	99.12387155334017	0.000468843918479215	0.014305499604189099	3.0
0.002444713562597568	0.8672966894760081	99.1178366714768	0.0005676049625015796	0.011854320522079343	3.0
0.006201450874886431	1.8407309668552994	98.12147288450657	0.0006355649926005592	0.030959132770630206	3.0
0.0030928066483110533	0.6122133931004631	99.37682225662654	0.00047600616752170084	0.007395537457152971	3.0
0.006174776581689983	1.2553193865361487	98.72060251443047	0.0004497724592000606	0.017453549992477547	3.0
0.011006921922644245	2.193884760773727	97.77290327647809	0.001237372702740411	0.020967668122804387	3.0
0.2197509717870824	82.12657352273007	17.360821989523192	0.01676264262847301	0.27609087333115895	2.0
0.09178125724571157	88.80529329286283	10.922202334773395	0.017977440873106397	0.16274567424494546	2.0
0.010635458749221244	5.481589930244094	94.47899247552087	0.0022906492402305053	0.02649148624558402	3.0
0.016194636114689836	7.69875883706735	92.22924056950033	0.002381415333200758	0.05342454198441677	3.0
0.008448509662603647	5.287421699266153	94.68257369641283	0.001244105940101306	0.020311988718314605	3.0
0.01071535453976475	5.045055662866025	94.9163106726183	0.0014369781593164932	0.026481331816606193	3.0
0.003811993040499148	1.024328001166785	98.95017873526348	0.0006530707518325571	0.021028199777412854	3.0
0.004459175347354643	1.5746284033755036	98.40680882968734	0.000802070168547993	0.013301521421272685	3.0
0.005985473187878575	1.9229103477211726	98.04289936125697	0.0008965485313917447	0.027308269302596014	3.0
0.005225857223793876	1.2806521010141185	98.703113388796	0.0006047220713446431	0.010403930894738744	3.0
0.0032849140837871525	1.1929783275121213	98.78885172047131	0.0008877826184770845	0.013997255314301973	3.0
0.0041475283186317305	1.1417258990215446	98.83290121488412	0.0005832187445542342	0.020642139031163895	3.0
0.005731360404604081	1.1145453359616666	98.86548630070486	0.00040191957482639437	0.013835083354048061	3.0
0.002697471356119842	0.38935811207981746	99.59866534581217	0.0007665370945983689	0.008512533657295512	3.0
0.008115702595426445	1.4052965771992192	98.5563372213632	0.000597068752342187	0.029653430089822762	3.0
0.007132860119388324	1.364774127506123	98.6088092030694	0.00042919766710827013	0.01885461163798714	3.0
0.0015298146404736077	0.5348983481948022	99.4569644373858	0.0001803984302372382	0.006427001348681326	3.0
0.004692089026350668	1.1957648177759936	98.78558859936719	0.0004071081668139099	0.013547385663653972	3.0
0.0076579650897804965	1.2026201145462772	98.76423028409467	0.0007662369188998568	0.02472539935038744	3.0
0.009926659218416081	1.459676560059013	98.48679180878113	0.0007807298567176454	0.04282424208471101	3.0
0.0119361994575603	1.7100353561484267	98.22880781838367	0.0008978174882953137	0.04832280852203799	3.0
0.0035103729246966963	0.9229403783968557	99.06483502265934	0.00030676877881529103	0.008407457240295707	3.0
0.005906817016833728	0.5712498070028723	99.40437690774098	0.000727845998787045	0.017738622240514104	3.0
0.0038884957865130553	0.9688166214117132	99.00128744751258	0.0015237000519200137	0.02448373523727147	3.0
0.009364141148806973	1.995594353525727	97.9670951265341	0.003032613247273005	0.024913765544089028	3.0
0.01582880111090739	1.7090440102756579	98.2299706899724	0.0013015337134477949	0.043854964927579086	3.0
0.008701683314484596	3.380612311623379	96.54463239156317	0.0026190456975207182	0.0634345678014605	3.0
0.00612009692334347	1.7754234326132952	98.19162702395118	0.0008316429404950964	0.025997803571685477	3.0
0.00628743882777401	1.7368954239138428	98.23565636483134	0.0008793813647389226	0.020281391062303332	3.0
0.00769761309761719	1.9068820063222143	98.04912577410167	0.000639815741633995	0.03565479073684193	3.0
0.023995322927836734	4.831829901514553	95.09447643560303	0.0014809301641277009	0.04821740979045487	3.0
0.004682812626361901	1.674205510073126	98.3039739431933	0.0004613542233034977	0.01667637988391966	3.0
0.01215279799450957	2.4353949084298807	97.52601307132035	0.0008867094060878706	0.025552512849171052	3.0
0.03728761055259889	15.159728428216674	84.66783555930381	0.002448417463378034	0.13269998446355594	3.0
0.009798049705461312	1.9475237924700368	98.02106190488678	0.0010280421852837804	0.02058821075243929	3.0
0.00823363928135319	1.6679588938915493	98.30756000418714	0.0009464381630007653	0.015301024476949707	3.0
0.004565210457987876	1.4410994086392566	98.53228066776894	0.0005766414601603728	0.021478071673658478	3.0
0.005854919121883353	2.012035493684257	97.93006572483789	0.0016982426014845908	0.05034561975448081	3.0
0.006689789538798107	1.6090737956571775	98.36758339814463	0.0011467791542436516	0.015506237505155028	3.0
0.01156222251344846	2.8683250717417863	97.07207589590597	0.0019401040241902871	0.04609670581461418	3.0
0.007604427038790423	2.5549239123361915	97.41272317409859	0.0012966257120705428	0.023451860814368553	3.0
0.0108018279386971	1.6648265690493453	98.3091378081329	0.0012586143046720865	0.013975180574381713	3.0
0.005336889161713177	1.5138078466091187	98.46989603687564	0.0015317054629783253	0.00942752189056228	3.0
0.007700508989512871	2.3553735661299795	97.59699251500591	0.0015092373971823713	0.03842417247741863	3.0
0.007047884431081961	1.6166350087230188	98.33654325260653	0.001582755040455016	0.03819109919890197	3.0
0.025557552394429146	3.5755516952618422	96.34330395779894	0.0022492688448100284	0.05333752569997999	3.0
0.006735437884257793	2.0595436266408984	97.90897754588683	0.0009095060170446098	0.023833883570965626	3.0
0.01356232861538598	1.4928570947037876	98.47942932670364	0.0007086718181736777	0.013442578159029989	3.0
0.006278198201937521	1.8866481615304804	98.08623266295362	0.0017040482464255986	0.01913692906753546	3.0
0.016407001004598833	2.130492547280242	97.82548720516756	0.001168370428455793	0.02644487611911052	3.0
0.008655374578524005	1.8988677903960183	98.0510844156832	0.0019661479009510383	0.039426271441290475	3.0
0.006854609840598144	1.4925060145547229	98.47644821559628	0.0006868131600573683	0.02350434684833574	3.0
0.006629569137406389	1.5379334249531746	98.44290072961466	0.0012111598623251113	0.01132511643241911	3.0
0.007611147314470958	2.442085242205398	97.51605990378977	0.0026291176720442916	0.03161458901831788	3.0
0.010069828941935071	1.8883596627795212	98.05852752379771	0.003676759621944362	0.03936622485889154	3.0
0.006519717266209744	0.809143071547839	99.16766732867139	0.0013832344132578916	0.015286648101304383	3.0
0.006915449206969209	1.1519489531971165	98.82217915854339	0.0013031211883126775	0.017653317864208363	3.0
0.007833462165320933	1.1453966231151878	98.82102352365514	0.002081803521030816	0.02366458754333166	3.0
0.010070756041865334	0.9777691730784511	98.99156654129467	0.001417432245542896	0.019176097339475145	3.0
0.00705331677542423	1.4352920830022768	98.53647406849112	0.0014050996322482055	0.019775432098922387	3.0
0.009218669114231214	0.8279922802146613	99.13710988993495	0.0013583317006066336	0.02432082903554487	3.0
0.03332649900068655	2.745959585765997	97.09783715030206	0.002887331783310044	0.11998943314795343	3.0
0.09083902686897612	19.773161904573406	79.87202583364824	0.0050295387786175845	0.2589436961307543	3.0
0.10086478643236128	10.329161044607341	89.38167238356533	0.004121743638432469	0.18418004175655703	3.0
0.01646344701549212	2.437105120324967	97.50636662900625	0.0007564612288786096	0.039308342424416366	3.0
0.6468848265266925	16.852256931076898	81.68154667011089	0.005967692001758427	0.8133438802837635	3.0
5.542003220875387	91.23230434608536	0.2744370639327205	0.05530513262917373	2.8959502364773604	2.0
0.15083648037706798	40.45957598745064	59.01029029929874	0.022902495496563174	0.35639473737698535	3.0
1.0312498399843897	96.88337285792826	1.3554065058498426	0.3296501082592515	0.4003206879782629	2.0
0.3043366602115378	99.05297383338544	0.23108900422251205	0.2308149147945668	0.18078558738592754	2.0
0.2265861133109957	98.50574110968769	0.6990751666272553	0.3954446169263634	0.17315299344769422	2.0
0.2670865156271779	94.22235426626516	4.174049209379098	1.0442594303798909	0.29225057834867924	2.0
0.12187791590490532	82.5154805726855	13.88201200936333	3.295489431928647	0.1851400701175957	2.0
3.8874623635558105	17.233392751752056	0.05552393931378722	76.01490137120338	2.808719574174968	4.0
1.066490209266933	6.561717872843658	0.004540583052096702	92.26408116670916	0.10317016812817142	4.0
1.2823039193357169	5.812917573412045	0.0011919892418029289	92.83657208898455	0.06701442902589407	4.0
3.397020252867612	13.143814074354477	0.0002814540036417353	83.2897341539058	0.16915006486846032	4.0
0.2701157114024673	1.495527392716857	0.000396104219654047	98.21165316003277	0.022307631628242244	4.0
0.33798600929852995	1.6834213534238516	0.000958639933980542	97.9510762091328	0.026557788210850773	4.0
0.13228091100975733	0.24208791315044734	0.00026311630253708765	99.5979719422345	0.02739611730274972	4.0
0.1207552509424341	0.2864588841068778	0.0004997914321566033	99.57707356894377	0.01521250457476255	4.0
0.23894165640989742	6.933302819481788	0.0011265031428207661	92.78480223074914	0.04182679021636689	4.0
0.11024154650502524	0.1265929049815936	0.00023932959878068786	99.74977059753365	0.01315562138095236	4.0
0.28432564807780647	0.43736476469429114	1.657411880661499e-05	99.2686010476105	0.009691965498598163	4.0
1.276920542769882	3.2648017894268273	3.2302280757526714e-05	95.42861048132055	0.029634884201993113	4.0
0.10776163486285739	0.20746037676492995	0.0003660458182685416	99.67466356895996	0.009748373593982573	4.0
0.0948188045103069	0.3741046703346399	0.0002840463097640258	99.5107758017127	0.020016677132582737	4.0
0.05612331422155217	0.1169524041199679	0.0004264994752308928	99.81084543740492	0.01565234477835541	4.0
0.23960468845728128	0.728273601455043	0.00015635980503234914	99.01173356238245	0.020231787900196363	4.0
0.234906220345958	0.3138428888481911	0.00027961712915422065	99.42596359431273	0.025007679363943793	4.0
0.3068019402370837	0.6314679452666546	2.5058080757361755e-05	99.03106493496165	0.03064012145386041	4.0
0.5514352784214204	1.8868331620284946	0.0007534222197821862	97.52103125031405	0.039946887016231884	4.0
0.6438323909056677	1.0020544878388267	7.505460806116322e-05	98.32853338388932	0.025504682758134046	4.0
0.5109785887752752	1.8044452992299804	7.076637908543284e-05	97.64369893624294	0.04080640937273233	4.0
0.475288772036477	0.8946762280245814	3.906352300048671e-05	98.59110826714172	0.03888766927423359	4.0
0.36690185175361273	0.7889604718151234	2.7661990412214265e-05	98.81901475118627	0.02509526325459662	4.0
0.5773359681637704	2.0397978675981556	3.57561274152579e-05	97.34453649312499	0.03829391498568142	4.0
0.35183377717046543	1.8856626504030207	0.00021427056849617797	97.73096242612579	0.031326875732232286	4.0
0.25182770966316037	0.9388375530353732	0.001154565705509667	98.73472655449086	0.07345361710508415	4.0
3.563729926493517	2.4848072069328597	0.0018853099319108442	89.00377971359816	4.94579784304354	4.0
12.943730793812511	3.8083221376493324	2.4711630289583713e-05	82.88091422188711	0.3670081350207423	4.0
7.718162184263686	3.7216943778069993	2.2990983105849114e-05	88.45147905271743	0.10864139422876655	4.0
0.6100837484976794	0.41489310906734467	0.0005858633695790247	98.91756589802395	0.05687138104145487	4.0
1.1804167137568236	0.6256660822870398	2.9859111756709637e-06	98.14822583686576	0.04568838117919794	4.0
0.9119180335966266	0.5483747467251505	0.0006068459300925451	98.46163824457018	0.07746212917795108	4.0
0.8482855254304632	1.128437812909892	7.196826250880224e-06	97.82135253677718	0.20191692805620973	4.0
0.7124481768684852	1.2423227520176021	0.00025319179665064497	97.96067358251193	0.08430229680533409	4.0
0.8562309728036164	5.59807406312625	0.0004012307980433642	93.4548987359421	0.09039499732999202	4.0
0.5649542389428328	1.1191111716003235	0.00019648598333694368	98.17164289901118	0.1440952044623477	4.0
3.270671466437115	1.7703503206610491	0.001105788891282554	89.38816439881164	5.569708025198912	4.0
8.32961073113912	5.8821804734099965	0.0065845774957667205	84.25923427903786	1.5223899389172628	4.0
