N1	N2	N3	R	W	anotaciones
0.10566474348959556	0.0942198924801339	0.1660348811005872	0.013271752733252653	99.62080873019642	0.0
0.14476483452583191	0.2236257938010973	0.09097208589472443	0.006952830425041142	99.53368445535331	0.0
0.22372707328671193	0.18963988173996682	0.09954343681737064	0.010441335179985632	99.47664827297596	0.0
0.08363651991879022	0.05939781241113373	0.0395163754055175	0.0017823477806977253	99.81566694448385	0.0
0.12737042294233097	0.11114899955428476	0.027127084266872478	0.005023444111658931	99.72933004912485	0.0
0.11942360443219321	0.06182410599763276	0.034267324955722274	0.1493581356244834	99.63512682898997	0.0
0.747460245277471	0.41856538235292334	0.025380890451172426	0.6356719515577214	98.1729215303607	0.0
1.5857929660712071	0.2823597769937178	0.005648270076832677	0.6854332029783256	97.44076578387991	0.0
10.01659270878311	0.8179739696319015	0.010588324950875245	0.02529714216891902	89.1295478544652	0.0
6.852903946930648	0.6262260851758717	0.010010069809402939	0.015138644295914652	92.49572125378816	0.0
11.68377962534137	1.1295576808944874	0.014400565046110867	0.019984453689865546	87.15227767502817	0.0
23.863438505593752	4.484704953123267	0.0483196977386828	0.045759133531945724	71.55777771001235	0.0
30.580299956580102	9.479433916289985	0.09319801006630614	0.43480691180074227	59.412261205262865	0.0
35.79647292864814	6.813014958842098	0.04374082645657201	0.2723669765523646	57.07440430950083	0.0
35.860047403497994	8.787673139593403	0.01756688928078029	0.8902505115644924	54.44446205606334	0.0
33.05621052973789	6.89692267381678	0.009976234148737278	1.884654543213872	58.15223601908273	0.0
55.76249922514243	7.154471848219798	0.01138531443527831	1.1664263511113242	35.905217261091174	1.0
70.75271285420693	4.525864172075687	0.0074162039892148885	2.1772038856904135	22.536802884037776	1.0
73.72284756554177	3.018755950059112	0.0044444189619771615	1.1339036774358011	22.12004838800134	1.0
66.15540931984944	10.478778476035336	0.024484363519808223	1.3838482702666774	21.957479570328733	1.0
56.37971871024138	17.59944328393591	0.027481634618817637	1.2983141793528663	24.695042191851034	1.0
42.0265462909887	24.251183370630017	0.1474763779996459	0.6109040803952426	32.963889879986404	1.0
45.327363363810434	28.290817599320693	0.03308839311769266	5.443377575473633	20.905353068277556	1.0
21.75569676097332	52.284752015999935	0.14608170521882077	1.2045957245032883	24.608873793304635	2.0
9.273506709135933	68.91919003714233	0.17009788598380876	2.618271554034942	19.018933813702983	2.0
30.143243114414375	29.909963201653227	0.04408932712177648	8.311622409341979	31.591081947468634	0.0
29.35200999483223	39.01377254089374	0.03498492384815725	9.98974482210259	21.609487718323283	2.0
30.374615852876158	51.565598427168055	0.05737724053554978	3.0210055199927597	14.981402959427474	2.0
39.241534814165284	47.26658586235336	0.04844596278438304	1.698693114307612	11.744740246389366	2.0
19.02328008657435	68.03271718318673	0.11621797666721463	1.664598612354242	11.163186141217464	2.0
20.477565726557813	70.72306311215323	0.19773244642105892	0.7458344916410514	7.8558042232268335	2.0
11.006628989679628	79.80941475036684	1.504469048777266	0.2301375228299976	7.449349688346249	2.0
7.538543610852155	83.99204741409174	0.5226165811980781	0.6807840969772446	7.266008296880784	2.0
2.0736922445179715	93.40658988088398	0.8220862834899516	0.2154835130289987	3.4821480780791	2.0
5.5374813159051905	86.16596435685797	0.3328464988822794	0.6128467220361109	7.350861106318468	2.0
1.3548210644677077	90.99564826153214	0.7626026487037075	0.25585215470923073	6.631075870587232	2.0
4.800152764476085	75.5796252470229	0.3896136656896562	1.4895033891930747	17.741104933618296	2.0
11.635888507197055	28.779215486653335	0.010235111699648958	3.983280522024695	55.59138037242527	0.0
29.31913568177173	35.743812104173976	0.09520696115863786	1.607902066327823	33.233943186567835	2.0
0.8065085829533487	0.2682765070717239	0.08521701847787623	0.05788217892983453	98.78211571256722	0.0
9.59072584592196	2.747405713105738	0.0956696194018185	0.08696152867279686	87.4792372928977	0.0
22.62839207252999	4.2725380005470575	0.05106832468784029	0.45791803734839515	72.59008356488671	0.0
39.08960005764662	5.21833431703878	0.026977471338888896	0.42900508892825107	55.23608306504746	0.0
60.39969934571936	15.638764805409346	0.022166962793831752	2.133162066946662	21.806206819130782	1.0
48.942621989626275	11.881971004380787	0.12518994665604147	0.40671810602364517	38.64349895331324	1.0
44.41155867609126	25.67451506469999	0.05691610783611017	1.7074985523703619	28.149511599002253	1.0
41.28034176634771	39.859737696391576	0.7122200855187131	1.277479593754096	16.8702208579879	1.0
25.33038119458289	46.47113366335465	7.646998403823633	1.2686392800747621	19.282847458164074	2.0
10.176946498078989	53.93536310202875	19.168816973795277	3.4980284956692427	13.220844930427747	2.0
6.112630454643598	61.6917892145626	10.287770567077693	8.870929918113104	13.036879845603004	2.0
2.6910499954213853	38.86143881175281	39.49149609199453	6.157879569531824	12.798135531299447	3.0
1.7941006003690598	41.64838992290436	48.07775194232855	2.1988448550437103	6.280912679354314	3.0
3.271068601230175	67.42811258927372	13.590305793963186	5.275610708260042	10.434902307272862	2.0
1.6083106286430393	60.26188053658941	30.34065082415588	2.572914061275345	5.216243949336327	2.0
0.6518323760267034	43.1952712306211	51.6292914808224	1.28816281296168	3.2354420995681115	3.0
1.2746987129613772	73.84064309385919	6.854251076357904	6.7368564472696155	11.293550669551939	2.0
0.8967159092686968	63.69999951779419	25.514615418881338	1.4446946802030398	8.443974473852741	2.0
0.7901532098922949	75.98060629623248	17.198898166045858	1.4619755180185383	4.568366809810834	2.0
0.7853434407483509	83.30881983855208	6.886388775018282	0.6371448525870131	8.382303093094269	2.0
1.1373263952993675	72.59120502136729	21.88785829556191	0.7098417086489694	3.6737685791224752	2.0
0.6001163748238106	86.91936230168928	9.133303919068148	0.5878282502760364	2.759389154142746	2.0
0.6657849532464722	47.106671889037685	50.77876825764343	0.17107809427262105	1.277696805799791	3.0
0.12255502045772225	40.59264852042004	58.58462479424054	0.1343667475244057	0.5658049173572773	3.0
1.4987188866837895	72.36498015906115	23.373264244543275	0.07107656556491204	2.691960144146882	2.0
0.5120956337793166	87.20915559898489	11.216452191124617	0.1711336372785885	0.8911629388325795	2.0
0.6041267929288088	82.23645747576414	15.937226470071039	0.17833534040999602	1.0438539208260023	2.0
0.6873437893923106	84.03685046348568	13.116908707118736	0.1337930800929733	2.025103959910289	2.0
0.15530837438499012	35.26976339154276	64.03436659537729	0.10196709951997146	0.43859453917498786	3.0
0.13519660616004658	35.32875792883605	63.82641768342289	0.04427854567875593	0.6653492359022751	3.0
0.7845832846711228	89.69963303538485	6.085686162666793	0.36776960688300464	3.062327910394232	2.0
0.20673819334902105	34.00135719213496	65.06498481008826	0.0842372904635448	0.6426825139642083	3.0
0.13881109332649638	24.99176205142996	74.31757603857932	0.05254559698748268	0.4993052196767543	3.0
0.23370175519256317	53.365853469521916	45.394328806290275	0.06789616276832128	0.9382198062269193	2.0
0.10340385581022568	14.583516724069776	84.91304172982727	0.03690991162220007	0.36312777867051665	3.0
0.07397754105014942	16.470156394033143	83.09996345670176	0.018476005094917192	0.33742660312004186	3.0
0.21984866506447837	32.43274680018319	66.84701936307071	0.019710003074941872	0.4806751686066825	3.0
0.41719687281764506	52.586295622445846	45.296921220244165	0.12255051371610835	1.5770357707762392	2.0
0.21522953448885337	36.97543068218774	62.20289662040018	0.03224976197993033	0.5741934009432988	3.0
0.1873864659141898	26.913569025257505	72.51132114194304	0.05105797288776211	0.33666539399751505	3.0
0.15362934469523007	15.851217052109472	83.22005132578293	0.03857917065990768	0.7365231067524706	3.0
0.07951123376439302	10.295049164696112	89.35137075793268	0.00954128976875714	0.26452755383804105	3.0
0.13092008129415547	16.362323871077404	82.90183386180153	0.019340348686985573	0.5855818371399261	3.0
0.04274601534660369	7.966071117694912	91.83479058582542	0.012240280176376708	0.14415200095671865	3.0
0.07191702918144445	13.18112311924485	86.5019074231135	0.021925765861553963	0.2231266625986509	3.0
0.031371815355003024	8.75370085877497	91.11577043946401	0.00937797392255451	0.08977891248345601	3.0
0.048570912907409294	10.03526100804394	89.75594271350428	0.021457573436061327	0.13876779210831586	3.0
0.052137458117900944	7.415789015726864	92.25527010559411	0.015553907948750171	0.261249512612387	3.0
0.020755940655779116	6.01383857700447	93.78373252978932	0.008488041751289511	0.17318491079912302	3.0
0.08737173820227882	8.913497507643926	90.79117195009704	0.01175306701084424	0.1962057370459304	3.0
0.06154612958833335	6.257114060775393	93.40001659953886	0.006399891701817765	0.27492331839559214	3.0
0.04916796164688683	12.937153262641187	86.70868153042906	0.01786861847415288	0.28712862680870876	3.0
0.05940213584058511	8.262253792117177	91.53955118805497	0.008556793967311897	0.13023609001994899	3.0
0.0731488055136912	5.234731172473603	94.51229357272007	0.01394070298979732	0.1658857463028364	3.0
0.06046111665495478	10.726229429627102	88.8112066120457	0.007254573669563229	0.3948482680026919	3.0
0.03741445951409505	4.908647705470161	94.96864411916197	0.003108396390212341	0.08218531946357345	3.0
0.043542293180608295	5.345514491169235	94.44040141882752	0.004873551456591286	0.16566824536606028	3.0
0.11644425305608631	13.356273500349683	85.9872986038561	0.010477447872122006	0.5295061948660194	3.0
0.019366489681487346	5.24368492517577	94.63612881146747	0.001922253403823475	0.09889752027142629	3.0
0.020905339109450655	6.298476516458589	93.56437344504883	0.0018189338169107162	0.11442576556622398	3.0
0.014077877309505172	3.710606090946052	96.21853631889796	0.0012625330559498597	0.05551717979053975	3.0
0.005746327313047395	1.871152277940064	98.08408703611055	0.001041685731619939	0.03797267290474544	3.0
0.022008593393228085	2.872300917431954	97.04218632502601	0.0013924554500812942	0.06211170869873501	3.0
0.010079213288582703	2.5186262684737977	97.47036925379821	0.0009245008991499531	7.635402473463706e-07	3.0
0.010806370286746431	2.2716472214739416	97.4598162546309	0.19801536742543496	0.059714786182973684	3.0
0.013215276409169106	2.268916078961317	97.407870149788	0.25051372433494096	0.059484770506579236	3.0
0.020395617056402752	3.163353349646663	96.74192503417947	0.0014874006572509714	0.07283859846021039	3.0
0.034610181071808285	1.9926834496452521	97.84410295397615	0.000926341689441456	0.12767707361736008	3.0
0.06622541402617546	4.824012338445368	94.89248958737466	0.0019083929450886658	0.21536426720870377	3.0
0.03297392602593145	6.0156445390419515	93.84551919790911	0.001853513306691023	0.10400882371629902	3.0
0.031126037704446222	3.1420389881332333	96.5802642237874	0.001098005516172726	0.24547274485875467	3.0
0.1356291646626147	7.501633780294332	92.10128149213224	0.002331730674355035	0.2591238322364501	3.0
0.08405356229842624	10.943010970025965	88.55388229679401	0.001766213474668152	0.41728695740693955	3.0
0.4507168828407506	51.772608083697016	46.24691271390854	0.0029823732821748637	1.526779946271519	2.0
0.08132217689009079	11.410494169096326	88.38458463415857	0.0012287094809407075	0.1223703103740717	3.0
0.0738599390632667	13.00782284656654	86.82998272276285	0.0021298310796051367	0.08620466052771743	3.0
0.4530590919740268	80.01203433062472	18.65849845552337	0.01365716712872783	0.86275095474917	2.0
0.07833112260684545	12.48770652134458	87.31371546846344	0.005065978329573471	0.11518090925556022	3.0
0.07872398497891356	13.051888343223014	86.37381494339984	0.005632556289228375	0.48994017210901775	3.0
0.09523660337056275	21.016299363341933	78.57782967692748	0.01304306130468639	0.2975912950553443	3.0
0.061723389254085666	13.643086530546878	86.11494531461769	0.016863735868430704	0.16338102971292745	3.0
0.16464338666826905	15.41007258744119	84.13669878558042	0.004172862134261474	0.28441237817585757	3.0
0.16477275558052276	21.24787324292543	78.0953294677271	0.025915299937097933	0.466109233829841	3.0
0.14110806052311878	21.660531997424922	77.91296131299045	0.024114418441604158	0.26128421061991774	3.0
0.069056424507886	11.193341266146023	88.43219877882473	0.007991420129926924	0.2974121103914362	3.0
0.059891258672846316	13.894099915705361	85.90904884143194	0.01292786447558024	0.12403211971425518	3.0
0.11949834719599176	8.595599719910716	91.0036806147478	0.007352741018639642	0.27386857712687024	3.0
0.19346635960970546	44.174701724874176	55.205602237611885	0.018752036285432937	0.4074776416188112	3.0
0.06096619086239698	20.289590810654303	79.32880362516855	0.011299974030722592	0.30933939928402393	3.0
0.17383474876856742	27.2087209449251	72.15450382858786	0.0190524927136091	0.44388798500486415	3.0
0.06258934303695551	8.852165731587359	90.9464104150677	0.003642645568363096	0.1351918647396297	3.0
0.05570157603296944	7.730378352499002	91.862927656518	0.0014928634815825112	0.3494995514684589	3.0
0.08098637552341886	11.057659152492928	88.61332832674083	0.0027467679791835595	0.24527937726366317	3.0
0.04810394706576797	6.82894645611057	93.01018119928436	0.004675222223222352	0.10809317531607358	3.0
0.03992461319603188	4.45544051758157	95.39029166422806	0.0024866552909927056	0.11185654970333331	3.0
0.3733179960708764	46.9785105164248	52.04443415338377	0.021542239742065854	0.5821950943785017	3.0
0.19643054868845855	23.713005747676974	75.75746561576861	0.013799053953107918	0.31929903391285486	3.0
0.08426295044481542	6.469888196891717	93.06523584856635	0.003019215765980821	0.37759378833112117	3.0
0.484411087782728	92.63354330856288	6.376559910449414	0.01906597460764058	0.4864197185973159	2.0
0.23110772363873244	35.68956716133598	63.46904182474288	0.00890303150651528	0.6013802587758981	3.0
1.3085761691482358	90.47056973223691	5.658816166067755	0.05791281372477912	2.504125118822329	2.0
0.10700823430367465	16.97792103006002	82.65158828697334	0.0064804342393517235	0.2570020144236271	3.0
0.7998334986802879	94.6352858059763	3.747504622741794	0.0496693331375304	0.7677067394641028	2.0
0.21349637430239818	36.04162312213837	63.48284794041569	0.00859928255381539	0.25343328058972886	3.0
0.8347520076272917	94.32918246319875	4.141589314013966	0.04344502975321362	0.6510311854067856	2.0
0.216927359015176	92.00024710674265	7.388682782827577	0.03836425894184377	0.35577849247273236	2.0
2.8459859458950754	74.54225095881273	20.4610945124379	0.0304559256233303	2.1202126572309807	2.0
0.7408865531468511	77.55527691661813	20.241628141737042	0.020949050742108493	1.4412593377558836	2.0
0.2718409505111532	26.70230516165084	72.42471491937529	0.016519819607557586	0.5846191488551686	3.0
0.5066124204590092	64.82357350165985	33.892753532002985	0.014573410362045994	0.7624871355161138	2.0
0.4445822903392725	87.78776509436543	11.203074795933382	0.036253716075596944	0.5283241032863071	2.0
0.27055456371995384	80.96758497210446	17.96649016577576	0.009548307413602033	0.785821990986218	2.0
0.5331255520911871	95.88856263136367	3.0868355505272915	0.04419180859258712	0.44728445742525813	2.0
0.2489736182846417	36.89156680926409	62.528852698309635	0.02128009498623084	0.30932677915539336	3.0
0.34491092637512544	81.23446175512456	18.020105432703907	0.027049483666816324	0.37347240212960187	2.0
0.4694354138999422	71.45644571262297	27.394907141341474	0.01568829032699831	0.6635234418086345	2.0
0.6098324063229603	66.15405412330826	32.47957657467383	0.0416949262790496	0.7148419694158997	2.0
0.7278760169561473	92.35069266390995	6.322248926238213	0.02919383904956768	0.5699885538461251	2.0
0.2626758758212233	42.217525284534126	56.99521466699334	0.013872723013657232	0.5107114496376545	3.0
0.4943700449378254	49.28024245580466	49.74919258742435	0.018561100758178784	0.45763381107497886	3.0
0.9275336036190357	88.9626786590368	9.016503658420744	0.04468388638663043	1.0486001925367912	2.0
0.30825114567422185	30.91240091139087	68.26807245777637	0.027252451710258224	0.4840230334482836	3.0
0.5753297951579911	96.56816738555406	2.2310773831090462	0.08498145214706405	0.5404439840318405	2.0
0.768277601808663	68.77544001899032	29.70076645671888	0.035298387559127835	0.7202175349229967	2.0
0.32648004117246615	90.0538188811187	9.100451533202493	0.05055942990699908	0.4686901145993538	2.0
0.4057267906124916	58.46666549826756	40.661423332719394	0.03282452374422109	0.4333598546563369	2.0
0.38611928250380556	77.68736212970032	21.40967260914344	0.04402599422113448	0.4728199844313049	2.0
0.3642400268416796	96.31825950835888	2.9064642973068366	0.05774787721741946	0.35328829027520914	2.0
0.44058953906354587	89.46741513241278	9.556821128006906	0.048999044946586974	0.48617515557017293	2.0
0.18055282780869483	30.67528398643739	68.94818654743008	0.06295582184170234	0.13302081648213335	3.0
0.4658114743045761	63.04333589867422	36.04385608452623	0.06602820856384664	0.38096833393111457	2.0
0.14605630203359998	18.661954088331314	80.893243185858	0.1362250708729918	0.1625213529041009	3.0
0.43585957565071526	75.71518728220622	23.20589231519903	0.13652744895798302	0.5065333779860856	2.0
0.25876415305659906	31.232118403827446	67.84748757551738	0.15525898364766771	0.5063708839509116	3.0
1.1063816268380495	92.1154373111901	4.829746012819184	0.14044667607275904	1.8079883730798922	2.0
1.263427949336794	92.52526441783093	5.369595723799661	0.052764187744895816	0.7889477212877212	2.0
1.3196049524077835	96.83719064304464	1.2198546077568417	0.03684674517493507	0.5865030516157946	2.0
0.2440249972048943	44.9841419981293	54.2159371028274	0.01643438721302235	0.5394615146253896	3.0
0.2334374001164322	60.689456786392796	38.58699264760037	0.02279221726799015	0.46732094862241497	2.0
0.3713008815773029	76.31795550826067	22.448184339404815	0.030289564115511546	0.8322697066417094	2.0
0.9121517548084086	95.14517094755624	1.5557175294927332	0.24063333732641506	2.1463264308162255	2.0
2.004061565224095	7.681515187396984	24.21077441355321	0.10795162638549055	65.99569720744023	0.0
14.599767987554449	11.025263096683963	0.9347730493931916	0.15538399871942543	73.28481186764898	0.0
53.4326871442517	28.79113140858064	0.14638239806966064	0.3639599535823185	17.265839095515688	1.0
35.18888033439656	54.004713170049044	1.061927729253154	0.8362278656180413	8.908250900683198	2.0
3.1397630695454675	93.15737314652526	1.3945423895663418	0.18164032979703987	2.126681064565902	2.0
0.795982171949203	89.92884120404642	7.735578950332616	0.12216586034659302	1.4174318133251884	2.0
0.396841561507111	96.08183681739068	2.880440772459009	0.1874040911449964	0.45347675749818894	2.0
0.5518531011608965	73.445478271544	24.75723217677505	0.6193423798110884	0.6260940707089689	2.0
0.27426238017547483	68.7609325550352	30.042022941289552	0.30911736591110534	0.6136647575886657	2.0
0.3129723594998217	68.40860051344136	29.510978212223737	1.1060025262089097	0.6614463886261899	2.0
0.11432658060133748	11.265647028948738	88.01907702546092	0.2556002131129929	0.3453491518760119	3.0
0.34575796635739214	94.06807316659604	3.4273641993770227	1.3797991168472217	0.7790055508223133	2.0
0.30022443557805706	24.317787630144906	74.4709029257729	0.6224185577319453	0.2886664507721745	3.0
0.08050556925722364	13.83427747029076	85.24440015562782	0.6340768930462828	0.20673991177791928	3.0
0.9021783596556335	93.6169980914697	1.1085942772718607	3.5961817383165804	0.7760475332862212	2.0
0.738845001163327	96.89086581247831	0.11052021431398672	1.7461238937126726	0.5136450783316927	2.0
0.6277366272630599	94.79861058391232	2.0575086132865863	1.867431320922789	0.648712854615242	2.0
2.7334893128151645	87.9275527412736	0.4915364029096394	7.067002155937055	1.7804193870645433	2.0
0.6167866059582736	93.61711392337652	1.1186098970514071	3.45636088334371	1.191128690270097	2.0
2.4814807607604163	78.0113234176953	0.1773754331903431	17.327651685488867	2.002168702865068	2.0
2.5882866530093063	75.70078050315036	0.0949639768354275	14.416537921423808	7.199430945581104	2.0
7.003588605971553	69.38530607213124	0.02595924640756408	15.959261989189875	7.625884086299736	2.0
11.07377878370208	35.50652864942214	0.046620994427208955	30.52448023926879	22.84859133317977	2.0
3.9317653012805613	30.32653125171259	0.2723807797292857	59.97178018849804	5.49754247877953	4.0
13.84220771604092	39.422699212151954	0.05323657179071254	43.42161552753384	3.2602409724825727	4.0
6.956307457210848	34.29098605962741	0.07098657741547658	53.18468571411368	5.497034191632594	4.0
4.386406810424931	24.404086235583094	0.023618353741772236	66.06632590370334	5.119562696546877	4.0
0.5879869314616568	4.56552491748568	0.15693847377720505	92.16192972474347	2.527619952531974	4.0
0.40182723893350747	2.8096860775079873	0.08410857643957868	95.97977386563686	0.7246042414820775	4.0
4.4086817822271005	13.638588365905498	0.01500070362334804	76.1407636276239	5.796965520620143	4.0
0.600580852062352	2.063843656372032	0.015793827233803896	96.46792661384677	0.8518550504850468	4.0
4.5786993645017	7.340890282045915	0.008026051009104189	68.58624252080051	19.486141781642765	4.0
3.6610813412296923	11.682749511522255	0.02152058447692201	79.85428684444628	4.780361718324841	4.0
0.385066129823224	1.7391457833273178	0.008285582250960155	97.17867240253723	0.6888301020612929	4.0
1.51647269283255	7.261873648256005	0.0014921036329769131	89.35133925507819	1.8688223002002797	4.0
2.126824076287724	7.303021732884572	0.005544648038028076	89.25597341991241	1.3086361228772703	4.0
7.877577670424649	6.6618089916533565	0.01489967774422987	82.59828003390562	2.8474336262721383	4.0
5.832143421039316	17.504435839689165	0.03605431175448062	74.02080740587877	2.6065590216382706	4.0
0.8279469019538306	4.039561833650578	0.15898257019766976	94.29141404846595	0.6820946457319755	4.0
0.39595194008496787	4.173642185340492	0.16922633012918456	94.91446124627527	0.3467182981700731	4.0
0.21897374206695583	1.9595347447025675	0.10151697672080326	97.30376432192494	0.4162102145847118	4.0
3.562174127572612	11.208880533637162	0.01019847467182766	83.08828068688508	2.130466177233309	4.0
0.45630225070519526	2.035801541773701	0.1329459769341829	96.72686134954553	0.648088881041384	4.0
0.7654280489277474	5.336093351041184	0.2754624746906265	92.82371664684025	0.7992994785001983	4.0
6.027663023550991	18.504471691810934	0.012966695756766311	70.3807018684986	5.074196720382707	4.0
4.305981586518011	21.118422960886353	0.023561289021955145	70.63569578921157	3.916338374362105	4.0
0.663305376169746	1.9685846309759292	0.05092669406446217	96.25379910911295	1.063384189676909	4.0
0.9840279856856948	2.8534724000775142	0.03618061711068548	94.52362762031147	1.6026913768146374	4.0
3.6221847671340193	13.433345104645328	0.008703562905382805	77.6448494220259	5.290917143289373	4.0
6.194257822711244	10.293541737673834	0.042104719560147975	79.10537458582098	4.364721134233783	4.0
2.4015395454945154	14.916698826292334	0.029328653382659213	78.94165086194769	3.7107821128827885	4.0
3.977196144734342	15.730720540141654	0.015369168547347892	75.32877969689015	4.9479344496865	4.0
4.496021766935934	18.65088630141999	0.04097164953123588	73.32790286016294	3.484217421949892	4.0
3.0312200212906077	11.989336957211291	0.03455537957539049	80.75909438424513	4.185793257677569	4.0
11.157210120851813	23.14185241673362	0.034943755098243226	57.22056960223972	8.445424105076613	4.0
8.765815006665413	35.105819217321496	0.1128074253267457	45.48902664536974	10.52653170531661	4.0
8.736578974966204	42.64526407243814	0.06900735682168632	40.171402810793005	8.377746784980975	2.0
9.903810827718038	38.693928176913204	0.022022344219347786	42.261827416785295	9.118411234364117	4.0
6.013949477609022	46.96056422108236	0.0351233545762152	37.429162749869604	9.56120019686279	2.0
9.626711570229544	46.37823665775237	0.018018854297462167	35.222880281636066	8.754152636084562	2.0
13.846393287535594	28.540381226244367	0.029616279971729845	34.53572405902218	23.04788514722614	4.0
9.440315635953766	45.32549952455523	0.03530481270120687	37.436762626516895	7.762117400272913	2.0
3.441359939658194	44.76957688339287	0.027571240576788836	45.36178985646722	6.399702079904919	4.0
4.681139360926146	37.07476418598154	0.028468495059866032	54.88110077685698	3.3345271811754658	4.0
2.277768987809423	25.951998729024055	0.04322000644772613	66.14100436555552	5.586007911163275	4.0
0.7075677967665753	12.019796796671175	0.22813429522208217	85.74034033512531	1.3041607762148513	4.0
5.93470832849266	15.62648402331731	0.03480608883839156	76.40044738192444	2.003554177427206	4.0
1.1205706703781217	13.668051805063788	0.011570897910333517	83.42496506189053	1.7748415647572253	4.0
0.5893715255284058	2.307192857937184	0.020386566154138582	95.75239943770106	1.3306496126792249	4.0
1.0994483794352539	4.93001382584971	0.024285553002272163	92.51514302759307	1.431109214119685	4.0
2.274008652688357	7.121325651006975	0.02257875358990979	89.2789460588121	1.3031408839026477	4.0
0.42503261153395117	5.349910843051632	0.022936000690715618	93.32239752174274	0.8797230229809507	4.0
0.13713914632072774	1.128332431354865	0.02636653069586763	98.47172666005244	0.2364352315761071	4.0
0.5872766266690902	3.396089323013846	0.014596573317749766	94.95053335788894	1.0515041191103742	4.0
0.7210433863078729	6.479125432137842	0.030379753206232357	90.07216726164262	2.697284166705418	4.0
1.2762903075229963	17.282548131651016	0.06791370826462244	79.21171451656996	2.1615333359914066	4.0
0.5001561817105095	7.748056892306677	0.08652681271802554	90.47510115497009	1.1901589582946954	4.0
3.459399091441129	22.530604783527277	0.04972823645518252	72.67400528215808	1.286262606418316	4.0
5.802147824751615	23.463996927418133	0.08289236080510319	68.83318156244327	1.8177813245818828	4.0
3.906890162915367	20.3399367692071	0.003170559030664855	74.82611503056337	0.923887478283507	4.0
1.153600488046199	6.496333040899163	0.19691780077868742	91.57197765016993	0.5811710201060277	4.0
0.6200263560296041	1.6272344998293613	0.12557139163889916	96.92017649942686	0.7069912530752697	4.0
0.6204905313450422	3.9964481555163536	0.1358174203642712	94.81231293896063	0.4349309538137176	4.0
0.13888750435538114	0.9469200463155077	0.13272721797654022	98.33739256472803	0.44407266662453365	4.0
4.8979479180147525	11.952309840992047	0.015658043823020322	78.36448747201973	4.769596725150459	4.0
6.158743291133877	12.180235874842387	0.0494784561993676	76.81523467091412	4.796307706910259	4.0
7.178248691123793	13.757047597168595	0.028450243568645214	77.68466195085102	1.3515915172879538	4.0
4.663127504116906	11.710311595986028	0.052922729617293586	81.64824870739677	1.9253894628830162	4.0
3.3507094451894663	8.16593371252194	0.3545207053271308	86.39776000891138	1.7310761280500928	4.0
0.9494463717024756	8.461822302735063	0.49601422803991735	89.20662246032268	0.8860946371998796	4.0
2.3052699994326185	14.346759768383007	0.021734841590353552	78.95654424984909	4.369691140744934	4.0
4.060478574946937	34.60400922383744	0.05360771819069843	55.8425550299703	5.439349453054636	4.0
7.980236355307467	36.04710293490416	0.06383173055242757	52.891257154664316	3.0175718245716197	4.0
5.4284774347026765	54.69326228090621	0.10520894637635395	37.3273265507785	2.4457247872362613	2.0
2.3409491889273224	49.86568391302511	0.16581528739282048	46.321917222926	1.3056343877287446	2.0
10.145400856766894	26.531980059759046	0.10483043231896659	58.763609067701495	4.454179583453609	4.0
3.105373614645166	39.0202098574685	0.04859647291255131	54.514275947886844	3.3115441070869256	4.0
4.993017264730908	34.84616970688939	0.04950973580942715	57.63740847231528	2.4738948202550093	4.0
7.461808374545289	24.092364316322683	0.03200161147333139	66.32401400271263	2.0898116949460603	4.0
1.588910311145222	7.941340811362413	0.12057490517268175	89.774379240876	0.5747947314436833	4.0
1.531405719175567	9.442952952741935	0.16919773220047124	87.58366124962026	1.272782346261774	4.0
2.632528245124795	16.972785861807473	0.3038638699256419	76.0807368742778	4.010085148864308	4.0
3.944919344191199	13.191029731190776	0.073986864627875	78.02524594568798	4.764818114302174	4.0
7.060397992752752	19.798778741378108	0.1091829412023281	69.34519282497898	3.686447499687838	4.0
10.485187606678197	37.615730516756805	0.19919903067826317	47.59897362005005	4.100909225836665	4.0
6.278814424644391	44.555613416689354	0.20914034516357213	44.6845762387632	4.271855574739493	4.0
4.431251992783263	56.58359103953562	0.0709881057728866	35.58044797066279	3.3337208912454313	2.0
5.082451622329374	54.32891602467911	0.04366006594192854	36.49798628482353	4.046986002226057	2.0
10.901112471475798	41.06871627443061	0.11888994698996576	44.22997354479362	3.681307762310018	4.0
8.109672401228979	38.047947632328274	0.12394302821683933	49.19305368230932	4.52538325591658	4.0
6.766770787579755	42.020770763446166	0.155090033334729	46.81207095746436	4.245297458174995	4.0
5.587205311400696	52.316535498004136	0.24186673216329718	34.404777747728374	7.449614710703489	2.0
3.228691465643373	14.263035928632304	0.2672536085243049	78.5858575181363	3.655161479063731	4.0
11.392319666926824	52.3937578639586	0.0605881483947038	26.078937771579547	10.07439654914033	2.0
10.862480987783128	76.5085504541393	0.09598922468153258	7.5705824062290805	4.962396927166968	2.0
10.258240430837835	73.67662376988177	0.17147483527098717	6.692055395447133	9.201605568562272	2.0
8.630730489720321	85.65324078514703	0.5316812186261083	2.511360279377961	2.672987227128567	2.0
0.7300480526461122	92.21890098991152	6.453367249748975	0.4251994677880979	0.17248423990530115	2.0
3.229161977670434	93.83350113866842	0.10278125369025497	1.573884279891942	1.260671350078946	2.0
1.36131306073559	96.85423410088222	0.586853503250125	0.7664430855999933	0.4311562495320405	2.0
0.6176771357922767	94.31261697991769	3.956439177177985	0.8693700364525289	0.24389667065949802	2.0
0.5002169837845847	94.90178717878253	4.154017167079107	0.24259461062033855	0.20138405973344828	2.0
0.18971159331877668	98.41709358178818	1.1558322015858138	0.14855652877742237	0.08880609452982263	2.0
0.5137984615820149	92.01041100233081	6.680229897431881	0.5451259756102976	0.2504346630449825	2.0
0.38569725692808676	85.98666574430791	13.220994596146914	0.17452710098849517	0.23211530162856853	2.0
0.47751607405931923	91.71971027190668	5.811002186170558	1.490850782972319	0.5009206848911126	2.0
0.42656016029411165	98.53195232576257	0.17957877774890815	0.402015826450469	0.45989290974393826	2.0
0.6821874210650627	97.67301207334992	0.8605920070421457	0.2837637719639183	0.5004447265789287	2.0
0.47537234731205946	81.08067619578168	17.83171284815345	0.23693289489826896	0.3753057138545485	2.0
0.881493173397747	98.276650452789	0.5197447810989215	0.14328532142663702	0.17882627128769044	2.0
0.718217333727874	96.59178291799509	2.1241973881737364	0.22434228534441444	0.34146007475890117	2.0
0.5480709776775196	83.82473840323392	15.1355082776691	0.31536982414381665	0.17631251727564712	2.0
0.5684395830735356	97.89175214058042	1.1163154493349834	0.22195178786665343	0.2015410391444298	2.0
0.3821922195266394	98.37524600459552	0.8247320524558446	0.23965937231581405	0.17817035110617643	2.0
0.3157258190642123	85.30012257752378	14.10719074984825	0.09992866611748101	0.17703218744627813	2.0
0.2383446306149684	61.709941253326015	37.638842739037976	0.17926212078221088	0.23360925623881348	2.0
0.25878407202090337	33.24113472335472	66.06268524640224	0.1895734641703312	0.24782249405179893	3.0
0.14712898808420508	30.849759379950815	68.63383106988181	0.23258025006233102	0.13670031202084926	3.0
0.28457219630056013	91.87938199640406	7.464208834224532	0.20414824609312401	0.16768872697769346	2.0
0.22723731721806634	74.08425338031496	25.243285497484568	0.19284005693212544	0.2523837480502597	2.0
0.19703733414124908	22.14475660933625	77.14171862928774	0.3564596288036155	0.16002779843115475	3.0
0.1860915706270696	23.392830321857115	75.47363134082818	0.8111615173885821	0.13628524929905356	3.0
0.23609089745676343	31.59636070753397	67.71080784714871	0.30148651007058	0.155254037789978	3.0
0.18164161634330825	23.40459862406474	75.52707171322771	0.7886284518330363	0.09805959453121664	3.0
0.1998533033032946	29.927605681936097	69.16804194999393	0.569460124114928	0.13503894065174843	3.0
0.1144119026189307	15.797095795053535	83.80197042137578	0.23097320795084395	0.05554867300091201	3.0
0.16945538551846476	19.606138541533767	79.82488978670409	0.26418728427520805	0.13532900196847966	3.0
0.05664806301511249	9.342771909061106	90.52630588744057	0.045692708855096936	0.028581431628109697	3.0
0.2124647254937711	16.39178810326626	83.26554099850347	0.06704479616772188	0.06316137656878547	3.0
0.09941849981556898	14.205955250032346	85.54809168398026	0.06030477992135558	0.08622978625048079	3.0
0.06780589142690345	8.820471797396516	91.0337451374994	0.04729875717609268	0.03067841650107978	3.0
0.034603599341314906	7.58114159318517	86.59864240962864	5.76265507326224	0.022957324582636343	3.0
0.06265528669762901	13.083977554468525	86.79574517071762	0.019821606654059108	0.037800381462175826	3.0
0.02116539349939324	3.382498350941518	92.22911125376557	4.358220013304933	0.009004988488600731	3.0
0.016384091707512045	2.970688405671118	94.38384260092286	2.6128554828312076	0.016229418867313678	3.0
0.035460194558790945	5.398373576339034	94.5270747311318	0.012085315765081006	0.027006182205310387	3.0
0.024514720988036934	4.497440849962844	90.93674909521805	4.5292172288569175	0.012078104974151686	3.0
0.04812497714753684	7.432343868744898	92.45376634516023	0.032817415898009066	0.03294739304931857	3.0
0.07095535329891701	5.517279458957627	83.22472552020848	11.171411742942116	0.015627924592876832	3.0
0.03380842753898377	5.807764868545469	89.20344667837283	4.944474956682641	0.010505068860072818	3.0
0.04918632887893036	6.605389463821627	93.307604468228	0.02152505140397709	0.016294687667471178	3.0
0.040717342812274696	5.072325874125347	93.1162460499502	1.7648817408426272	0.005828992269562419	3.0
0.025848141762286714	6.979502987186077	88.63110933752652	4.354292868972529	0.009246664552579623	3.0
0.031439053932236796	4.377092137038033	93.48917622490278	2.0969081273761927	0.0053844567507604	3.0
0.030217773021742153	4.3869426529139215	94.28249348989041	1.2907282686536392	0.009617815520284574	3.0
0.13205173156260708	11.827564870801076	87.97239066682707	0.03673475222792924	0.031257978581329574	3.0
0.04547693498932909	5.490247622855709	91.39495010145058	3.0539954562222715	0.01532988448210878	3.0
0.049267558002582396	4.989357119726356	92.96875751110136	1.9808745214157648	0.01174328975392909	3.0
0.02821326581439335	4.367902954716745	93.33934835665299	2.2478893335199155	0.016646089295946718	3.0
0.034996526755013475	3.6315121361107803	92.97163546816935	3.3393429046444996	0.022512964320358195	3.0
0.05698007229842093	1.7183937604525277	96.13832971713909	2.0333500279043695	0.052946422205603645	3.0
0.14906586304626868	8.929544496750784	90.62871894251349	0.013128847858480822	0.279541849830974	3.0
0.40887162362739293	85.184355640124	13.840743079304765	0.06186155673272034	0.5041681002111247	2.0
0.06455491815483612	12.162697570043916	87.68339148369138	0.020215399171196597	0.06914062893867666	3.0
0.039334214471079654	7.0640114423842215	92.83202292356701	0.022380937991871228	0.04225048158582888	3.0
0.041462660697677525	7.637707292053109	92.2273457619871	0.03858599202125609	0.054898293240873364	3.0
0.05553354878930785	16.467531577877327	83.28962702503988	0.10003539297023878	0.08727245532324654	3.0
0.05216514812853492	3.8699042151431606	95.94453934888497	0.08863615429282963	0.04475513355048604	3.0
0.044992634735813636	4.444136374868375	95.43533520351141	0.04910474210255197	0.026431044781838147	3.0
0.13626865319239778	35.35620079884526	63.98503185672016	0.08471198420779055	0.4377867070343916	3.0
0.06479312994701718	3.2597307042785237	96.53119382218578	0.026393471006063086	0.11788887258259093	3.0
0.43877913660285706	29.50057504362789	69.49801259773083	0.14960586773570264	0.41302735430272164	3.0
0.3005935439700896	68.281249156734	30.03440538564577	0.13387722182334094	1.2498746918268067	2.0
0.20200826681836853	22.478483964152552	76.73841350991754	0.07608334341124491	0.5050109157003076	3.0
2.173224203469434	6.5798345907939595	4.370639472159163	0.16400107181777374	86.71230066175967	0.0
20.03703587052953	36.395794820085754	2.0675329196499455	0.5868901218635811	40.912746267871206	0.0
19.703912960531376	65.2984085105026	4.12927841454161	0.19668978933096767	10.67171032509343	2.0
8.385979540440196	77.3945901448325	7.5566276383950015	0.14213131312296787	6.520671363209315	2.0
3.984789959686308	82.59271620269259	8.975683841419995	0.1591497820554535	4.287660214145659	2.0
1.6227644910235435	83.31807003969001	11.382434999692705	0.22321550502663762	3.4535149645670877	2.0
1.0001041352369437	81.62977008783663	14.600833062461966	0.1155945106169543	2.6536982038474934	2.0
0.4749565797633905	38.05211146452786	59.505512335192755	0.32269970317091873	1.6447199173450782	3.0
2.156972017594885	90.5497002098212	1.9091594355246415	0.3829535781299865	5.0012147589292955	2.0
9.660824400758496	71.52952958834923	2.60783030321948	0.7716687813279997	15.430146926344786	2.0
4.219568378937201	2.0629921222377043	6.936294281193324	1.161946790434628	85.61919842719715	0.0
3.4228146602907192	3.330499809114441	1.469328009147235	0.5423309350914854	91.23502658635611	0.0
6.566764099243018	3.8191436550717883	0.21047572008981694	0.5070311746863344	88.89658535090905	0.0
17.64364345324094	4.307295477864692	0.016275968043190082	1.0425345348390798	76.99025056601211	0.0
1.2307934672171246	0.5611801514997423	0.24276236683257402	0.5076588837035976	97.45760513074696	0.0
2.683438582822008	0.884155989166294	0.18047017377566846	0.21273084363116324	96.03920441060487	0.0
10.02263888938244	2.966549035373414	0.16380390372060788	0.4621355295026503	86.38487264202088	0.0
24.029236021661678	2.2092917038510036	0.010380044553912237	0.7168930656322842	73.03419916430113	0.0
27.809264889408563	0.8256264705615697	0.0020844732485870935	0.1488456209757037	71.21417854580557	0.0
80.28875578662176	2.7790209663879093	0.00038497754696413484	0.46845654384349444	16.46338172559986	1.0
86.41535486638567	4.357840001341678	0.0029029310147977916	1.595547825334392	7.628354375923449	1.0
82.88776981968762	4.919108437860538	0.0027681481568167096	2.3352226723953775	9.85513092189965	1.0
77.55550973610336	8.901136406200187	0.0013457676122216446	3.6453378015015274	9.896670288582696	1.0
78.65682716634275	13.701057888498793	0.005431417548295773	4.161293870565677	3.475389657044485	1.0
21.724882630350763	63.73006987698241	0.14225142141870611	8.29334801659801	6.109448054650091	2.0
4.011941953721642	84.12213959166365	1.0494625430214037	6.416101813934979	4.400354097658321	2.0
4.811456275422434	69.84168391040957	0.4484419161810351	18.98891115144016	5.909506746546795	2.0
1.7286455413901423	92.01820012578553	0.3507690362716503	3.4844153429184397	2.4179699536342634	2.0
1.1395644114080439	93.21735767475596	0.5465810080823837	2.999459010344448	2.097037895409167	2.0
3.9156270213428406	91.8487752229059	0.32278044827999786	1.0430261801969753	2.869791127274285	2.0
0.8338804940298767	94.91588715095298	0.7684226467467555	2.307699466444819	1.1741102418255611	2.0
0.4661816144317781	86.7370548079552	10.342939014567618	0.45706571654195	1.996758846503437	2.0
0.8001557289431792	93.99810594229275	1.2726491812458174	0.41320494361858373	3.5158842038996525	2.0
0.6164784384455247	98.30721881939176	0.3174171508676738	0.4068084638153043	0.35207712747975367	2.0
0.5937740597863377	94.59351697695126	3.0048149636862984	0.7991792514225321	1.0087147481535634	2.0
0.16495828610683516	69.82653092479632	29.282167878183273	0.2599006070681947	0.46644230384538676	2.0
0.33154756946294944	95.96421464110973	2.3732216938644455	0.580843809578663	0.7501722859842236	2.0
0.3578015874586179	95.54871263735653	3.1855279010886894	0.22320376808630216	0.6847541060098741	2.0
0.1729281214962592	81.61999555694828	17.390887871333703	0.2070613393234134	0.6091271108983433	2.0
0.4929349997484601	95.09870626282691	2.6569418015753143	0.17209588853879432	1.57932104731053	2.0
0.24510417537887352	51.87869957654818	46.690514772930854	0.059862944587095686	1.1258185305549768	2.0
