N1	N2	N3	R	W	anotaciones
0.014687709586292291	0.02140305867851613	0.30720920682749997	0.00019017249764567067	99.65650985241005	0.0
0.02864480913985286	0.041517856264626	0.05687590906179855	0.00023183221445103328	99.87272959331926	0.0
0.03485959839121887	0.04484304223349841	0.03327667711146097	0.00025412825020191144	99.88676655401362	0.0
0.012981215697024841	0.022209398911024265	0.015781637611728426	0.00018670422559271345	99.94884104355462	0.0
0.010288355633283435	0.015234382477285988	0.010064729361699672	0.00032848667191267433	99.9640840458558	0.0
0.005092011284427119	0.011996134435005077	0.0054043668097793485	0.00017874084982019703	99.97732874662097	0.0
0.012781248777585777	0.011542690230849228	0.012029583475958493	0.00016551361608943703	99.96348096389951	0.0
0.038084061982230015	0.021842838963140113	0.0028021351562409883	0.0004356591713974151	99.936835304727	0.0
0.020097179581819166	0.016522984195487506	0.014201355902578315	0.0003330064639688088	99.94884547385614	0.0
0.04334384995067223	0.042753413973111574	0.05539535888450917	0.0003811887157693646	99.85812618847594	0.0
0.07263781760455348	0.04257391854069877	0.026427946532708493	0.00043128480276379856	99.8579290325193	0.0
0.07735162354022065	0.044909805042289065	0.02632224656467041	0.0005991402045753974	99.85081718464825	0.0
0.02451761086897047	0.042692746655918705	0.014873015340546093	0.00035213480954917605	99.917564492325	0.0
0.07180060771899488	0.03208205374123914	0.03359378913951385	0.00030448109051872956	99.86221906830973	0.0
0.0626856655367869	0.022758121664861033	0.01909558844626962	0.00026021794504722297	99.89520040640703	0.0
0.02220238962603607	0.026080484110018273	0.014137930932175451	0.00016679963785510681	99.93741239569391	0.0
0.039921830127338166	0.06452131160121569	0.03180370605394776	0.00035502431802800173	99.86339812789947	0.0
0.01784889551106675	0.029248024979110117	0.02940554603384475	0.00013630033530548068	99.92336123314068	0.0
0.02587972758757752	0.02335997540300574	0.01170423939737679	0.0003406537220306396	99.93871540389	0.0
0.017659514293188152	0.03360002472087826	0.029823526193646307	0.00035037139372156	99.91856656339856	0.0
0.016231058298497882	0.042069965889685826	0.02880287454390827	0.0003596824030780061	99.91253641886483	0.0
0.07477332263988185	0.13049759765745467	0.08599181797317042	0.0007188123443616264	99.70801844938512	0.0
0.07288635099642125	0.1118412314885892	0.10472721166788612	0.0006894196313464226	99.70985578621577	0.0
0.022065134105007926	0.04035087032947755	0.018410281292851306	0.0005962331296604596	99.918577481143	0.0
0.2051223004361015	0.12879217213365657	0.09174138729790805	0.00136550272372433	99.57297863740861	0.0
0.08025951517100036	0.09116535041654178	0.04117923269849869	0.0020382378002036486	99.78535766391377	0.0
0.06737240492274722	0.1052441264549517	0.04647472855759005	0.002265800580734074	99.77864293948397	0.0
0.059430446421159	0.09984430164040091	0.10050415224828362	0.0023825153547527575	99.73783858433539	0.0
0.05122748927745652	0.14146586784093254	0.12945969595418286	0.00270631283888339	99.67514063408855	0.0
0.07213903188699061	0.20405102364946695	0.18710517933252382	0.010726749968226701	99.52597801516279	0.0
0.09382200038816113	0.25167398694063003	0.21517961561048712	0.020296584237006508	99.41902781282371	0.0
0.05204087210165431	0.21618615349449613	0.11813874607967596	0.00618215191153622	99.60745207641266	0.0
0.13109125487515313	0.4663299781223694	0.29047725867319807	0.015595831914125426	99.09650567641516	0.0
0.16165235740322537	0.32812468070735756	0.21145416308134857	0.026674156831870424	99.27209464197621	0.0
0.1226953618392544	0.2264709178187456	0.26730316217730143	0.008483950049632497	99.37504660811506	0.0
0.14806432941107178	0.3492996010353436	0.1123353531794546	0.01172086938125833	99.37857984699286	0.0
0.11903064819798104	0.3924143981524063	0.2288774995252361	0.011751019132812287	99.24792643499157	0.0
0.07179325201459513	0.12224544770157264	0.1469880152888942	0.0072458411350821116	99.65172744385985	0.0
0.05981825178018391	0.19175577586964368	0.22965965796267995	0.005725383891596533	99.5130409304959	0.0
0.11581475990799733	0.2534954596122362	0.1558584670172555	0.01456765874829482	99.46026365471423	0.0
0.09369162219917361	0.1302499060754794	0.12524073232977886	0.005003965230159295	99.64581377416542	0.0
0.072492474724229	0.22178753612951746	0.1517054876814237	0.004386643439981883	99.54962785802485	0.0
0.15019668709897924	0.33922533865647886	0.2534412438653388	0.00770232406897405	99.24943440631023	0.0
0.059571308208180566	0.15332875431279178	0.14747660781260089	0.0031108593802005873	99.63651247028623	0.0
0.1268885403339225	0.28395288578727895	0.22865069764936163	0.0071596646429073095	99.35334821158654	0.0
0.13418923923435147	0.18860011208126373	0.0932595279079687	0.003555902459286786	99.58039521831714	0.0
0.1309068605129547	0.3464503021513401	0.3954581324195697	0.005563464092403015	99.12162124082371	0.0
0.09358233325800658	0.20954969172643154	0.13805498791893248	0.006179758460750275	99.55263322863588	0.0
0.18717352969219317	0.19773440555683539	0.13308590974700854	0.0047334438462161305	99.47727271115775	0.0
0.06980102577885823	0.18226527011383054	0.09499874872981662	0.0027741148376876296	99.65016084053981	0.0
0.15550587479738334	0.2465847314602658	0.18449416340887606	0.005900519549137357	99.40751471078434	0.0
0.08011780734982966	0.27193101024362604	0.15666540464823558	0.004005504615754679	99.48728027314256	0.0
0.1497965924916384	0.3565899980479507	0.46242136170490067	0.004600843838161451	99.02659120391736	0.0
0.21145634960171236	0.28798445049742916	0.29442333179187424	0.008285186646522254	99.19785068146246	0.0
0.07359279508010917	0.1751900685032264	0.11508804555921817	0.0024380776391140675	99.63369101321832	0.0
0.10978797579790885	0.21843201116664218	0.26851903410811423	0.002146244142338447	99.401114734785	0.0
0.18014923419768708	0.3119899479442643	0.15648214158107732	0.004703027193011039	99.34667564908395	0.0
0.22422943328859546	0.7216687541787719	0.6560995714805137	0.0035068560001245562	98.39449538505198	0.0
0.09603819894049141	0.2422317912574325	0.11285077766640378	0.002039090940738587	99.54684014119493	0.0
0.3141106906067025	1.2570980141464876	0.5121370260135063	0.00479251098801567	97.9118617582453	0.0
0.12591577233039333	0.43301219627775384	0.15145502624982993	0.0014941283189337528	99.2881228768231	0.0
0.1929960047199428	0.47178155963887336	0.2050479638118613	0.0024874050369125935	99.12768706679242	0.0
0.1500811344064361	0.3587285486797678	0.07702660001704469	0.0015789341122096896	99.41258478278453	0.0
0.2445250751878348	0.27806941290722165	0.12409473248074486	0.002625443537278459	99.35068533588692	0.0
0.13061336575541033	0.4123577948931162	0.5571945078935383	0.0034508665751085367	98.89638346488283	0.0
0.07157928287365473	0.32447188683088607	0.43480209230658273	0.001962411190655461	99.16718432679824	0.0
0.09461543175456752	0.16096622123568893	0.08857488228171499	0.0020647782947856063	99.65377868643324	0.0
0.06735232643810334	0.15211947944327373	0.0722377976477622	0.0007231832764178002	99.70756721319444	0.0
0.08240964364260767	0.1255685638340806	0.021073910596441016	0.001132765368178754	99.7698151165587	0.0
0.11311069930931221	0.12963147495840818	0.03918944847257997	0.001166689052487011	99.7169016882072	0.0
0.038609184081073125	0.05962723476572382	0.019132591724717388	0.0007629053740509927	99.88186808405443	0.0
0.07935077941813977	0.06486610407374867	0.01793163734075141	0.0009617003742201042	99.83688977879314	0.0
0.04678088718313996	0.047206285017187	0.0150077137595305	0.00046510226344967354	99.89054001177668	0.0
0.03499135439858813	0.029958043989602886	0.007085948625258486	0.0003766529360240051	99.92758800005052	0.0
0.031648603360998916	0.056549167488886096	0.04178441796339827	0.0004019094180126289	99.8696159017687	0.0
0.04195187271600936	0.043634028475903724	0.022299991369953153	0.0003980919200783825	99.89171601551806	0.0
0.0673199992843712	0.08831736406030401	0.015644005536070517	0.000534914874873664	99.82818371624437	0.0
0.012996613709186365	0.02302030209440136	0.018253836184620113	0.00014527422805885303	99.94558397378373	0.0
0.027346723401386698	0.03693039493680743	0.023063299393998597	0.0002765768316109643	99.9123830054362	0.0
0.045165038343556056	0.04432513762767052	0.03623355183322702	0.00021639922002345398	99.87405987297552	0.0
0.05179950645852614	0.03288025121976293	0.01889696583943334	0.0002464517042950065	99.896176824778	0.0
0.04085731984341097	0.021538816790954426	0.030113681263691662	0.00032353341901033384	99.90716664868292	0.0
0.04732094574146442	0.030634593491498774	0.03653454875761023	0.0004828400830586922	99.88502707192637	0.0
0.03964738699336948	0.0410075845941931	0.03215887114588502	0.0003807042110259681	99.88680545305553	0.0
0.016563646989317445	0.01704265799057995	0.004537779648410428	0.00010758537138640334	99.9617483300003	0.0
0.02762447266907144	0.019031578851010467	0.011754191663646319	0.00016848309047212638	99.94142127372578	0.0
0.020325851250900032	0.012571031846256615	0.0037465344529453736	9.303158038905466e-05	99.96326355086951	0.0
0.012450634139367313	0.017254877116842017	0.007071964544750493	0.00010717928883735772	99.96311534491021	0.0
0.019326847694105358	0.0347857025806951	0.013928887686859437	0.00015146081181167479	99.93180710122652	0.0
0.029866913961032568	0.0804070883143317	0.025944377237657197	0.00019998013009359404	99.86358164035688	0.0
0.04780881544739186	0.054044637660544605	0.050082147600463166	0.0003003044911930028	99.84776409480041	0.0
0.030972122983618074	0.038031062483395134	0.018959216175439286	0.00014081637467706933	99.91189678198286	0.0
0.09863357428177995	0.051856885269048664	0.004056352796069961	0.0004117268925000981	99.84504146076058	0.0
0.030158157011318146	0.038416607390212416	0.027301838807816572	0.00020834373672893463	99.90391505305392	0.0
0.08135744702947176	0.06639463780285151	0.007693628045935251	0.0007576504988251458	99.84379663662291	0.0
0.09571143390725481	0.05470749428471896	0.0073394152158251826	0.0011709341234753651	99.84107072246874	0.0
0.09189034293152698	0.027435498191439547	0.001860049447323209	0.0009271946349385864	99.87788691479477	0.0
0.09887535837698896	0.06936596393060934	0.0028559800529476434	0.0019206985286505062	99.82698199911081	0.0
0.1615804690478552	0.09547992063780063	0.00587470061536709	0.0022651943999131502	99.73479971529908	0.0
0.19775513033354009	0.07242907195699082	0.008060378934694355	0.0028542465540318434	99.71890117222075	0.0
0.17373335774787751	0.06728987899032828	0.008338774243847897	0.0054380547712741985	99.74519993424667	0.0
0.28781529551959345	0.20479773567413528	0.008762292762511737	0.010088871183991354	99.48853580485978	0.0
0.7731417628074734	0.830535000605793	0.05665001143329118	0.015304209920849363	98.3243690152326	0.0
0.632230538960837	0.7850439924757721	0.041709851340497456	0.015282798350273635	98.52573281887261	0.0
0.15503164365912153	0.16825694537503577	0.014258781372032816	0.003123629943327344	99.65932899965048	0.0
0.15277979256575297	0.0898540710135977	0.010033908021891774	0.002454461417213541	99.74487776698155	0.0
0.14147320007001526	0.19355209258140035	0.036296125718612605	0.003441142743490956	99.62523743888649	0.0
0.4450466488627265	0.23963811848232955	0.00835881100674279	0.006139680190162212	99.30081674145804	0.0
0.4801263060808768	0.460432864536565	0.016992733819737135	0.008512580363288752	99.03393551519953	0.0
0.13787285280585723	0.13378050417648618	0.012087264075422844	0.0016816973949654996	99.71457768154725	0.0
0.3898112554855529	0.7710313923625608	0.02366968065828073	0.00427416865209346	98.81121350284151	0.0
0.5502230361860189	0.6908898337990248	0.018153399724417617	0.015307244509399642	98.72542648578113	0.0
0.2619169599695134	0.22524923308931874	0.006564495489062278	0.003272629690735138	99.50299668176137	0.0
2.1937811248186017	1.5721338329431784	0.011718854100178306	0.014976013700757	96.2073901744373	0.0
0.5724321857613451	0.6396385422281322	0.028513761951752866	0.018705471528691116	98.74071003853008	0.0
1.304227162345686	0.9767532817834793	0.05628838227946789	0.029841205667550063	97.6328899679238	0.0
0.16538507933285315	0.17228766830883543	0.007215270495177129	0.0017992833257746816	99.65331269853735	0.0
0.1939771955093028	0.1272046511263388	0.00802592531763624	0.0022582094157728404	99.66853401863095	0.0
0.3011210721739847	0.18156884586555969	0.007119854287786996	0.002587645875245371	99.50760258179741	0.0
0.3427425011620354	0.12391622899744757	0.008780341083126577	0.002359336125573861	99.52220159263182	0.0
0.1498987705551703	0.08406647594305706	0.006459510218460927	0.0021115494769573936	99.75746369380636	0.0
0.16766443896167962	0.12809205434891968	0.015460367376345563	0.0026385132328198726	99.68614462608022	0.0
0.21235315624159376	0.33482988599879326	0.017706914136235152	0.01673720338292397	99.41837284024045	0.0
0.2332405829413119	0.12359624821890045	0.005767192361493203	0.004788189465366693	99.63260778701294	0.0
0.2935950320889087	0.10379711365837947	0.007862886227369121	0.004858135894648775	99.5898868321307	0.0
0.08796554322807287	0.10147498658142975	0.007756245587483199	0.0024713429533294736	99.80033188164968	0.0
0.307080208031051	0.0966142223844576	0.007518147943920942	0.004398060901249962	99.58438936073932	0.0
0.42768417998846464	0.12218963741362908	0.009928034815424388	0.009202212329038593	99.43099593545344	0.0
0.20798250886592826	0.4606411498352648	0.04318655140046551	0.013004134321193126	99.27518565557715	0.0
0.110341343173541	0.08282152813572717	0.004872350574346453	0.0028045082548558637	99.79916026986153	0.0
0.172366998239675	0.07866920029684456	0.00776090575985875	0.001790073679875095	99.73941282202374	0.0
0.06990827953653217	0.06507686118591521	0.02583061580800048	0.0017102727479385087	99.83747397072162	0.0
0.15839800173733326	0.0435170936284798	0.003422577039438669	0.002216210656851268	99.7924461169379	0.0
0.04096928088616255	0.06281343804814868	0.0049891595518853785	0.0014025697638916875	99.88982555174991	0.0
0.5164865255939262	0.13206473656693427	0.01016751900304066	0.005138850512734669	99.33614236832337	0.0
0.05101414964458834	0.062223689656259185	0.0037771499409786535	0.0016346886992631704	99.8813503220589	0.0
0.13911216105893318	0.13921717523449767	0.027519034976161587	0.00279073030526172	99.69136089842515	0.0
0.11812645223178408	0.12048182232353782	0.0187517146483325	0.003896077111428103	99.73874393368493	0.0
0.4384282059696829	0.17747590598452864	0.008369069376211881	0.015054408431868465	99.3606724102377	0.0
0.29947254050172833	0.3382229182534404	0.01027124941691939	0.026369034971560977	99.32566425685636	0.0
0.6030891842318821	1.2926082188433805	0.05222559817529525	0.07393624093439907	97.97814075781504	0.0
0.24181243313251394	0.7012773134984678	0.06822889961260785	0.03411053346365406	98.95457082029276	0.0
0.22182935861291636	0.2705249483102458	0.01911319880708351	0.03561259366814865	99.45291990060161	0.0
0.2343415869694942	0.15713571171740037	0.029339477054091276	0.007881522088023379	99.57130170217098	0.0
0.11405220860719385	0.07776081532164726	0.016727099096224777	0.003902998984274619	99.78755687799065	0.0
0.401236880086755	0.3481230932689724	0.03390342349475743	0.010627601997399101	99.20610900115211	0.0
0.882745590391518	1.057268597754237	0.027732257525093597	0.03949567203523165	97.99275788229392	0.0
0.49160633961441713	0.5209838059949874	0.018062256242524492	0.028530224492831296	98.94081737365525	0.0
0.20821066433120944	0.4532936020625114	0.009293780366146951	0.025417376379009936	99.30378457686113	0.0
2.1249887464009305	0.7844191197167603	0.008279945113393167	0.05324902080259332	97.02906316796631	0.0
0.7673330845456294	6.261350638518007	0.07127510879146759	0.054996164891893795	92.845045003253	0.0
0.23083561190488286	1.5610909832284734	0.055261839900968154	0.03030640524762759	98.12250515971805	0.0
3.231194552690882	3.498994502946274	0.03489884838237439	0.21197820409794388	93.02293389188252	0.0
0.6703176316098804	1.4854043407712645	0.04401626293768891	0.154140504186034	97.64612126049515	0.0
1.9724634363078375	8.422668635824108	0.0954283128273254	0.3797134481249235	89.12972616691582	0.0
1.0786449266367086	1.0273989980964418	0.01983270100313789	0.14788064508208248	97.72624272918164	0.0
5.424389153528574	5.987625920080523	0.03937279048941795	0.49828028447514977	88.05033185142635	0.0
1.930462328477465	1.7765952624258254	0.008587657795655632	0.08249371422139405	96.20186103707965	0.0
1.9172153754248498	2.9435996751622775	0.01882680181118593	0.21924290353665465	94.90111524406502	0.0
2.8316549696603808	3.9962692771302857	0.044920419162701314	0.42608786185009173	92.70106747219654	0.0
1.031124634700825	1.282497797022966	0.02006967643887553	0.049131896280251754	97.61717599555708	0.0
0.7299111206436035	1.9624300437998332	0.1440694647436793	0.0705687350471369	97.09302063576575	0.0
0.62518445372647	0.8188646792226622	0.17533331291584628	0.0315459649102578	98.34907158922476	0.0
0.14079607767741192	0.21524708808456594	0.005869620630515156	0.0346064552090274	99.60348075839848	0.0
0.8687876813117903	0.6979761127128572	0.016657528368874783	0.06402378729142076	98.35255489031506	0.0
2.307149211533365	1.2046751050536362	0.013433707925432442	0.1285549436783186	96.34618703180925	0.0
3.6205647620606767	3.122048417258614	0.047829399201853	0.5710364233484309	92.63852099813043	0.0
0.5161444620755375	1.842947657453326	0.01563405614995924	0.13959010656561166	97.48568371775558	0.0
6.384339838923707	6.221459891665637	0.04857262769798555	0.923523055109477	86.42210458660318	0.0
3.368670257181078	3.8840241033135063	0.0502851279203695	1.3296742451487653	91.36734626643629	0.0
7.473358765193098	9.810983877245533	0.08276827016002763	2.423671769219857	80.20921731818149	0.0
4.883761314821528	7.205920005021503	0.043345946084733404	3.266149079015025	84.60082365505723	0.0
1.548361068328597	3.6360591567711187	0.09525568981409886	1.206770637731066	93.51355344735511	0.0
9.602889781511067	6.09618674231741	0.05093699290763325	4.013180817465144	80.23680566579874	0.0
8.186785775885944	2.956666268577376	0.011189204687448365	1.5894646213141375	87.2558941295351	0.0
6.735241748589556	4.603607089997013	0.03818156523832149	2.8103817134925797	85.81258788268254	0.0
10.087334823628332	10.231570618908302	0.024684053112186136	2.623279337619181	77.03313116673199	0.0
1.1861342235516799	1.403235559415252	0.0077262292954521665	0.7573336007160129	96.6455703870216	0.0
8.322524188748973	3.132775237711009	0.008448752790825803	1.3699109580893454	87.16634086265985	0.0
1.2637879662615352	1.26683638071419	0.008002623011655243	0.486917546699972	96.97445548331264	0.0
1.8977780483562416	1.1521747167373222	0.005239845335346781	0.3141086660443884	96.6306987235267	0.0
1.3228516627703364	0.7560273805945006	0.005235736082494982	0.2797113738233806	97.63617384672929	0.0
1.3202453891895627	1.9481837290996815	0.013410522612544107	0.5730057453255119	96.1451546137727	0.0
0.28703815481899214	1.5264322114532294	0.014144153414980348	0.8106664897704164	97.36171899054239	0.0
4.719096382525204	1.2214721629970793	0.00509014416689231	0.9110626920241794	93.14327861828666	0.0
0.5700144218810453	0.7001542988694878	0.010850227641122064	0.24547132829597101	98.47350972331238	0.0
0.20266458735458093	0.08173637135511036	0.004093079123631153	0.032660232009851686	99.67884573015682	0.0
0.2960506682995448	0.03779337096156633	0.00040603882535582606	0.008558798973028801	99.6571911229405	0.0
0.6670662853030914	0.052899231182099465	0.0004518617753111854	0.005845453973403015	99.2737371677661	0.0
2.2347751161053764	0.1707607214466109	0.0028040384795186167	0.010925118595933935	97.58073500537256	0.0
0.15866026002220196	0.03683285071889138	0.0012362876223131198	0.0008849566626992898	99.8023856449739	0.0
0.5247240511384853	0.17551161325657832	0.04389233394317106	0.003954753899112609	99.25191724776266	0.0
0.14200545212878787	0.11461898953552663	0.012815271930712333	0.0035838272310087477	99.72697645917395	0.0
0.09043496481280475	0.07993676642362799	0.027726862200304694	0.0020261912496596715	99.79987521531359	0.0
0.010141312191185747	0.0259087657811881	0.010255571614143442	0.000503309522775302	99.9531910408907	0.0
0.10746592216503079	0.08395278550361635	0.006815858641843515	0.0025030067374381747	99.79926242695207	0.0
0.04920830643953627	0.09448162767211578	0.01609150406914351	0.002385215072544234	99.83783334674668	0.0
0.0466206820453543	0.04085583079670469	0.004374339858235828	0.002325195578436988	99.90582395172127	0.0
0.07342427253578111	0.0668621877246061	0.042525876644013846	0.0014649469382229223	99.81572271615737	0.0
0.020368303596820365	0.02677046605838395	0.004069243067657085	0.00023190478478295402	99.94856008249236	0.0
0.03959024597585763	0.050498667973694254	0.009215592275869974	0.0007788088632312024	99.89991668491133	0.0
0.02942105025348462	0.03740697799306216	0.01747246523198848	0.0006033692144867786	99.91509613730697	0.0
0.031878901838408844	0.034307239736620435	0.004225513316514074	0.0006914947084625383	99.92889685039998	0.0
0.0188909277807879	0.02820845076430963	0.011446682337930926	0.00036791551972722	99.94108602359726	0.0
0.08118458570896618	0.06440934892285868	0.0061268808743999694	0.0011908256736854422	99.84708835882009	0.0
0.032649224112544534	0.051182911158378475	0.03362191817166403	0.0008161839153496257	99.88172976264207	0.0
0.03644760359188114	0.06705478334877811	0.010273213269883858	0.001938764530144254	99.88428563525932	0.0
0.1385316972819449	0.19425136365403733	0.00988964630496352	0.012347148190517911	99.64498014456854	0.0
0.05802279598977285	0.15601347279230307	0.01796632661294777	0.010156872199948978	99.75784053240503	0.0
0.2729298216618598	0.4731396865345808	0.01827788452150248	0.14564014128789954	99.09001246599416	0.0
0.06384592682337349	0.02318092769779577	0.00146570704950595	0.0025655873626810903	99.90894185106663	0.0
0.20048245114641386	0.03160047643227891	0.0014920161818319114	0.001168129680873823	99.76525692655859	0.0
2.1586329414545267	0.3350419525736782	0.00234020133350826	0.005450633383388006	97.4985342712549	0.0
0.8091360245699293	0.1949066369541689	0.0014627343999574465	0.0023751015085523067	98.99211950256738	0.0
3.704776837876262	1.6792131524554208	0.02320720803934566	0.0351280427530799	94.5576747588759	0.0
22.339864952690935	5.641562013153381	0.007815643389751124	0.029401150980588056	71.98135623978534	0.0
39.67640763603464	7.397811118163694	0.015844590920128892	0.3102133685380388	52.599723286343504	0.0
45.714776260790885	15.784941528326055	0.024276357682229757	0.6733882090126609	37.80261764418816	1.0
13.287768025619648	11.371245764230324	0.04007662804587385	0.586114638595701	74.71479494350845	0.0
10.542121869469295	84.17950329878421	0.20397950809934026	1.7409450589400743	3.333450264707078	2.0
21.411100202454804	72.65080896412722	0.16912335985390942	2.5136244138960913	3.255343059667969	2.0
17.84137897921579	76.24471384434588	0.07001687536342882	2.172677161563654	3.6712131395112335	2.0
16.203346813981348	63.898483664975615	0.14511131253043252	13.764645464310513	5.988412744202092	2.0
1.675000731134976	1.6394828900401552	0.007834877631457479	0.6135560971221863	96.06412540407122	0.0
7.421440493566226	4.439074984657157	0.010353292687593555	1.3152471921230668	86.81388403696596	0.0
60.88899943703863	6.501887859960065	0.004377308970001239	1.5211635468562892	31.083571847175012	1.0
74.95794619503758	17.70115140310819	0.05901264536675039	2.8101726858369798	4.471717070650487	1.0
17.454270338220706	78.59470967768092	0.2206210511442608	1.7203697668827118	2.0100291660713756	2.0
17.307612161073433	76.68979946565241	0.040829296574102704	4.352226591799371	1.609532484900678	2.0
9.300965214526592	73.68723970224833	0.034545898131247636	14.905334701692471	2.0719144834013576	2.0
2.6686706036505523	90.41283704730684	0.09924202838219105	3.1839754237370834	3.635274896923333	2.0
2.1534692810386837	94.70757357713295	0.025208732847409612	2.6163917383136406	0.49735667066729916	2.0
3.5778707552837026	92.3756193592132	0.026537623026388072	3.5889528425866195	0.43101941989008835	2.0
4.124429579745864	89.00211076255678	0.04284588020783414	3.3801950196322337	3.450418757857275	2.0
2.616702672240514	95.38602908566364	0.03486288523758356	1.5814256842177532	0.3809796726405054	2.0
1.1129770190395725	96.79222664021084	0.13666320024898304	1.518945405524869	0.43918773497574487	2.0
0.6559924390107672	97.54334698199649	0.3977434781591002	0.9711233830730038	0.4317937177606278	2.0
2.6811540304744965	94.98470627545665	0.022846161589688527	1.7343276967399985	0.5769658357391563	2.0
1.0932552724233067	96.81974337699046	0.6880645876257924	1.1109889811190328	0.2879477818414047	2.0
5.2686321650233	90.97659749955254	0.06769215858627033	2.734374568544942	0.9527036082929417	2.0
0.9865342399288151	97.84996130356497	0.09380446336468792	0.8967525553164659	0.17294743782505123	2.0
0.3877302420732072	94.25829459752943	4.501883339345155	0.6082133472098201	0.2438784738423978	2.0
1.269781726377219	97.21370685225862	0.07172449866230546	1.1514349117924703	0.2933520109093615	2.0
0.43075882257397125	98.80898331691031	0.10406217588951663	0.3179603665247552	0.3382353181014507	2.0
1.2115686792017255	97.51461027966609	0.1041679852565946	0.7158917245449546	0.4537613313306673	2.0
0.1653175122635174	98.89246994254634	0.7208572655677766	0.11541416939408028	0.10594111022825653	2.0
0.11262771481677517	72.85073899063214	26.870672883208556	0.06733076417500561	0.09862964716752398	2.0
0.20155964024005055	98.75773164724293	0.7075777934998664	0.13449707647187997	0.19863384254524527	2.0
0.18276869853388789	51.55133434543764	48.08930245131612	0.08843818020888898	0.08815632450345458	2.0
0.17404397468308394	96.41579694457586	3.250948080611943	0.0752804685301089	0.08393053159899816	2.0
0.16905523129728336	38.51618558760064	61.11327961478666	0.15829000622123005	0.04318956009417746	3.0
0.22146859194716903	83.7210645281181	15.73478338328238	0.1685357724901342	0.15414772416222458	2.0
0.12578928930143152	54.98699436880037	44.67101125144051	0.13616492946508363	0.08004016099259717	2.0
0.15580501103879035	94.38957922523481	5.061252829096046	0.3316402324772538	0.061722702153111764	2.0
0.23680586576266105	46.40269277366719	52.39557703340865	0.7981247597237988	0.16679956743770213	3.0
0.12480248476835314	38.43906176611372	61.044441318695	0.2734743772642501	0.11822005315868052	3.0
0.2628506583860019	48.60565529262396	49.34077336316627	1.5775876249325396	0.2131330608912224	3.0
0.12815013364803096	42.51848651851597	56.59578936642888	0.6305061674250296	0.127067813982088	3.0
0.10680109363484834	33.419475138927226	65.72710438046178	0.6510414979131615	0.09557788906300996	3.0
0.13257012881428235	27.18116414921062	71.31823803471545	1.1646156476927314	0.2034120395669415	3.0
0.260859621923489	30.60059809268135	67.02098562218434	1.810431340451926	0.30712532275891113	3.0
4.139935959929377	20.632854197254648	1.0050922375824354	0.803131130346971	73.41898647488657	0.0
0.36322379783724423	0.8095438422968596	0.11496588328225785	0.12196162941344045	98.5903048471702	0.0
0.18526094484940028	0.12747238446192993	0.001928109079850787	0.014671655852561385	99.67066690575625	0.0
78.29929273184831	9.077327013833496	0.006479783495929205	0.3599178713202162	12.256982599502065	1.0
39.43574878249556	52.860416108750165	0.055851763146023116	2.5164465592970435	5.131536786311201	2.0
44.214135639070804	48.47195094212426	0.10319542962435718	4.3977021203173985	2.81301586886318	2.0
35.906350129568025	52.20452260619236	0.0565584130371975	6.991991346718167	4.840577504484252	2.0
5.02838950236029	85.40283648999672	0.28802169479035333	4.056985123139515	5.223767189713131	2.0
1.3721522519534461	90.64123538106843	0.7628130310468358	6.636115029676006	0.587684306255283	2.0
2.9561491409477125	81.30744190076616	0.06507614717003354	14.793379249033203	0.8779535620828683	2.0
2.93470330822736	84.15336703024904	0.11904400414609159	12.347537093739435	0.44534856363808145	2.0
2.751416961607415	8.443684492209837	0.12088213456995275	2.4122521176127805	86.27176429400002	0.0
22.303871546983252	61.124473705576655	0.0661094347821207	14.3889849162706	2.1165603963873743	2.0
2.7723793761761772	94.11321483351051	0.11612665400249633	2.7449231744481937	0.25335596186259757	2.0
2.0920226971995004	93.55002206759795	0.07483303854828491	3.8378628379567195	0.4452593586975405	2.0
0.9120417452872022	97.36017168043746	0.5593035923879657	1.0069049555377245	0.1615780263496409	2.0
1.2528043339533104	95.17951208487393	0.06829242698549905	3.1649763625482734	0.33441479163900617	2.0
0.31381980121839265	98.3019100426508	0.9143265605314492	0.34920908373257725	0.12073451186677821	2.0
0.12309835695964937	94.9546743683141	4.35302730924042	0.37484194228655887	0.19435802319928114	2.0
0.29964878528374644	98.97535896837599	0.2057168140579913	0.3843245602824785	0.13495087199979666	2.0
0.17369459825624453	75.8528160630508	23.550473308276132	0.18334555148920806	0.23967047892761392	2.0
4.449376961998952	94.3430510731574	0.08701244581433008	0.3681963677420399	0.7523631512872612	2.0
0.24540703281193624	99.36433829984074	0.23142612785845684	0.10094728994611722	0.05788124954275374	2.0
0.22541390714719586	84.31631679857733	15.249955224519294	0.13011775810432313	0.07819631165187241	2.0
0.23876942136077725	95.94908844536026	3.5215494976655015	0.17596309909570484	0.11462953651773487	2.0
0.09570277192008847	44.83348510926683	54.85812669102085	0.16246117491797157	0.050224252874268294	3.0
0.13332285648220513	71.55767483958812	27.68735288292923	0.47178538228724043	0.14986403871320883	2.0
0.027944328491515777	10.191999582668487	89.66616445067011	0.09092863092447565	0.02296300724542705	3.0
0.015348304865308467	7.61407239223683	92.29949058948583	0.0619716470228253	0.00911706638922504	3.0
0.03098669274280462	6.967053369390208	92.90427569905542	0.07475225775019223	0.022931981061384624	3.0
0.016915511230536254	8.392902733393083	91.5359422480461	0.02989523516599517	0.024344272164297128	3.0
0.012114780105097358	4.767287410987303	95.1896303076173	0.014305020639400335	0.016662480650918996	3.0
0.0201678918889172	5.356980693116153	94.57726931310735	0.017247052384847306	0.028335049502734185	3.0
0.006154244641279514	2.6426792845411256	97.3353974086616	0.007366088700905408	0.008402973455082499	3.0
0.005806762920902778	2.6316419941656677	97.34440059990808	0.008764724476470096	0.009385918528869407	3.0
0.011927637136180419	3.0555692754104826	96.90406593597083	0.011180044009129118	0.017257107473389315	3.0
0.011264582784789309	3.615450970295136	96.33690704828886	0.016172910811433138	0.020204487819769433	3.0
0.03417972627256818	3.136217694999725	96.80107550057794	0.013554088134932847	0.014972990014845776	3.0
0.00761408185983861	2.198045778015284	97.78129841042272	0.004662938778490015	0.008378790923661061	3.0
0.040284448790838215	9.459084601235785	90.43936583010235	0.019401397114706155	0.0418637227563091	3.0
0.05389275118343878	5.22796625247607	94.6620252194369	0.020063615100738126	0.03605216180284981	3.0
0.0558161331051878	6.225649560974696	93.63392724328622	0.05808599180760863	0.026521070826274758	3.0
0.01664843759911868	3.152959602567656	96.8029334317462	0.009640995953295114	0.017817532133726364	3.0
0.02267266367263866	3.100887869017429	96.8252147644695	0.015169678694964907	0.0360550241454722	3.0
0.07794873100404477	3.774295814460792	96.08942478265084	0.024458205528020915	0.0338724663563068	3.0
0.06303247416607231	5.761038782248402	94.10200079689886	0.027472560135000677	0.04645538655165656	3.0
0.010147525540140534	2.1117635172558207	97.85432935435482	0.008269957772835172	0.01548964507636521	3.0
0.009168970760386318	3.1398819236906967	96.79108764287126	0.0321076787568233	0.027753783920834378	3.0
0.07345287769815047	8.670805706787501	91.01851880065608	0.10017505738738554	0.13704755747090427	3.0
0.007864015896375955	2.0228265856064995	97.94558828434235	0.012815837246527692	0.01090527690823416	3.0
0.06628749166643996	4.309939684697936	95.55715296695062	0.03755361246362774	0.029066244221366815	3.0
0.015338913794651143	3.2369829599989095	96.69478858440102	0.03919103787504446	0.013698503930350837	3.0
0.00911850801552034	2.7825694247065944	97.188610511622	0.010938770451496254	0.008762785204361663	3.0
0.012913254903308797	3.4189660878329113	96.5343448267439	0.01721276010192995	0.01656307041793152	3.0
0.04481467423455112	12.737280180690119	87.07877208785995	0.049350261255744134	0.08978279595962355	3.0
0.06547256052103953	9.226187717003393	90.60625098439088	0.03935867325367463	0.06273006483100403	3.0
0.015801402397640392	3.248187098161679	96.71564927486455	0.005946520736198302	0.014415703839932648	3.0
0.008355414764465129	2.561615602609785	97.41814844880946	0.005552969785025584	0.006327564031267784	3.0
0.014217363923361002	4.486120646732431	95.47340803414555	0.009434783672154836	0.016819171526498575	3.0
0.028699915145262836	3.705722875114393	96.22841192461821	0.01735381418219244	0.01981147093994272	3.0
0.032391858353318835	2.990225454677112	96.93731054122577	0.017325407666125222	0.02274673807764374	3.0
0.009563995666564254	2.414159934184407	97.5581726980292	0.00809023150805301	0.01001314061176706	3.0
0.008971788825482718	2.6951318548307683	97.26887335282986	0.009362259917730143	0.01766074359617439	3.0
0.0728898965044594	5.306896430488468	94.54042447980129	0.03312913192002804	0.04666006128574733	3.0
0.012974785669199719	2.3752794251740172	97.59012767365365	0.008046044895991861	0.01357207060715764	3.0
0.04808772144598839	5.675274020835403	94.17570262591923	0.05831759561744649	0.04261803618192341	3.0
0.04106058569766286	2.308291768167956	97.59439554960552	0.02298324144575704	0.033268855083099624	3.0
0.03876160723594962	1.9831703987496614	97.90720640491624	0.04158140775983857	0.029280181338289427	3.0
0.01593210041627198	3.485977461295639	96.46005205255912	0.01841722396454648	0.0196211617644273	3.0
0.01917070405174118	3.573673012385158	96.37337542239014	0.016117146021309914	0.017663715151669153	3.0
0.01356720877491002	3.1473710581140875	96.81094016225443	0.01388435651956278	0.014237214337021707	3.0
0.02120659991928826	2.3911901240706817	97.56336003592494	0.00933942972249691	0.01490381036260513	3.0
0.015005892877002327	3.1012822157879176	96.86060676155567	0.006654077764781301	0.016451052014622637	3.0
0.03173375283878102	5.671656207416306	94.24964334226479	0.012140087209222286	0.03482661027089841	3.0
0.3131822661124243	6.735027699722195	92.80606825953063	0.040371837655756776	0.10534993697898015	3.0
0.042187951140319646	3.848764964167567	96.06451243524089	0.016405172235944083	0.02812947721528704	3.0
0.05736545612696409	4.134187611419471	95.74624264431903	0.014897365983122652	0.04730692215140566	3.0
0.024959336262903985	1.854834798581537	98.09067470870924	0.008320730189705108	0.0212104262566091	3.0
0.06257532498770431	4.196081187833703	95.67418910578077	0.026432331854111948	0.04072204954370648	3.0
0.005916370385137776	1.5151332845197385	98.47071492508441	0.0028661538827550416	0.005369266127974165	3.0
0.019536925504652764	2.2972387629272935	97.65840256848341	0.009407580838418274	0.015414162246240565	3.0
0.018711305390756668	2.9826871847078964	96.96620907170566	0.011446132476663855	0.02094630571901259	3.0
0.08196756017266456	3.38029718395592	96.49040425061916	0.018496670830331144	0.028834334421920186	3.0
0.09116609566809256	5.875976046078066	93.95050776261974	0.029697562975737005	0.05265253265835772	3.0
0.015201550405686482	2.558549618293075	97.39880343247798	0.016764532994531883	0.010680865828731217	3.0
0.02909314109707863	2.9961318721177284	96.92104637536806	0.0289519791548435	0.024776632262297864	3.0
0.19207192252847163	9.672234845429964	89.18999997165504	0.03863164377245146	0.9070616166140713	3.0
0.18428649741635816	6.194170134056871	93.21251381833149	0.1630130665870105	0.24601648360827819	3.0
0.4963952553716213	67.27352600586312	30.464337483273578	1.1897120031145871	0.576029252377094	2.0
0.22730524356491671	14.780492639841537	82.97529804813274	1.8110501782588846	0.20585389020193506	3.0
0.24346728065762135	64.66942415543015	32.68698564311709	1.9439169934816498	0.4562059273134965	2.0
0.12517592496752009	24.376365045994707	73.79008986426474	1.5454597776849999	0.16290938708801864	3.0
0.5494468701139223	71.79666407332238	20.162429562843094	6.939285275249958	0.5521742184706605	2.0
0.47374457304232276	46.251584793276315	11.987021751197572	40.791904297428964	0.4957445850548195	2.0
0.4976921790017664	6.718510049035453	0.01575444666561855	92.28914012390435	0.47890320139281733	4.0
1.9802359218720658	9.865991382426378	0.0009509819737979778	87.82193407457154	0.33088763915620634	4.0
0.6485286564642773	9.758950687849447	0.017964241205851716	89.42901468359514	0.1455417308852749	4.0
0.07474927114516493	0.9070910768432626	0.00913925356441473	98.90041870459316	0.10860169385400009	4.0
0.13051894527350677	2.480790142134506	0.0063200778032784875	97.28828896761816	0.09408186717055461	4.0
0.2535861534617401	0.889964335761103	0.0001994506009147439	98.77747605409364	0.07877400608261408	4.0
0.0796860312351963	0.35833303794736965	0.004634104601175088	99.42878673748561	0.12856008873066174	4.0
0.07562738982352164	0.1360482340070092	0.00029155023006303374	99.733075148732	0.0549576772074141	4.0
0.05525988461232986	0.09049969676723314	0.0015891817051278466	99.8259911093336	0.026660127581704933	4.0
0.09610779530497547	0.09814898993146087	0.0008684801389267419	99.77983593879418	0.025038795830449247	4.0
0.28771509358578357	0.3037268890818109	0.001367771366606928	99.32876904288862	0.07842120307718173	4.0
0.9537967227980195	9.30895663831872	0.013110484612132958	88.98506284379458	0.7390733104765407	4.0
0.21981634467731462	1.1698128779319938	0.002281177014282099	98.55403099516433	0.05405860521208107	4.0
0.4050352183103796	10.793866744409419	0.02928893988256273	88.6651652077319	0.10664388966573442	4.0
0.7833527535771706	11.766314358955299	0.013422095731379879	87.230630932244	0.2062798594921604	4.0
0.04436966077748479	0.4100950098568508	0.004182400831063783	99.46628329988664	0.07506962864796739	4.0
0.07993688596362718	0.6032016839959331	0.009176181788578359	99.05856595844841	0.24911928980344056	4.0
0.42743129436440946	3.4240206992133855	0.00039089962208227176	95.84532285488366	0.302834251916467	4.0
0.9741180635237606	0.7106997073105545	0.00024104413891523982	98.25307416361042	0.061867021416361995	4.0
0.6718383065403531	0.6586622754286173	0.00013798983302132063	98.61195837894796	0.05740304925004468	4.0
0.07244928776241301	0.11808653542508649	0.0020146021196970295	99.75596487744728	0.05148469724553427	4.0
0.2031383148581352	0.4614002688302449	0.001576695970886905	99.2355775788837	0.09830714145701047	4.0
0.012167638517453314	0.03926680143601431	0.003128309818817798	99.83080285739689	0.11463439283081946	4.0
0.031809520541866046	0.053410880310706996	0.0017957481699071088	99.88089738764214	0.03208646333537937	4.0
0.04430196199402123	0.11947286627317008	0.0010311459676048903	99.79047214719849	0.04472187856669904	4.0
0.10463370096708789	0.9345813209034113	0.00045110222485279854	98.91741973984087	0.04291413606376857	4.0
0.5259760360711208	0.35743613945932856	3.6161909244953744e-05	99.03143637732165	0.0851152852386421	4.0
0.053731867790196106	0.07281867637943842	0.0005772661304038784	99.86106470483085	0.011807484869113656	4.0
0.36415102657250903	1.9787691366710336	0.009310874674019722	97.53860438068473	0.10916458139770364	4.0
0.6838911066171407	0.6245324269646887	0.00016419278572303578	98.61860127480824	0.07281099882418694	4.0
0.488536679683795	0.8275197790235904	0.00023271530938075676	98.64720806348689	0.03650276249635967	4.0
0.28550826018739367	3.341604912575939	0.00037910749601175023	96.30480869135165	0.06769902838901883	4.0
0.6061744573301049	1.377747714592763	0.00013669682764508756	97.95883288771118	0.05710824353831587	4.0
0.4523548512746122	2.908550000864646	0.002842012594252352	96.54778286378234	0.08847027148415613	4.0
0.17623770309878548	0.717461360880414	0.0021471718100866564	99.05960202778353	0.04455173642718908	4.0
0.2642292047718179	1.3354491263456998	0.0033745384180637454	98.35228865692622	0.044658473538175744	4.0
0.6501657788916285	8.919194154867773	0.0007883914934742769	90.298565928427	0.13128574632012507	4.0
0.42238076229333865	2.6728929896698768	0.00017455113897720496	96.81008063252322	0.09447106437457871	4.0
