N1	N2	N3	R	W	anotaciones
0.003647315581164025	0.02133532309999999	0.00040789125750632753	2.7958639179963575e-05	99.97458151142214	0.0
0.0018216168289511235	0.011006881864271704	0.0005326565451394881	2.1844721730773073e-05	99.9866170000399	0.0
0.012738986271292331	0.1272351328981116	0.0011635573536796738	4.834833159360909e-05	99.85881397514531	0.0
0.016101811721500443	0.08457246286282204	0.0028439024209974337	0.00016275337717098603	99.8963190696175	0.0
0.017829806137060526	0.053930230915143096	0.0025544360744603443	0.00011662482622501261	99.92556890204712	0.0
0.004935467845330694	0.12699993318738198	0.013299940552697245	0.00035212064475127227	99.85441253776986	0.0
0.021302834965804957	0.18151371922125098	0.03531423884513175	0.00027723406987361927	99.76159197289795	0.0
0.010308212432589257	0.04573968804017192	0.0131178573432577	7.873315048830855e-05	99.9307555090335	0.0
0.029200282152603802	0.08313500034698752	0.014114391480287569	0.0004921863279231148	99.87305813969218	0.0
0.04439841719919234	0.13040336371305652	0.012383577803727291	0.00041485388976314936	99.81239978739426	0.0
0.0813809459903394	0.0781398971535232	0.003955746063182691	0.00030960708542991243	99.83621380370752	0.0
0.02620228643271754	0.0458602172797761	0.003797942283802748	0.0002540256655877188	99.92388552833812	0.0
0.008279846562417939	0.028345681733456876	0.0038244849409833194	5.3513086731577155e-05	99.95949647367641	0.0
0.004220837080146654	0.013565428653780492	0.0017801453796130319	4.855308108834054e-05	99.98038503580537	0.0
0.004485741161545161	0.009200423962399187	0.001295894118172453	9.311364273860304e-05	99.98492482711514	0.0
0.0029493521619036443	0.007455864000112669	0.0012598720293096602	3.256441357399413e-05	99.98830234739509	0.0
0.006029194158728452	0.021830089753362498	0.002094618641552809	0.00017238298082757295	99.96987371446554	0.0
0.002649079341826546	0.0036800218409209417	0.0008402589676054225	5.976886527363462e-05	99.99277087098437	0.0
0.002171870694998504	0.004919792745538122	0.0002793789964137873	0.0001676035902627206	99.99246135397279	0.0
0.014224057550076875	0.01067786211664203	0.0009147869603096301	0.00013419731899816725	99.97404909605399	0.0
0.215938441586733	0.1581314398268072	0.002873901296732782	0.0007069051097633401	99.62234931217996	0.0
0.010525146704176445	0.014695328794220612	0.001100730383520334	8.935642324275645e-05	99.97358943769484	0.0
0.010229695703536329	0.012694212805325827	0.00123895081507417	0.00020417796088778456	99.97563296271518	0.0
0.007248300185852406	0.012855544673366102	0.000789150155541587	0.00027505834486750354	99.97883194664037	0.0
0.02412497645557804	0.01940663940683862	0.0006990344824050249	8.144244972278002e-05	99.95568790720547	0.0
0.009582095192095736	0.012383895654133068	0.0006929145058018806	6.120554602699358e-05	99.97727988910195	0.0
0.004517893492114731	0.0040979613763575526	0.0001663010397570566	0.00012393911569843688	99.99109390497608	0.0
0.006478813695022273	0.0048009768866086305	0.00018504432643605493	6.810608724976862e-05	99.98846705900468	0.0
0.010141975074388455	0.013408491267238368	0.0002445856488366977	0.00015894421473068246	99.97604600379479	0.0
0.014113711345212169	0.01257112767491443	0.0004937411490896374	0.00016692320357382536	99.97265449662721	0.0
0.15242945750032286	0.06711738774962055	0.004790086031318925	0.0010799833564381848	99.7745830853623	0.0
0.021889806329202836	0.029905668788344608	0.0010188382783499262	0.0005718220532449098	99.94661386455086	0.0
0.19002525817395785	0.11204455971325213	0.0005038721893400708	0.0014748967171830133	99.69595141320625	0.0
0.15326915455271406	0.07588870096709695	0.0013449689186796779	0.0013963576202377977	99.76810081794127	0.0
0.11755401588402015	0.06927191079816941	0.00043692984609200057	0.00040611748181341534	99.81233102598989	0.0
0.026146831164196385	0.03503582817598688	0.00038914134379821745	0.00019864369255518475	99.93822955562345	0.0
0.029478323752628457	0.041995296328060365	0.0010121113455019406	0.0006587744167661954	99.92685549415705	0.0
0.017705712890632275	0.025841689957591993	0.0011048701604136663	0.0007386996894800224	99.95460902730187	0.0
0.04214833624699171	0.09290904303469136	0.0009912840009993387	0.0007029027830980297	99.86324843393422	0.0
0.03836571315257117	0.09044605683461518	0.0012601464480721696	0.0007830883180562672	99.86914499524669	0.0
0.10380780752022806	0.14264665728347903	0.003346284041979593	0.0002924334603310503	99.74990681769398	0.0
0.0060742828263319285	0.026402434792752335	0.001436215277692291	5.527631764630542e-05	99.96603179078559	0.0
0.009284258489131787	0.01940401758622959	0.000581956138404882	0.00013847726159859201	99.97059129052465	0.0
0.010434721409084607	0.014187794491852052	0.0016767859698610425	0.0001362730171527478	99.97356442511204	0.0
0.005706947230866418	0.008165114621099801	0.0007545064606790284	5.320244340699174e-05	99.98532022924394	0.0
0.005246049598332667	0.008263003741256521	0.0005083221344347165	4.7360031126962736e-05	99.98593526449486	0.0
0.02244528396495398	0.013281480481467954	0.0005710362150355864	0.00011119064105869854	99.96359100869748	0.0
0.1738753784408323	0.06898699765908992	0.0014467115864783679	0.0009391751785364929	99.75475173713507	0.0
0.03203267921773234	0.01725045643571364	0.00038815151159312517	0.00030091926352687754	99.95002779357142	0.0
0.05022181508584194	0.08154279564835301	0.0009339193213297626	0.0003421828068405566	99.86695928713762	0.0
0.05834310934582149	0.1179904732687315	0.0023407388761691153	0.00031658847613208	99.82100909003316	0.0
0.022081051099522277	0.05980358857896282	0.00243477841310711	0.0002695730162257029	99.91541100889218	0.0
0.08991213996587966	0.1269162264971267	0.0024866496412106545	0.00031835565798763566	99.7803666282378	0.0
0.0029676635529060726	0.008697633724007853	0.0005810739028317421	5.78891261300228e-05	99.98769573969412	0.0
0.005715465799029363	0.008077024344490357	0.00024707236823610294	4.664246566128941e-05	99.98591379502258	0.0
0.014876019198122033	0.016106219386184565	0.00091226969561876	8.658234802031697e-05	99.96801890937206	0.0
0.007201704303313903	0.01858613581676886	0.0007137137932300208	4.605048962138321e-05	99.97345239559708	0.0
0.03157710441923505	0.046210219904005284	0.001522021715656788	0.00010706043621697061	99.92058359352488	0.0
0.003632595935712784	0.005228682603791557	0.0004977706754385337	1.7474842942467556e-05	99.99062347594212	0.0
0.02418992818544813	0.008194409306429529	0.0004760676814971278	2.3262732567863665e-05	99.96711633209405	0.0
0.013768492854238085	0.005043291876080984	0.00039331435980292256	2.5963889826655436e-05	99.98076893702006	0.0
0.006959417535880905	0.004106744374678972	0.00035907598067121024	2.5840215046542524e-05	99.98854892189371	0.0
0.005288336833581503	0.00617772651342638	0.001014268076226067	5.9802558871735546e-05	99.9874598660179	0.0
0.0026948533763984056	0.009928183573871154	0.0007078851276843512	7.233487948723471e-05	99.98659674304257	0.0
0.0073072392042274475	0.014631805697411142	0.0004689279556486458	9.075355408740094e-05	99.97750127358863	0.0
0.04080391461178284	0.06168252773593604	0.001083225613282277	0.00019613150065000948	99.89623420053834	0.0
0.0210457474526984	0.019981400956466385	0.0008916928274233743	0.00010857746596220914	99.95797258129744	0.0
0.007650292055581316	0.03540655969908016	0.002130244694494616	0.00019448881503514033	99.9546184147358	0.0
0.01602380696980837	0.05617076565393042	0.005347269659149025	0.00018338285750766343	99.92227477485962	0.0
0.01146323808620066	0.07668778696938762	0.010591911896362941	6.75721595582459e-05	99.9011894908885	0.0
0.009093558287532586	0.03830310686796946	0.007143821184529935	6.771316228704843e-05	99.94539180049767	0.0
0.010258302702388858	0.03627721581237112	0.005689866630740806	7.96662875746306e-05	99.94769494856693	0.0
0.0027916793750672247	0.030922055269353977	0.0020151348345602608	1.3804936579017241e-05	99.96425732558444	0.0
0.0027908543250848537	0.02118986702612765	0.00134000154098734	1.3025676998981108e-05	99.9746662514308	0.0
0.008065447592007093	0.02546590306394376	0.000786060532960649	1.9769220989863802e-05	99.9656628195901	0.0
0.009262893001854794	0.038342206876982206	0.0011524572401195453	5.2353072180555415e-05	99.95119008980886	0.0
0.006743519373570531	0.0913160333976352	0.0018694917064570127	5.532410153181391e-05	99.9000156314208	0.0
0.004857917837009286	0.0664026904789356	0.00138788961960274	7.149671727115069e-05	99.92728000534717	0.0
0.017336433258296195	0.08633372222272565	0.0027502541303175976	6.632720357259566e-05	99.89351326318508	0.0
0.20838076901823493	0.18813657045663262	0.004987708348859053	0.002126816864914105	99.59636813531135	0.0
0.025050598085179475	0.044785671573751074	0.0013875689376200192	0.00018749615554398266	99.9285886652479	0.0
0.12251659727176986	0.19180495271216763	0.0019801385644934995	0.0008424910760431706	99.68285582037552	0.0
0.10280976635897127	0.09513337765849951	0.000599316212191163	0.0008401863109672871	99.80061735345937	0.0
0.023821993928894128	0.07026976289770094	0.00036688377733782646	0.00036570146094069063	99.90517565793512	0.0
0.09954146748430473	0.13106640193273061	0.0003225650825041394	0.0007978884443428458	99.76827167705612	0.0
0.023474734084260176	0.040838861398863495	0.00041864043060533255	0.00026805445266851264	99.93499970963359	0.0
0.037238365833802495	0.06051499944983113	0.0012292192174398863	0.0006281120537494079	99.90038930344518	0.0
0.05253219291705161	0.028854159394496474	0.0011681477731923997	0.0010557559886631577	99.9163897439266	0.0
0.14573798041556257	0.09774104694215927	0.0011796402805559147	0.00400695175486132	99.75133438060685	0.0
0.3607622673401297	0.18765486915310947	0.0036006117170449036	0.006175611341334021	99.44180664044838	0.0
0.1429793914293002	0.16172895155788153	0.0035973148657753415	0.0013824395910163499	99.69031190255603	0.0
1.097086290049958	0.8398580870035558	0.0039103567987542505	0.004321813607781155	98.05482345253994	0.0
0.6702778350511417	0.39563593114964707	0.004326525882405129	0.0018840182149865185	98.92787568970182	0.0
0.04914509873640391	0.14409250077451444	0.001875627104982506	0.0005818322157721234	99.80430494116833	0.0
0.041530970739795794	0.0611049494095488	0.000978756141217626	0.00019343125028854527	99.89619189245916	0.0
0.02243987865276206	0.0461958699523496	0.0008204875822937645	0.00012231555364053932	99.93042144825894	0.0
0.006303936993429231	0.032720418853906946	0.0003868470162511662	5.789007527021339e-05	99.96053090706113	0.0
0.022793311906800454	0.052258317595394475	0.0005856337177413833	0.0001081953142713168	99.92425454146579	0.0
0.031088832561920916	0.02845127372092725	0.00039396109014828014	0.00013733493205608877	99.93992859769494	0.0
0.005295066224520039	0.015274382934608957	0.0004881401814093156	5.0901659865904606e-05	99.9788915089996	0.0
0.0067910894391103324	0.020349630145400817	0.0007039710246882851	9.356171429213782e-05	99.9720617476765	0.0
0.005369969103158294	0.0102198320057971	0.0005046018078050091	4.8595688584203984e-05	99.98385700139465	0.0
0.020344065714253817	0.020319418222240183	0.0016826368078223298	0.00013881370664117933	99.95751506554903	0.0
0.007914742411926315	0.0245259212419503	0.00025321545307358255	0.0001248881694298363	99.96718123272362	0.0
0.003949795100466738	0.011414089468057508	0.00010712093400720353	8.103127205468193e-05	99.9844479632254	0.0
0.00473689619648038	0.014071629116663776	0.00017081240024957838	0.00011145396854841923	99.98090920831805	0.0
0.003624560059459641	0.012373658755343324	7.023088945194417e-05	7.387300423696313e-05	99.98385767729151	0.0
0.017949743604172452	0.037599540877710655	0.00022154839829736266	0.0003472700080949708	99.94388189711174	0.0
0.058396887602171474	0.08490282916874171	0.0006490711444711987	0.0010841280987668035	99.85496708398585	0.0
0.5596649013073848	0.2648388625327473	0.001090351607175694	0.0018218649414352126	99.17258401961125	0.0
0.08900110718370786	0.08302455162374828	0.0016674318587748945	0.0015015893899658673	99.8248053199438	0.0
0.07384163453063693	0.140970009104366	0.001687097363556135	0.001025944088729627	99.78247531491272	0.0
0.2587190567985587	0.11250419462632841	0.00121414830971182	0.00282113766147969	99.62474146260392	0.0
0.029339354723755786	0.025214409126564332	0.00032363177923569377	0.0004977726501532317	99.94462483172029	0.0
0.1098960154580889	0.11721847447445535	0.0009807798425953821	0.002225051954140388	99.76967967827073	0.0
0.04368304753214065	0.03436910839744863	0.00028970053579197664	0.0004530361941133816	99.92120510734051	0.0
0.022893033281633602	0.029661849349472205	0.0001421251227591596	0.00034186433850455364	99.94696112790761	0.0
0.1623988802117239	0.10030167627258868	0.000805818494366765	0.003443453299937574	99.73305017172137	0.0
0.09208067257137731	0.10261506318239377	0.00044133721714811484	0.0012810442926611805	99.80358188273642	0.0
0.39951136425860934	0.3180438716019447	0.001182949946232838	0.004767537775095094	99.27649427641812	0.0
0.33589557879195786	0.24028993068279217	0.0013950726148775645	0.0025262684379927904	99.41989314947237	0.0
0.0505282782978562	0.05164930941379867	0.0005474570253524814	0.0004449224902996301	99.89683003277268	0.0
0.07714984888758865	0.14872791924812553	0.0028863630460405163	0.0012576989384870305	99.76997816987976	0.0
0.04971800753874901	0.06112917480451923	0.003459589789667644	0.00115719101469448	99.88453603685238	0.0
0.11031980073033126	0.08632804638652436	0.0028842521357253935	0.0024673312293528498	99.79800056951808	0.0
0.07624851903687123	0.1360227643082821	0.03801087252439177	0.0008223612028120257	99.74889548292765	0.0
0.024279114049940962	0.12272053559491113	0.008415005040882086	0.00032105569708225563	99.84426428961719	0.0
0.055255612036732814	0.06673540378374743	0.0031229370256622684	0.0006206291154496247	99.8742654180384	0.0
0.008772091101799601	0.019153271872991578	0.0008268847700971121	0.0004427154630834032	99.97080503679202	0.0
0.014517279569291736	0.014212084717936722	0.00027587141405996255	0.0010450091048054768	99.96994975519392	0.0
0.12034353840637917	0.049824720976762195	0.00017603084384192524	0.004518595089774758	99.82513711468324	0.0
0.03605487208034859	0.04960309946952815	0.00019577029366064341	0.002270579447059787	99.91187567870941	0.0
0.10953314421420104	0.09953288920832654	0.00019287761049192626	0.0030346044607921915	99.78770648450617	0.0
0.07837917989488512	0.14366200374642504	0.0004597221358408508	0.005622706336225645	99.77187638788662	0.0
0.03365119571451484	0.029249040057561664	0.0003116397244716756	0.004294655799085821	99.93249346870437	0.0
0.2982744693706696	0.12765078257646428	0.004108455268919591	0.01528818945503631	99.55467810332892	0.0
0.16929014011710924	0.09624799197769238	0.001517252608240396	0.014330232149368353	99.7186143831476	0.0
0.058217798385516814	0.07213222278366682	0.0017810381903228297	0.0053087456201640305	99.86256019502034	0.0
0.0992894608027048	0.12851777304221573	0.0018299702472936359	0.004201893039909502	99.76616090286787	0.0
0.27887077769122987	0.42511669519257733	0.005986393859325974	0.0034391420027119588	99.28658699125414	0.0
0.31908841114044934	0.4207145574148271	0.004319305580344459	0.003139725488528534	99.25273800037586	0.0
1.4843305025405211	0.790609999959078	0.00924568268696976	0.00833942998083175	97.70747438483261	0.0
0.05646377605804501	0.27769188146923646	0.06480365303527695	0.0004506268639925501	99.60059006257346	0.0
0.059169348459241135	0.16596885725518323	0.08556165486571782	0.0005619818136857579	99.68873815760617	0.0
0.07453778261268595	0.1744642626670873	0.03111068991012128	0.0005043293394440283	99.71938293547066	0.0
0.05922304990261986	0.1721909068544455	0.01622901566866862	0.0007135269545641981	99.7516435006197	0.0
0.05339085985444089	0.2336615203823418	0.0776326428341443	0.0017018894426627078	99.63361308748642	0.0
0.04657843077553333	0.21469895150719323	0.0670384766557487	0.0022917398162224764	99.6693924012453	0.0
0.04287471190547938	0.15682459841900373	0.08182112427876441	0.003081926751040307	99.71539763864571	0.0
0.03801465805729506	0.22063751539202325	0.13585229080810207	0.0017564023993916862	99.60373913334318	0.0
0.050830360928087945	0.13752177320650574	0.041871727398232673	0.002512944498824168	99.76726319396835	0.0
0.03433640250570872	0.07021213004452047	0.009804703504547185	0.0011831661990944998	99.88446359774613	0.0
0.04147496550216114	0.11885489430097881	0.021333094732401484	0.0023335724454612255	99.816003473019	0.0
0.03060168506213622	0.20483788231389696	0.04611075529863896	0.002202524611603264	99.71624715271372	0.0
0.03958436427810073	0.2808738371011737	0.05846383244984659	0.0036111875661605543	99.61746677860471	0.0
0.04343737926772416	0.3539777736557522	0.03615739610690019	0.005224086003184876	99.56120336496645	0.0
0.03533314100997545	0.13887744941629554	0.03700888528650107	0.0023506621886948686	99.78642986209854	0.0
0.0490756070161465	0.3399900228678267	0.047100415909017174	0.0033393631557671996	99.56049459105124	0.0
0.027994088473744103	0.16264891815436194	0.044274494222031044	0.0027889063503976626	99.76229359279945	0.0
0.08350691293463966	0.2333711268121037	0.1144199979901858	0.002986786693205392	99.56571517556986	0.0
0.04196283103648347	0.07501709897914996	0.0231238836864008	0.002871603030545189	99.85702458326742	0.0
0.02220370893730599	0.047643029930586535	0.016489653315094305	0.00291721622033655	99.91074639159669	0.0
0.044194191860814254	0.06653330047327201	0.00452493132622741	0.0013295071772489956	99.88341806916245	0.0
0.19054112658519726	0.09484994937255078	0.008165151278904275	0.0035675203557609353	99.70287625240758	0.0
0.09889670665286215	0.10633178443894302	0.004619428452323127	0.006355805331906007	99.78379627512398	0.0
0.027801786227994566	0.045854538196871575	0.004519832337039135	0.0017600226043755364	99.92006382063371	0.0
0.19172302570501853	0.21848590489330688	0.003927115001560459	0.006965585228215208	99.57889836917191	0.0
0.2142133555779484	0.3038367318596319	0.004058291125007409	0.006898997287733028	99.47099262414967	0.0
0.22718125186015786	0.15275120463495914	0.00475819663322182	0.002325812637421439	99.61298353423423	0.0
0.06704373644203675	0.14233943481302488	0.01475318898661706	0.00352910534606236	99.77233453441225	0.0
0.24466801323564466	1.13144633281661	0.00831623092781179	0.012595294525308137	98.60297412849462	0.0
0.10643569854808463	0.1608958390553568	0.01163485105842088	0.014606569621733819	99.7064270417164	0.0
0.09525627859860072	0.07948686234215158	0.00900601481055803	0.008655885589384788	99.80759495865932	0.0
0.026078372226516384	0.05674849346106514	0.002084603547981364	0.0012174571993136551	99.91387107356513	0.0
0.049682308161999506	0.053528217994159175	0.0022625789500401046	0.0005606424738644996	99.89396625241994	0.0
0.041471690427410605	0.1188712694114552	0.004442441464447716	0.00026530189247313696	99.83494929680423	0.0
0.03859023763418999	0.0954685241220214	0.002472427550781902	0.00035023745357553606	99.86311857323942	0.0
0.06332609229446937	0.26129794756076047	0.007592745886138333	0.0016960746443429149	99.66608713961428	0.0
0.10081663937633037	0.17062932499627728	0.005911178780245347	0.002144616711916032	99.72049824013524	0.0
0.1309731999349221	0.18810854123729087	0.02208480148492048	0.0008348966433740968	99.6579985606995	0.0
0.11912425961974969	0.4118185209555091	0.038206806825117276	0.002996850574159301	99.42785356202548	0.0
0.20015238892680887	0.26981370597020815	0.010268294793540831	0.001781527734983018	99.51798408257446	0.0
0.12354834498619441	0.20683597828860342	0.003352995407972038	0.002777303588518951	99.66348537772872	0.0
0.031093320159380475	0.26346622016520344	0.013388579403304405	0.0012300323265442114	99.69082184794557	0.0
0.5891802241590365	0.4252906557324829	0.006842531453875512	0.006849784888531339	98.97183680376607	0.0
1.3312071229965876	0.8578500503612662	0.011014874594102619	0.00838182410483491	97.7915461279432	0.0
5.017944212000452	3.4618467929803933	0.0159219835435493	0.03092102323631588	91.47336598823928	0.0
0.2818053288485309	0.313875131810225	0.004276278462039413	0.002365375093191174	99.39767788578601	0.0
3.9653035826420817	2.3117000584859095	0.006504380136357402	0.040965185884214744	93.67552679285144	0.0
0.3362692843824455	0.56331344533321	0.021437269659903797	0.007096090902796469	99.07188390972163	0.0
1.4901945664413403	2.8869196335769853	0.013767954065481917	0.026693541790760462	95.58242430412544	0.0
0.9891766447282698	4.824044798933732	0.018508980938095217	0.02732690573359504	94.14094266966629	0.0
6.035319756917965	7.82094888369743	0.009992318541505058	0.11489030183102732	86.01884873901207	0.0
28.42570313169971	26.333361009168904	0.03390682684224307	0.3010596778183055	44.90596935447084	0.0
36.92414806959326	52.65817660534279	0.05668698516372575	1.054751130650996	9.306237209249232	2.0
39.92806321909668	24.43708350311684	0.010098995115158788	0.19383438890568436	35.43091989376564	1.0
28.512706018975138	27.10325341467581	0.01643122964715777	0.14247129170372255	44.22513804499818	0.0
29.38384059928461	66.80408363699078	0.05682009364103162	0.429246312533283	3.3260093575502787	2.0
21.447183528047443	53.72674024559919	0.04194899708185118	0.21545141449477084	24.56867581477674	2.0
42.07857454675433	41.48018983811686	0.043727044126214344	0.17116919074835216	16.22633938025424	1.0
9.041995105598836	89.0347971518287	0.1905176920485611	0.11594385062203098	1.616746199901865	2.0
6.170547125783155	92.90389533827164	0.19192190321997135	0.0770243065886011	0.6566113261366172	2.0
25.15787841820987	71.17997069545173	0.0809750810057763	0.20970050930972867	3.3714752960228846	2.0
12.695663299688793	84.43356100745896	0.1359286239611235	0.20792835931647569	2.526918709574673	2.0
12.114710013034022	85.98027709942367	0.11121770659873935	0.1319699167762424	1.661825264167308	2.0
14.806812970646504	81.67952994337733	0.12309477847156647	0.2986205947722407	3.091941712732375	2.0
3.961782199750447	94.96898730796623	0.10770497330870463	0.11639853133432967	0.845126987640289	2.0
3.583087441315348	95.2796134843863	0.0965514199043493	0.22559484151886475	0.8151528128751195	2.0
6.134115238697039	90.02020713190093	0.06902355530380559	0.6350420550913327	3.141612019006902	2.0
2.563668259316917	89.8462709880082	4.769550750469509	0.9116193465687511	1.908890655636626	2.0
0.1903812427154299	0.6099281065249436	0.07793714711176952	0.009045153132053547	99.11270835051582	0.0
0.4294557771532497	0.6644099655871711	0.09015614609138309	0.01112567699935606	98.80485243416885	0.0
10.908278392480943	3.392436399038888	0.021559991663912398	0.05859781828319176	85.61912739853307	0.0
32.099795718797	4.100394565219082	0.00761110525629473	0.020013570702220408	63.77218504002542	0.0
68.75130428392711	18.684158082402398	0.054910572909683014	0.08592965727579811	12.423697403485024	1.0
41.567654327241755	55.503090024441605	0.2006259616256829	0.5538874007766665	2.17474228591429	2.0
36.75847095631141	55.95300359732073	0.021343275367067933	6.426954682403312	0.8402274885974743	2.0
10.907563965446169	73.48324345412259	0.7677644395501434	12.467094758014404	2.374333382866709	2.0
31.991060921444074	47.567097452870264	0.0235833734253709	17.85770403529047	2.5605542169698228	2.0
11.449773148414625	77.25044025184684	0.08448887122803525	10.546085635976278	0.6692120925342271	2.0
7.698626481299614	81.50006448085605	0.14117045083800164	9.845060830285219	0.8150777567210995	2.0
22.324693001049646	64.13015000998409	0.09298244055197596	9.656549026885774	3.795625521528533	2.0
8.290288056892175	89.08956947562226	0.049232950696267555	2.1855252094847684	0.38538430730454354	2.0
8.398225253968992	87.2726899350964	0.34738933482300405	3.2057902097937867	0.7759052663178114	2.0
8.051832301225781	89.33293857595304	0.34748415024990137	1.9323697940128794	0.33537517855840404	2.0
3.740775172171002	89.22472511652576	0.22905289644763058	2.842265336550513	3.963181478305101	2.0
0.7901354040810007	97.43669736096085	1.1652754196390058	0.40172003680799906	0.2061717785111404	2.0
1.3464365951168344	97.53557836619136	0.051350890030405535	0.36142945297276435	0.7052046956886404	2.0
1.2755194670221262	96.62112070755917	1.07338729452389	0.42873408910262656	0.6012384417921733	2.0
1.4709496953129746	96.73619975929185	0.7575917848526842	0.638012559877184	0.3972462006653123	2.0
2.0516782570462273	95.11906060354805	1.210230648763691	0.8249904665315595	0.7940400241104549	2.0
0.6227494764161527	96.62826676233135	2.141145545171003	0.2612676183902174	0.34657059769127124	2.0
1.6373256573022867	96.66323791048293	0.5884099096704047	0.5509649678693552	0.5600615546750161	2.0
1.1229906625977586	92.4673483625769	5.360230464990912	0.1771028702240974	0.8723276396103161	2.0
4.14183881753341	93.3146028705826	0.7417088317171315	0.17947097270001378	1.6223785074668235	2.0
2.48231907532277	93.86307778270805	1.407283807822897	0.2056937508458002	2.041625583300474	2.0
2.20547649017099	96.61200065297179	0.40650444688829085	0.053208936691977494	0.7228094732769693	2.0
2.022973488601095	95.41812398937763	1.2309759179466855	0.05195674415296877	1.2759698599216254	2.0
1.5612326633007179	57.5822371805081	37.13456777734633	0.02063136145098416	3.7013310173938634	2.0
3.429801623612743	94.88849099055524	0.7085625068327478	0.026105523566498475	0.94703935543276	2.0
3.0623848542406096	95.03039369387261	1.0072671856505817	0.025600932986839617	0.8743533332493659	2.0
1.5815833649082296	94.02753435846829	3.3783602075505548	0.031848183798792735	0.9806738852741392	2.0
0.463644056776643	86.86734374086316	11.016821711512033	0.031440442367135626	1.6207500484810404	2.0
0.6741551089623345	62.509244891839934	36.13223189471777	0.032094204118622065	0.6522739003613339	2.0
1.3336634044181774	87.70822661371412	8.91311254681913	0.01889906103625	2.0260983740123395	2.0
0.7345574924029366	93.6597385439592	5.093887594558666	0.020501977638759612	0.491314391440447	2.0
1.7157639216818281	89.17121900977689	7.407683010962233	0.04440595710965922	1.660928100469374	2.0
1.0735962418662541	92.62383665369165	5.825487155656061	0.014902033126976546	0.46217791565905897	2.0
0.48092473501893834	80.85377849250256	18.163797754206463	0.009614317752257144	0.49188470051980215	2.0
0.33433086095169035	46.5239750849924	52.88096985837246	0.00878625517549032	0.251937940507954	3.0
0.15625972936846405	21.593891085509632	78.05622450271062	0.003914407435486061	0.18971027497579354	3.0
0.6155934351446183	75.294619660645	23.41345858098076	0.013006873908402553	0.6633214493212233	2.0
0.1363457580693978	23.33457999424112	76.37486637386391	0.003565532723445096	0.15064234110213545	3.0
0.8518959379496066	85.05746605192554	13.135178014300719	0.015439994213197347	0.9400200016109495	2.0
0.37507593113867954	59.97238550393703	39.21428041144402	0.01808060007410295	0.4201775534061527	2.0
0.2822523910747424	36.63731777490313	62.846378952934536	0.01853720041463527	0.21551368067294646	3.0
0.193183104320153	62.735716082285684	36.81961114515229	0.047984426585358904	0.2035052416565201	2.0
0.07003875564184411	10.673850338406774	89.07679816240547	0.019138425950512447	0.1601743175954066	3.0
0.06152339142932734	16.764114488034163	83.04193797604434	0.021353889182383904	0.11107025530978595	3.0
0.0638438769359299	27.96510642014722	71.76762558497751	0.02059124823984533	0.18283286969948145	3.0
0.1394247610966634	34.00647339996049	65.53112550011369	0.0320937371106567	0.29088260171849784	3.0
0.09653095484028473	36.72939334960617	62.85567073232987	0.025202360974087654	0.2932026022496	3.0
0.12802540323287687	29.574078986425945	69.99464887338881	0.0280403480737772	0.27520638887858906	3.0
0.06010824033692762	7.790901426056558	92.04283232970081	0.005622795323887707	0.10053520858180102	3.0
0.05557593578326065	8.450704505395427	91.37239306725172	0.008962507249406384	0.11236398432017247	3.0
0.2602220744140597	20.420655527732308	79.12002309146075	0.04425245652669909	0.15484684986616742	3.0
0.23934285745033515	25.314168097846444	73.99272915385096	0.021314293634784143	0.432445597217479	3.0
0.5036236540866295	55.01633398429821	44.05896075054292	0.08131854171131997	0.3397630693609357	2.0
0.14657338350122268	16.90590052638139	82.70053472428354	0.0362454660384985	0.21074589979535002	3.0
0.8905330728182961	28.113357981325997	70.10328307155953	0.035892194185885934	0.8569336801102901	3.0
0.37363374170282854	32.125843849121374	66.9679005023858	0.02585176444314417	0.5067701423468566	3.0
0.37899956449857114	22.738657634108655	76.02424678095888	0.03067896153619498	0.827417058897708	3.0
0.62933455927766	49.042565899658584	49.70344376931782	0.04619087959925349	0.5784648921466704	3.0
0.43841455198648455	49.03276924938092	50.01048047777541	0.0611881489350713	0.4571475719221125	3.0
0.24523522493522487	11.729163171261012	87.73733885353042	0.03364272646932179	0.2546200238040043	3.0
0.7426986017381695	54.6858655643413	43.151193628597625	0.09954871781978776	1.3206934875031173	2.0
1.1176452035084088	64.34932521954069	34.13889311548613	0.06518337100421212	0.32895309046056465	2.0
0.7134683688741825	31.782509396195014	67.20241991738828	0.03022623073586157	0.27137608680666553	3.0
0.4278343811165174	29.012424321241397	69.91691013055947	0.04363282418275243	0.5991983428998489	3.0
0.5486292035826656	43.56452058626818	55.22028585866118	0.05276003483571164	0.613804316652268	3.0
0.16555623864196195	26.39899537742117	73.13621213662536	0.12993625908250905	0.16929998822898482	3.0
0.32490681336150234	23.307365612381385	76.06624102918991	0.0613880650983027	0.24009847996890576	3.0
0.17084912686863835	18.984952476683805	80.42800439540328	0.07718973047858269	0.3390042705656949	3.0
0.13114889223632759	13.54411178649004	86.02808006327245	0.1646549879943575	0.1320042700068268	3.0
2.2247098912695566	53.86384243974591	39.97457781537605	1.8236435432601659	2.1132263103483138	2.0
9.002265224616433	72.22046855833334	8.14158604140029	0.307467996942786	10.328212178707156	2.0
6.168185307127186	86.6795996730523	5.434879558857605	0.21183179057376378	1.505503670389136	2.0
25.175357354226037	69.30048034741473	2.8782757738108704	0.2183033383453644	2.427583186202987	2.0
6.4915099017646885	89.82217458890919	3.029618775801574	0.15310387338734638	0.5035928601372033	2.0
0.9768695134141034	48.90860029495691	49.751687980937845	0.04849814166558599	0.31434406902555956	3.0
1.7861484137771475	84.40509486996658	13.190147139922976	0.18096123791534052	0.43764833841795653	2.0
0.4161626817673321	62.045444482888335	36.924538619127034	0.232872815150168	0.38098140106713857	2.0
0.3438909863591727	35.29701457465832	63.80994589144065	0.09227515662251536	0.45687339091934326	3.0
1.6608022023077893	83.99750899963232	12.777654705884217	0.6231852452966653	0.9408488468790126	2.0
0.8887324882829389	51.71837612367539	46.02759278784417	0.6296981064343614	0.7356004937631266	2.0
0.7353919152898581	62.197715162521675	36.588360926746724	0.1410958719100987	0.3374361235316528	2.0
0.2624614131627145	20.737432428160872	78.51423277079526	0.05662049462820094	0.4292528932529521	3.0
0.42875093253938745	20.670383249471666	78.45039815355985	0.029730055909414042	0.4207376085196787	3.0
0.601719428594877	21.9573263306072	76.9371825412212	0.03337185894435263	0.47039984063234264	3.0
0.6408291515168003	50.82700550435012	48.06517296640746	0.028133621211503528	0.4388587565141075	2.0
0.17270924444448996	22.741495298072937	76.86461267934376	0.015477904388405097	0.20570487375038862	3.0
0.15654615111900483	20.92021283862087	78.61209561804165	0.032257256640899575	0.27888813557760633	3.0
0.08284272896892243	11.943813201259973	87.78678286593534	0.04072606970023925	0.14583513413554341	3.0
0.08883326380546928	11.898460574000541	87.8266947768801	0.03736215539999758	0.1486492299138629	3.0
0.09866278849814623	24.234986534416215	75.37175640551456	0.03205668405836649	0.26253758751270945	3.0
0.1371457248504755	21.629858442969287	77.83070971369919	0.041293302018405545	0.3609928164626684	3.0
0.09563410123089283	13.400772030548616	86.37251769436143	0.014065267924779384	0.11701090593426243	3.0
0.05956936125982441	12.6176420849004	87.21998146677376	0.01371792352762586	0.0890891635383892	3.0
0.06805019284547682	27.812741749831428	71.88327278260941	0.02163395687342161	0.2143013178402602	3.0
0.04045131601286958	17.86647731538014	81.97846604043617	0.019438234877351857	0.09516709329346086	3.0
0.06822803362293849	22.2574283941289	77.5615773236052	0.026070416461930142	0.08669583218101878	3.0
0.19104134649722004	43.718628561229266	55.63040157028764	0.02947280990655802	0.43045571207933553	3.0
0.03652559600658867	10.441168762693517	89.4095495758602	0.01165874086035353	0.10109732457934874	3.0
0.07749748899396001	10.371741833556834	89.29121484832483	0.01488458136694879	0.24466124775744438	3.0
1.0695064403686256	72.97972656427768	25.034743305429096	0.0877770846894475	0.8282466052351697	2.0
13.836840542151407	51.28396724467051	8.507563800994953	0.09685791473850894	26.274770497444628	2.0
4.95021910428592	11.572577400479888	1.2803030788978789	0.031537992386936664	82.16536242394938	0.0
40.42111585611291	56.88502463369672	0.396811062599067	0.057563764921272055	2.2394846826700396	2.0
27.69789725397556	66.36814096649734	3.0603769625993333	0.051524112182828145	2.822060704744937	2.0
20.164178589328074	68.14109707699902	8.021234606435018	0.05190828166557291	3.6215814455723203	2.0
4.718604862527851	40.30751737098153	51.95919745259848	0.12457033182602772	2.890109982066105	3.0
12.022963312105992	76.86737179489853	8.79229281923248	0.16198925936794897	2.155382814395041	2.0
10.222505077748364	84.5270384338909	4.212475944693381	0.16951884031875636	0.8684617033486154	2.0
2.3492066603048083	31.52822633492484	65.43986103155089	0.08430894687789763	0.5983970263415628	3.0
3.986518807681199	61.86650463382196	33.1224513410642	0.16719495147649321	0.857330265956132	2.0
0.9331841024035649	61.83031197653636	36.669264333148405	0.047692179363488185	0.5195474085481813	2.0
1.0496981204421212	39.40863493744279	58.40708785724195	0.02467985894808177	1.10989922592506	3.0
1.2273098794558925	43.593929498694536	54.39358268154325	0.037275033707243645	0.7479029065990617	3.0
0.9624896653745938	46.07570371332286	51.739140350378875	0.053483649522834964	1.1691826214008405	3.0
0.30682873654755605	32.32359796693379	66.92926331628122	0.04298710800524261	0.3973228722322069	3.0
0.11921212207154921	25.942122965767954	73.63649941011346	0.021020593116240546	0.2811449089308202	3.0
0.09886054308838345	20.617699132535606	79.11975645024222	0.015901171545098656	0.14778270258867932	3.0
0.11963328349506369	15.531291292458175	84.19298837932556	0.031878456245387154	0.1242085884758136	3.0
0.18871109552318618	69.01466185756249	30.373466184800318	0.043840642302938895	0.3793202198110791	2.0
0.06859303314505386	19.72383016872677	79.86495232722467	0.02441670673880102	0.31820776416471025	3.0
0.09004010834294689	30.78696288480442	68.46406254379698	0.03086319628969079	0.6280712667659538	3.0
0.14692682609366112	38.622841734453395	61.006247715701214	0.02615459088221221	0.19782913286953235	3.0
0.09662244816203515	18.111452887398556	81.61912346603151	0.04287743625063241	0.12992376215728996	3.0
0.3164624016547366	41.4432144773294	57.86051804273655	0.09053465278357282	0.2892704254957461	3.0
0.13969613818055224	59.29817495644713	40.101029720257195	0.07526718408134601	0.38583200103378235	2.0
0.15132788431245411	60.17387802902802	39.34329811117282	0.0611298236963591	0.2703661517903489	2.0
0.0852382476625085	16.232164861455857	83.41220258702342	0.04115480660101512	0.22923949725721046	3.0
0.23217129576953519	65.84155190845864	33.313251881319616	0.10582915373644486	0.5071957607157465	2.0
0.34217121255240973	56.530457723284634	42.50506275268775	0.11439829455362678	0.5079100169215808	2.0
0.13420299325726442	39.22367863011328	60.306908106373584	0.07126420376291916	0.26394606649295377	3.0
0.13792437657912585	24.468298451128607	75.08937510226448	0.05148336434476361	0.2529187056830143	3.0
0.10639107684347954	24.682339358864553	74.63658742681415	0.04331241918513921	0.5313697182927172	3.0
0.14962133909968198	29.616336089214457	70.05448288845344	0.03086199260858619	0.1486976906238357	3.0
0.40217638181132587	53.21649079618999	45.907142656377154	0.0626488397454088	0.4115413258761176	2.0
0.22030595000154551	43.96498922463788	55.293179736062804	0.06289942671202736	0.45862566258573956	3.0
0.07434677021268006	20.97254219547772	78.75006075452575	0.04201993762919737	0.16103034215464052	3.0
0.14699767918809808	18.119968300421714	81.24407701433127	0.03639688124122207	0.45256012481769625	3.0
0.32177960746311085	68.25464107894143	30.649085918949158	0.17940291935754826	0.5950904752887652	2.0
0.2534604547353635	73.7904554125965	25.579138881032947	0.18331592486640005	0.1936293267687768	2.0
0.13325608956549326	36.15269682301032	63.237911415589686	0.09288577809809724	0.3832498937364222	3.0
0.18225959380341353	39.11744356108923	60.30540462222975	0.09769761927882673	0.297194603598772	3.0
0.48344452931632476	85.61041109255929	13.247651174394704	0.20096362541191254	0.45752957831774804	2.0
0.07613397870440751	10.439699419538268	89.25668348814207	0.016660476528384503	0.21082263708685398	3.0
0.13700138860588235	46.4872876920199	52.91156618442974	0.05415887379416487	0.4099858611503161	3.0
0.16581015245921124	27.315289618576216	71.77490138171642	0.07708257030267787	0.6669162769454855	3.0
0.44612205388973464	76.10366835212726	22.853487742938615	0.14913972446831203	0.4475821265760782	2.0
0.6271392741184416	58.08687025305053	39.51380100330633	0.3317938451169881	1.440395624407729	2.0
0.22245506468302662	29.674515292445626	69.66907206629269	0.07233982954439673	0.361617747034266	3.0
0.2951507043284364	72.5578286342386	26.60149168829371	0.19871435598988693	0.34681461714936757	2.0
0.13130162400677484	33.57440350570074	65.93644800932621	0.08359306339024228	0.2742537975760267	3.0
0.25757791887482606	15.006289490499816	83.86809587235976	0.2589092260087629	0.6091274922568363	3.0
0.3730832441202902	63.914416993243925	33.29369285478327	1.596033561863848	0.8227733459886578	2.0
6.257530718466977	39.12156559999994	11.864460618832867	15.60571456442377	27.15072849827644	2.0
2.499006603407564	8.115110321036113	0.5301996222936456	0.15871905583463508	88.69696439742803	0.0
18.342114000400038	60.71347727716333	0.4100723305298489	2.3442292337353883	18.190107158171386	2.0
35.65989543786794	48.56392386924563	0.4470914642496877	0.7205496066965374	14.60853962194022	2.0
11.601739868141427	76.34954850029612	2.3454497926329423	0.8807748879493352	8.822486950980162	2.0
16.2085236565459	78.6516258151026	0.3676592123812395	2.7431378988376096	2.0290534171326415	2.0
5.840047779145321	85.59767592435746	0.5517374020887987	6.701808850495164	1.3087300439132448	2.0
3.3333964922949053	85.23070442664019	1.9373175770898792	7.542592354075937	1.9559891498991	2.0
10.257920251787501	77.2783956810232	0.7800346597745563	3.327701923569981	8.35594748384478	2.0
9.181108468893422	80.86557485094906	1.1821626319606109	2.0335162018332786	6.737637846363627	2.0
13.980680913594465	75.8360356846849	0.9179562999910943	1.2353113281023835	8.030015773627156	2.0
22.3606827291252	75.14300690888825	0.8403728861345307	0.19842746104243705	1.4575100148095714	2.0
42.68217417373846	53.643152047449625	0.07561899129918051	0.20232929328202093	3.3967254942307146	2.0
7.691150255906427	90.81777480888499	0.5128875409067682	0.1984575439115164	0.7797298503902926	2.0
8.56742709208233	87.07932760746317	0.6706405041027258	0.4353239255098206	3.2472808708419314	2.0
6.991182400079027	89.235338391847	0.48375950940153484	0.3223800055991553	2.967339693073286	2.0
6.419372550323887	92.51470746810725	0.4490050389014032	0.21168242205350635	0.40523252061395887	2.0
4.262226579934461	94.13207502444301	0.46638877803232054	0.636336688387644	0.5029729292025718	2.0
1.6398008210040111	91.64500516631607	4.966579258391582	1.4289287278404843	0.31968602644785354	2.0
0.5695844199911991	84.52458232231798	6.716318349665413	7.651200858183725	0.538314049841672	2.0
4.434463134394177	54.965146298517965	0.536354903969532	36.33279020172547	3.7312454613928687	2.0
1.3277629960684447	52.562330899237	0.7547673024039493	44.14020343697895	1.2149353653116706	2.0
3.47619389225491	69.70568746304252	0.8250333200666472	25.177391450928788	0.8156938737071274	2.0
13.478234664215124	41.699339321402206	0.06701307969663595	43.16554162225982	1.589871312426211	4.0
