N1	N2	N3	R	W	anotaciones
1.5069415232831858	0.5718740975695409	0.04167205206187539	0.009796199504776875	97.86971612758062	0.0
0.11687143366627031	0.724074752832482	0.011088639939551968	0.008974571518594463	99.1389906020431	0.0
0.16416329200796792	0.5228462450840635	0.006818712614384537	0.0056428550090692475	99.30052889528451	0.0
0.23404948118551636	0.6483856563599608	0.008447603867074605	0.006010757492171148	99.10310650109528	0.0
0.16592813484242055	0.809385644925445	0.016192537645091935	0.006420135314301371	99.00207354727273	0.0
0.11710373279829157	0.6312350979447618	0.013660177548077464	0.0037703158390698746	99.23423067586981	0.0
0.04325825865161	0.5464798790624656	0.025043227479801797	0.0014718508321317617	99.38374678397398	0.0
0.05779318350932934	0.3781276494431959	0.011346246257625077	0.0018730587598945986	99.55085986202995	0.0
0.19395068512648633	1.5651962225987415	0.03715257063472746	0.004601114326216285	98.19909940731382	0.0
0.15881239537147368	1.1014610472130437	0.016221597424192387	0.005363380511513086	98.71814157947978	0.0
0.13616913364917652	0.1482932391632507	0.01763226375119907	0.011207504309737203	99.68669785912664	0.0
0.07199401827597056	0.45595603856788697	0.016867744274670422	0.005633200861515876	99.44954899801995	0.0
0.10478791445830031	0.2644689441697757	0.022341565776158125	0.0027701748334135433	99.60563140076233	0.0
0.08088376760438422	0.06611125697138835	0.0014941807663540203	0.0033762223920742163	99.84813457226579	0.0
0.19667644480847296	0.12517648893006975	0.0024737869818720684	0.0028064196740017334	99.67286685960556	0.0
0.04151512785554561	0.02455331398731798	0.0009254883802905692	0.0013739190907904586	99.93163215068607	0.0
0.054462833644646595	0.058933520332817055	0.007953348749363664	0.0028197280937926534	99.87583056917939	0.0
0.03950248083300781	0.022821481990071835	0.0012855445451460282	0.002372543167768835	99.934017949464	0.0
0.1840162509198802	0.09945380677505045	0.004338021868594729	0.010264372893956918	99.70192754754251	0.0
0.4986094252349875	0.16415495602630623	0.0030346445234981597	0.016250245603345283	99.31795072861188	0.0
0.22540549577630187	0.13891961261543173	0.009632198050419198	0.004264818759695323	99.62177787479816	0.0
0.13373707224971584	0.06988779890661208	0.004785875145775594	0.006919022231860399	99.78467023146604	0.0
0.05671546316230586	0.04273789556058562	0.006025880086961118	0.0029399670572997846	99.89158079413284	0.0
0.1147762034209909	0.03998908391356861	0.0018349717132357	0.004783235743003122	99.83861650520922	0.0
0.06143197000984234	0.05909629457044704	0.0025317170411054855	0.006057942061665092	99.87088207631695	0.0
0.032443077662730926	0.020835034843826795	0.0007413111663819653	0.012743014222913043	99.93323756210415	0.0
0.01590842260961657	0.0260571969973231	0.0010247884807252237	0.013142351872203972	99.94386724004013	0.0
0.025662171102673093	0.0571777506257617	0.0009594919345181326	0.0046613717125695035	99.91153921462448	0.0
0.13107711602666852	0.266223516404639	0.018071113265470548	0.013624104805891376	99.57100414949733	0.0
0.07100261794408262	0.20364579910879843	0.014896768935528075	0.006320243925131482	99.70413457008647	0.0
0.11810280998676365	0.19920183238377073	0.014901960084814944	0.010726913706419402	99.65706648383824	0.0
0.10710363177926539	0.08322755165678203	0.008946902570162901	0.0038574687024366242	99.79686444529136	0.0
0.2037666665272437	0.17356536253481583	0.014108446566758165	0.004965607375038522	99.60359391699613	0.0
0.13648295123499132	0.13776012156898648	0.015523432898415115	0.004102282317643516	99.70613121197997	0.0
0.0951519187873866	0.13382762199917708	0.015786304001649765	0.0038096366686741824	99.75142451854312	0.0
0.040818078207366035	0.10110073109983822	0.020656132419698537	0.0035374729442819524	99.83388758532882	0.0
0.6672881488038587	0.4939408394990801	0.017949472135799414	0.010293530484131142	98.81052800907713	0.0
0.12110696138245196	0.10879523891449609	0.037446066787121965	0.002129929676918182	99.730521803239	0.0
0.11436718790784721	0.27702284073718664	0.01125393455506101	0.004435440266024015	99.59292059653387	0.0
0.057130876699513305	0.11159436964848435	0.0028019470220503	0.006706841478782002	99.82176596515117	0.0
0.09534679681899172	0.1852340770015274	0.005411208108379331	0.006396639506521233	99.70761127856458	0.0
0.18920312056704855	0.18545169691999702	0.014202765208947338	0.007201492452674116	99.60394092485133	0.0
0.3786390848260749	0.3967869921944743	0.012661966277984691	0.009257133220139827	99.20265482348134	0.0
0.18933764430624928	0.22423380146902816	0.007618935815152644	0.007970834114857458	99.57083878429472	0.0
0.20274000569807799	0.22854493287324645	0.009713270570463645	0.005541417549486802	99.55346037330872	0.0
0.44998447773542205	0.29575373302429087	0.011254958303426337	0.0063197485866214285	99.23668708235024	0.0
0.29048502819931227	0.23061274664548745	0.009100935590641693	0.0026908801905183195	99.46711040937404	0.0
0.5517284243975424	0.302302181688104	0.008014737020391792	0.008761130622891768	99.12919352627107	0.0
0.16707116899786337	0.16866042239797097	0.005486950984806866	0.0081309525689396	99.65065050505044	0.0
0.08560916549553542	0.19630024718632158	0.01864829480775934	0.006918365336184224	99.6925239271742	0.0
0.15118405064933305	0.2634061314274696	0.029929553594517766	0.011042112984682523	99.54443815134398	0.0
0.13168618314135977	0.25760403895499984	0.05071687477724637	0.008863235908791438	99.55112966721761	0.0
0.09853952441046651	0.1822965578801748	0.03009481583310683	0.005664771274253385	99.68340433060202	0.0
0.12372366662512636	0.13161082336309726	0.034710769039218096	0.004287948289002759	99.70566679268354	0.0
0.3515680629625767	0.3792175957051059	0.08532862316656073	0.01095616744921194	99.17292955071656	0.0
0.8366061420448123	1.0707821479393012	0.10639186999536257	0.015412840387252384	97.97080699963328	0.0
0.2661004688477557	0.6641740860387996	0.05679055194107815	0.0034988204845507187	99.0094360726878	0.0
0.4108287270187043	0.7142450359608387	0.010426538454708395	0.009360971842430319	98.85513872672331	0.0
0.23867951021148132	0.268693403034132	0.026060483072307752	0.0026192860058824614	99.4639473176762	0.0
0.5184927401564646	0.7748582185474756	0.11599831363864944	0.005441261143288697	98.58520946651413	0.0
0.5197122395190722	1.4350276252786511	0.5962477432182823	0.0016610044608991788	97.4473513875231	0.0
0.3273081880452529	0.41125414465678467	0.17317072988467025	0.0007597427667512502	99.08750719464653	0.0
0.07754721567361135	0.1815037949494597	0.08114723491574351	0.0003179068141606888	99.65948384764702	0.0
0.17031358687788847	0.4867632258772232	0.1774236355030232	0.0008824673304018483	99.16461708441146	0.0
0.0706112325060646	0.2562091230661075	0.06503811259379354	0.0003590844378292807	99.6077824473962	0.0
0.9239780618098541	1.7380800454712464	0.5077210808930613	0.0008174199975543239	96.82940339182828	0.0
0.08215128207073831	0.3053124843483447	0.14950677846264213	0.00019532357913155254	99.46283413153914	0.0
0.05099616367674609	0.4102924087139285	0.22660002253816042	0.00021651724098862554	99.31189488783019	0.0
0.05145640311456023	0.2795423625028443	0.10430316201923899	0.0001714973328014249	99.56452657503056	0.0
0.06302442044897077	0.38977960971962444	0.2871594646556412	0.00022823493966569246	99.2598082702361	0.0
0.022968919051335714	0.26046265763763154	0.3106921575562887	0.00010886075408308479	99.40576740500066	0.0
0.05885766663569825	0.5210528641662954	0.49659908995521534	0.0002764669737574856	98.92321391226902	0.0
0.044176248632179504	0.39837430519025513	0.31225953792315636	0.00020657604932227183	99.24498333220508	0.0
0.18229909311380854	0.8249664915597166	0.749714281400842	0.0004857029646410271	98.242534430961	0.0
0.5824762688381186	2.4245548315637464	1.8886692924574602	0.0010264556786983828	95.10327315146198	0.0
0.042538960767773734	0.4579303293434455	0.38298430731361016	0.00046600842908654306	99.1160803941461	0.0
0.02266955185997107	0.3958829317828665	0.6714421257179223	0.0003383892096330615	98.9096670014296	0.0
0.017724192945186276	0.18185358742041158	0.15858984428885764	0.00027841656163397004	99.6415539587839	0.0
0.022744788309963015	0.209616278677052	0.16093774853933995	0.00029596608114485325	99.6064052183925	0.0
0.013829663547306432	0.12955743560196198	0.04607324578767048	0.00025233599405139617	99.81028731906902	0.0
0.027948259948567502	0.1512345893946719	0.06834199777190705	0.0002689959874753298	99.75220615689737	0.0
0.015269248847010558	0.06795957027788362	0.019381970829184986	0.000200488627966198	99.89718872141795	0.0
0.11387617969558514	0.14488521384045278	0.013404638976714046	0.0019843278824953174	99.72584963960476	0.0
0.02063010887490832	0.07590025201645728	0.005870387950243833	0.0005851288464174318	99.89701412231197	0.0
0.05429226477320694	0.08936083048338261	0.02745771595080987	0.0010347677068008488	99.82785442108579	0.0
0.11901546947782307	0.3512179549348334	0.024177404259802207	0.0023165754576077906	99.50327259586993	0.0
0.06844401832273725	0.18055398972452366	0.07936976522467144	0.000682086192540025	99.67095014053552	0.0
0.0649894803702015	0.09328433416409457	0.011614364543668631	0.0009196399849924717	99.82919218093704	0.0
0.10811983892018714	0.3041018097166132	0.06001298375267138	0.002013825459697834	99.52575154215084	0.0
0.1422389992598813	0.43348942975000937	0.04678393791608353	0.001976260423026373	99.375511372651	0.0
0.32312087981716675	0.7475410039709642	0.10844904654262717	0.0014069905471277703	98.81948207912212	0.0
0.1624683453960535	0.14923969337290083	0.014326900763244159	0.0015520034171469142	99.67241305705066	0.0
0.24258516221508808	0.4932580157777726	0.03709419616963773	0.002195460240806638	99.22486716559669	0.0
0.39660566812843545	1.3803365364330449	0.7379424452427324	0.0021466359871686125	97.48296871420861	0.0
0.20177210143495117	0.8007237007724618	0.5986870654313526	0.0007908752770705499	98.39802625708417	0.0
0.07027973950334966	0.298950675942597	0.18503367458588768	0.0006944794926067164	99.44504143047556	0.0
0.1949581243352124	0.8572303782029694	0.2538438153028093	0.0011114778642329127	98.69285620429477	0.0
0.15179077849529016	0.7787988789585619	0.20934714934729262	0.001374892211061665	98.85868830098778	0.0
0.026246468545335386	0.14355357465593008	0.027850267998531075	0.0006414879256069982	99.8017082008746	0.0
0.09572453275471865	0.6434152947788285	0.0570206005355002	0.0023339724872935954	99.20150559944365	0.0
0.23261889655420437	0.4500911874159693	0.03486108410317662	0.004752029194795415	99.27767680273185	0.0
0.1298952300523971	0.19141308218976932	0.019935860995030148	0.0010831485312500664	99.65767267823156	0.0
0.12277154271488729	0.22968894980618626	0.013229747326453628	0.0014956955624170064	99.63281406459006	0.0
0.22631713881722557	0.23622810845731612	0.010680925456457954	0.0056432427394869115	99.52113058452952	0.0
0.10332180259977901	0.2472822389449459	0.008239218240160794	0.0018515102381080658	99.639305229977	0.0
0.053994378983107084	0.10909588246643322	0.0019607747648953595	0.0015380558388813003	99.8334109079467	0.0
0.2083285480599026	0.11434778517151888	0.0007029603987756893	0.007452277007668436	99.66916842936214	0.0
0.2692677820703417	0.19157587314241165	0.0008330927765859914	0.01692946578688614	99.52139378622377	0.0
0.043476653886973825	0.18852623793466322	0.004022156865262631	0.004485273117382504	99.75948967819572	0.0
0.025261735408645975	0.08953759102650403	0.004083329677736507	0.0030665650145251626	99.87805077887259	0.0
0.008329411273495744	0.03362096656340204	0.00545201059095921	0.0025763164459260105	99.95002129512622	0.0
0.031315950572362944	0.06713993389314604	0.014940716570079811	0.00271912746078389	99.88388427150362	0.0
0.039352596088536355	0.05381233659019618	0.007581676997449041	0.002736077024764421	99.89651731329904	0.0
0.07628057454790184	0.11045940406493265	0.010391572555660868	0.0021733948774780992	99.80069505395403	0.0
0.1601596040575974	0.19999880940897366	0.007592563579493751	0.0034192467888194762	99.62882977616513	0.0
0.15141907016284353	0.10331962216815266	0.00273751219082382	0.002502622984069515	99.74002117249411	0.0
0.2234717935308978	0.07759499153809582	0.0023422408629904493	0.0029426721091258415	99.69364830195889	0.0
0.09877516549181879	0.12561811634021702	0.0035486018039523875	0.0018934254710682415	99.77016469089295	0.0
0.3550067753903995	0.34269146328843	0.011806547259008761	0.0034840008743850953	99.28701121318777	0.0
0.3186152498645315	0.2912334093653467	0.029324072266059726	0.0017767830612532697	99.35905048544281	0.0
0.3540686922591946	0.18796090705731208	0.017308674307795733	0.0020035342457816485	99.43865819212992	0.0
0.6078195878929503	0.35516076291564924	0.010230194203174628	0.004906100733636665	99.02188335425458	0.0
0.2891459479211316	0.11062254959602177	0.002249920077910195	0.0075300609790070515	99.59045152142593	0.0
0.09364418180169115	0.09968399530192774	0.007753511566892496	0.003107053089665216	99.79581125823982	0.0
0.7968998418651668	1.198744426671811	0.12365881674097853	0.009621154322759529	97.8710757603993	0.0
0.7887497250261548	0.38954144995617657	0.0024523058911999508	0.03234907106111362	98.78690744806535	0.0
0.530152071774031	0.2149531873850341	0.0010671858622966848	0.017333188451353888	99.23649436652728	0.0
0.1955906548322818	0.23193101521788534	0.007560654977600101	0.01587377154070098	99.54904390343154	0.0
0.30008975699427654	0.3368993745442821	0.004426477086400078	0.056996093280071124	99.30158829809497	0.0
0.19962995027144034	0.37042375641205555	0.018651842568903232	0.03031268858501134	99.38098176216258	0.0
1.0393425384945543	0.3190187117667027	0.0053367300982596596	0.3513332505902465	98.28496876905024	0.0
3.717338381303661	1.9054429322215138	0.00443219363157849	4.469202623594241	89.90358386924902	0.0
3.279524943616234	1.4680802844175465	0.005742251360043728	4.812689605410848	90.43396291519534	0.0
5.028918326072873	4.3053381412404095	0.009815319909249831	7.435356785140174	83.2205714276373	0.0
4.401632149410204	5.270988212736347	0.008287723980924155	3.6073781024559595	86.71171381141656	0.0
4.333613078180865	3.2017086318268926	0.0055715681819905934	2.730961377893387	89.72814534391686	0.0
2.5064713167575827	3.043669766490846	0.02612826231135387	0.7164989796312632	93.70723167480894	0.0
2.78605884722578	1.9847301081938606	0.03618220492332986	0.3707129831802834	94.82231585647675	0.0
1.4584802070727791	1.6845596902234246	0.0214456005377101	0.07718833486858925	96.75832616729748	0.0
1.0665490877293726	1.320548065458631	0.09947636970929316	0.05792312511122919	97.45550335199147	0.0
0.6007943471183692	0.7145575795748856	0.02253945937707385	16.916160041353482	81.74594857257618	0.0
0.9014060359787336	1.551923384806288	0.05602795926982597	24.4677547779888	73.02288784195635	0.0
0.6998964641676044	0.9216056948496502	0.03207086631550539	23.8134389653039	74.53298800936335	0.0
1.6621528911259582	1.6230194620327678	0.02118156431349897	0.06521251760918115	96.6284335649186	0.0
1.0471740009330435	0.5132145488578327	0.003931972943849981	0.07831209079479821	98.35736738647047	0.0
0.6739352113646975	0.6779558047884423	0.027777939665859723	21.48382202245344	77.13650902172755	0.0
2.773381959026682	3.51900451550038	0.12143304573497954	0.1525324614008827	93.43364801833707	0.0
3.3978609469548977	2.2768503187248457	0.09729008318407739	0.09088986671959925	94.13710878441658	0.0
2.3934298508408336	2.001598993255877	0.07590578916304028	0.07556213112623622	95.45350323561401	0.0
1.1939291428714383	1.8618792981670902	0.22308039177592578	0.04831978999432343	96.67279137719123	0.0
0.5929921495159441	0.5609761215955469	0.10202749780549654	0.02896219179120429	98.71504203929182	0.0
0.9590338126963524	1.296834886897259	0.13148028031483727	0.11448426802776575	97.49816675206378	0.0
1.3825110249078798	1.615930672576701	0.18063384664153145	0.12360507016710805	96.69731938570679	0.0
1.9436238019342067	3.135879110530991	0.23254377469292836	0.13958827466967816	94.5483650381722	0.0
3.083090440316351	5.975998698097089	1.4169108283217613	0.0879581410928976	89.43604189217191	0.0
1.9675241345608898	4.002891586945361	0.23594237332073587	0.07795840376865212	93.71568350140436	0.0
0.8386419515168149	1.432789996958856	0.024000833892972116	0.05130804553551098	97.65325917209584	0.0
1.877514162907858	4.71463881606663	0.30194199145233763	0.0894236809820905	93.01648134859109	0.0
0.502364244014518	0.9505651649372535	0.06262665501372726	0.040665250081573685	98.44377868595292	0.0
1.432265443774347	0.577906584013073	0.006466849276327911	0.08001233920416904	97.90334878373208	0.0
4.630153149549054	2.089009589256613	0.013724064484382485	0.13160035331350903	93.13551284339646	0.0
1.9747647298571214	2.9313101496113236	0.44707557541299225	0.08372570851818616	94.56312383660038	0.0
2.210791653066581	4.930098126615894	0.4645994571794635	0.09757270841662624	92.29693805472144	0.0
2.919906579629516	5.807512039230288	1.479075918591992	0.09766849107430238	89.69583697147391	0.0
2.1985067356496435	4.256257664732136	1.8892546141749837	0.05033447373819713	91.60564651170505	0.0
4.076215967259285	7.664387816549686	1.33808404503703	0.07629901926551036	86.8450131518885	0.0
5.238210331250231	6.4827357897598175	1.3357201630406685	0.10717937124457137	86.83615434470472	0.0
2.6349070082571426	4.062407007447587	0.6541448389667015	0.05897587817942663	92.58956526714915	0.0
2.033021596095514	1.85947169041141	0.07695356870298589	0.06098327936068013	95.96956986542942	0.0
3.150540696796795	4.735634278511153	0.27822280464181726	0.19196786345073846	91.64363435659949	0.0
35.11777421064028	10.53292403134848	0.026021650864146387	0.4903215061236338	53.83295860102346	0.0
27.046675748888145	10.102444031211263	0.01461007829149943	0.8660414347475628	61.97022870686153	0.0
56.46597554172303	25.053336596792935	0.04656417361114757	1.4207249611253063	17.01339872674757	1.0
18.952601463716327	31.948326703594788	0.04932006026444374	4.46710310048145	44.582648671942984	0.0
8.614364140836633	68.46866153901404	0.04871719885773585	3.9632986388673257	18.904958482424274	2.0
0.47702287546866506	1.905214512002875	0.22218821013578072	0.14181259043106909	97.25376181196161	0.0
0.4802176650223004	1.0735755815174224	0.02020668195583331	0.056971688788928214	98.36902838271551	0.0
1.6791513713058415	2.4676487179369433	0.02688294447262039	0.20903583239199006	95.61728113389259	0.0
4.711431354815441	4.130883145708369	0.04026618488620766	0.16597143444638365	90.95144788014359	0.0
5.181447504763432	5.368516298604043	0.06295619012333349	0.34209821537003676	89.04498179113915	0.0
1.4258691425405172	1.2862856923679091	0.03436634105903951	0.0734947500195374	97.17998407401299	0.0
0.5212098811334183	0.47762670704540877	0.0075779153482290005	0.07092935606290786	98.92265614041004	0.0
0.49131981114718065	0.39973617149527313	0.007936687310177671	17.032141947517076	82.06886538253029	0.0
0.8378912546512864	0.6466609558546026	0.04726182870325335	29.276604574132474	69.19158138665838	0.0
1.3009135885473133	1.1856704760337393	0.13759680825868018	0.07397978611164713	97.3018393410486	0.0
2.028555438503366	1.9744823804787217	0.1337805250386075	0.14220588667890732	95.72097576930041	0.0
2.0683851730082194	3.028037696058462	0.200645719231475	0.19923072706997483	94.50370068463188	0.0
2.1748809746001503	3.388517793179091	0.4769987058385699	0.2062101172757033	93.7533924091065	0.0
0.9618302768406188	1.6735173782575372	2.0193121740357123	0.04883818910631478	95.29650198175982	0.0
2.22661879873471	2.9333147056717026	3.5593408746948025	0.08607322546410218	91.19465239543469	0.0
1.5186452087023217	2.408460539511669	0.8296856396996902	0.0862353130831582	95.15697329900316	0.0
2.991425417189524	3.1307753346088623	3.2080720697127267	0.0683036569108286	90.60142352157806	0.0
1.7896361185419583	2.3386383745836667	3.0802482543428877	0.07244559443310249	92.71903165809839	0.0
1.4907740361743245	1.889878057362291	0.7048825146781629	0.050385671035027405	95.86407972075021	0.0
0.6981283071807356	1.2034852017867848	0.3633273354952408	0.04385705929656496	97.69120209624069	0.0
0.7172227709975411	0.6389935738714108	0.0826073596591541	0.06283833278793492	98.49833796268395	0.0
1.2488343325037317	0.41143019935441894	0.002291982236084744	0.12219802242390476	98.21524546348186	0.0
1.6238682455842892	0.8000243953485453	0.0031088896087382266	0.4013403515556988	97.17165811790274	0.0
1.6579427713993136	3.1427783490807375	0.05946088765994793	0.3549383762923425	94.78487961556766	0.0
1.0866661231961225	1.809357723953663	0.023607754738114106	0.25969552254498457	96.8206728755671	0.0
1.3367392085736935	2.4983140887627537	0.45996890935536766	0.23966419816498258	95.4653135951432	0.0
2.7940701567392887	2.3074536306594657	0.1775356380108571	0.25360029437433257	94.46734028021605	0.0
1.4528618792738563	1.6911461265039955	0.19141913568858268	0.11017829938642996	96.55439455914714	0.0
1.7101047235996727	1.45103856517741	0.23795876934332977	0.08390402184420534	96.51699392003538	0.0
1.3976500120913762	0.9317151193238109	0.5744168026813542	0.05487566352244594	97.041342402381	0.0
0.9180168288056803	0.733734738319093	0.5430543302309275	0.025448013366098074	97.77974608927819	0.0
0.5679349692488792	0.46192152980013695	0.2751693217012441	0.024003425269464206	98.67097075398028	0.0
1.0566996146159382	0.8438658768352743	0.6079460264659806	0.06405087911575459	97.42743760296705	0.0
0.90608722968403	1.0944860856172787	0.9313117036544416	0.038202078139434784	97.02991290290481	0.0
2.0686162437441493	1.4254745424410742	0.6432740067237148	0.061222620154284695	95.80141258693679	0.0
4.131318120403151	2.822473049079776	0.7063791889591412	0.13297056523894005	92.206859076319	0.0
3.808722740287479	2.4608251217905144	1.7221984333903106	0.10700885122609384	91.9012448533056	0.0
1.411766420652718	0.358302738942038	0.003329561072861317	0.0940108571223399	98.13259042221006	0.0
1.4992678299660005	1.7444346035679448	0.029008432827355546	0.2520162222898448	96.47527291134885	0.0
2.4362912046503453	2.041454303199435	0.22218971970114101	0.17700976169123636	95.12305501075784	0.0
2.3065207514221355	2.600675758820987	0.10901876854360518	0.137273216690512	94.84651150452275	0.0
2.092533777456636	2.171716408992195	0.2835731395646568	0.24435662517756493	95.20782004880895	0.0
3.293202293534731	4.575752846839578	0.8300490354086809	0.37131240726735926	90.92968341694964	0.0
4.022975226956909	6.644685426737842	0.6402075948248052	0.6002003558901242	88.09193139559031	0.0
2.6575835868738977	4.168399701127804	0.3727176458325528	0.42950685418515994	92.37179221198059	0.0
1.7146998394248003	3.7305396064996805	0.1666944094478283	0.4382437853628156	93.94982235926487	0.0
1.0394260992202329	1.1549560243837202	0.12399342961124567	0.23494046354091044	97.44668398324389	0.0
0.6927358942432612	0.5725610286804673	0.002362279517346344	0.15456481645173578	98.5777759811072	0.0
3.1608438624531097	1.1595241691801803	0.0037874673135139874	1.2936823713034011	94.38216212974979	0.0
4.5232171043553375	2.3290930645083128	0.005936079849579182	1.4598362418951427	91.68191750939162	0.0
1.6671768888239211	1.1768190311494884	0.000766618153152636	1.1409912777339957	96.01424618413944	0.0
1.1971602135845865	3.5250366179482433	0.03832034722068176	1.0229331565839672	94.21654966466252	0.0
4.7552324208013825	15.361802584691512	1.4625828320643135	1.1402900761714254	77.28009208627138	0.0
4.039316111988068	6.904532610690691	0.8132462193832495	0.8767558630658737	87.36614919487212	0.0
2.6840689411818155	5.4539272531724405	0.9016788738940259	0.32347905060300614	90.63684588114872	0.0
3.5859334613106078	5.127940098085109	1.5536965775640372	0.3043056028068677	89.42812426023339	0.0
1.151432816430196	2.7505367213421215	0.22369822783229348	0.23401264592503232	95.64031958847035	0.0
0.8244736948264658	1.8627635460093435	0.1437523457314119	0.21114330591645533	96.95786710751632	0.0
1.8299563835502284	3.6992693780480304	0.6579574769976174	0.21002516908941857	93.6027915923147	0.0
2.2215198774072147	4.826185666023614	0.6456529494752337	0.27981951721911436	92.02682198987483	0.0
1.4220173755240069	1.509106002247649	0.0314077130403593	0.2653041907839016	96.77216471840407	0.0
1.4764030595418167	1.332646089751173	0.016020776883297106	0.15620487772745298	97.01872519609626	0.0
2.316176406215294	3.600394604516377	0.1716351510878079	0.27632334725715385	93.63547049092337	0.0
8.491950310072207	5.7946871039413566	0.07651094953357969	0.38621434929526377	85.25063728715759	0.0
2.3830896903938243	7.652364918273198	0.33269054812187177	0.3526599258467824	89.27919491736434	0.0
3.753713235990223	5.728972331262665	0.999636990776173	0.09244006196440803	89.42523738000652	0.0
2.868089807648256	8.825782025632137	0.9966053323447808	0.08242448332885739	87.22709835104597	0.0
3.224606669893489	6.2239605210469575	0.8897323669921554	0.07718291536235478	89.58451752670504	0.0
2.879350111085309	3.8821701115161997	1.2970797669315515	0.03412681131929572	91.90727319914764	0.0
2.042805287535119	3.390826586395533	1.353954903687855	0.03920602653740186	93.17320719584409	0.0
2.5048923944895476	5.090894509748141	0.5303331628564987	0.12341492074439461	91.75046501216141	0.0
7.3625137068460464	3.2579676144630683	0.04123303237764782	0.19518381323762746	89.1431018330756	0.0
12.295701263499035	3.0274270026018693	0.022143470230860947	0.2617301002892377	84.39299816337899	0.0
5.003243623937596	5.07662296489937	0.033563506804265814	0.38313014486950897	89.50343975948925	0.0
2.2450561481135134	5.678395441071796	0.09426291745058772	0.20669380350383576	91.77559168986026	0.0
2.357327281584731	5.804314956033899	0.5187976868528466	0.1019909494143506	91.21756912611417	0.0
6.065882927643155	5.302544003345982	0.3174967065935558	0.1538149722110909	88.1602613902062	0.0
0.9732753323724647	1.3730101019214729	0.09097428307784133	0.06255535555103571	97.5001849270772	0.0
1.2355850436896936	1.430771185544181	0.024664187079242023	0.08478084554231476	97.22419873814457	0.0
0.4826861066057819	0.4978225916038726	0.008833249729753136	0.05790011919099032	98.9527579328696	0.0
4.524558731208409	1.483208651472091	0.029003448653640594	0.26254597286757975	93.70068319579828	0.0
0.8203043408053043	1.059319453256505	0.04017281803629544	0.0574970296809258	98.02270635822097	0.0
2.1114904505892227	2.0419146287959244	0.4588378079256485	0.06101009857280264	95.3267470141164	0.0
1.5885254415371461	1.463976270933665	0.595119684006047	0.04584880356339381	96.30652979995975	0.0
1.2306527527329256	0.3479746820061355	0.010847107045131338	0.02094641270682357	98.389579045509	0.0
0.8260388144829316	0.14493848568539938	0.0013375999868037616	0.02022455100662405	99.00746054883825	0.0
2.858962411718023	1.1184679296889832	0.05380528771225928	0.06457147840954763	95.90419289247117	0.0
17.947015230285405	2.356871449442845	0.015152669006362519	0.23350572783028736	79.4474549234351	0.0
53.523813567570436	14.87662866019201	0.2892487279152141	1.7170183035926503	29.59329074072969	1.0
22.03947460482786	10.776467880129601	0.09628698918362591	0.6440317707819939	66.44373875507692	0.0
36.2980266488227	27.802734228666893	0.03469895068969206	0.5511294860549864	35.313410685765724	1.0
38.00851936890102	12.38216891467802	0.18610640189866634	1.2822750715255091	48.140930242996774	0.0
42.23377147924778	50.862147946516714	0.016948036286647445	0.9760061456037521	5.911126392345114	2.0
32.40413026330088	61.9144912558306	0.02969835515167928	0.9472790353700156	4.704401090346844	2.0
20.732322494141407	70.70556188652809	0.036103705980803244	1.3956662272656724	7.130345686084021	2.0
13.010202282704775	72.00160727217941	0.08362400971511331	0.8307411458809721	14.073825289519714	2.0
24.526685775945438	60.70334821104416	0.052992062287288665	1.4708998030746891	13.246074147648423	2.0
16.639616859143672	76.10325352143919	0.13245302267790682	1.073538407482273	6.05113818925696	2.0
27.404577567442118	63.89313852601594	0.09953782218377763	0.7699151989813707	7.832830885376789	2.0
15.511781047602202	72.52030975935627	0.10820432071660341	1.1050567266836597	10.754648145641262	2.0
9.474288352207676	84.22737981143999	0.18481369874437648	0.7215339345168356	5.391984203091097	2.0
14.710666337194397	77.18312383420897	0.13396938402701297	1.6239793129282691	6.3482611316413555	2.0
6.380431217937652	87.58058317657583	0.6937354027996903	0.8778014709321433	4.4674487317546685	2.0
5.349602984556954	86.26549699570853	2.9993942816561034	0.9198262388401225	4.465679499238279	2.0
13.525160834998154	80.4749757389755	0.6454091313488775	0.7663145252167133	4.5881397694607475	2.0
5.148509637857514	90.4916751518842	1.0678695229763173	0.27142457175674806	3.0205211155252094	2.0
5.54772719828498	87.97087293216151	1.4529854736347838	0.23619174297116122	4.792222652947563	2.0
2.377978045270215	90.35595487377577	3.455621349779784	0.22988207682782658	3.580563654346372	2.0
5.090458749592599	87.7974208057638	3.093750505867982	0.15116098878324039	3.867208949992355	2.0
5.758337728612769	87.63443866509016	2.63968222776746	0.10610811650640331	3.861433262023204	2.0
9.083655032290656	84.86883367918473	2.5964509242687237	0.1942162541965069	3.2568441100593906	2.0
2.0274372323957244	90.37822290093348	5.6727424233043315	0.0746079398713259	1.8469895034951291	2.0
4.295206102834193	90.8597789153271	3.732629498892352	0.11178393169381336	1.0006015512525317	2.0
0.6377656778159707	90.86456385788554	7.947108056191851	0.07174008160333605	0.4788223265033013	2.0
6.010125997699605	88.640880886172	4.194414473105793	0.13480624438645686	1.0197723986361504	2.0
1.309087158191013	91.50337236485778	6.694326909774979	0.09546710256995272	0.39774646460629104	2.0
1.8745061922956787	86.28173387860905	10.952175191885425	0.1511110245818723	0.7404737126279792	2.0
1.708995007900742	78.53570130047126	18.851438886646164	0.09176657735043725	0.8120982276313943	2.0
1.6095316761920515	79.20807579235841	18.380186543089298	0.08794060965038002	0.7142653787098611	2.0
1.3082661837581948	87.63866316895215	10.290447001537423	0.11835910669570394	0.6442645390565337	2.0
0.8037754998601057	61.771601900901196	36.77834939134029	0.06701408277431876	0.579259125124084	2.0
0.44022537141960827	53.46221301002805	45.52775085584473	0.039655284346223944	0.5301554783613879	2.0
0.9322982982526641	75.25091862353968	23.212311051034973	0.03554976151855226	0.568922265654138	2.0
0.7466430372819315	62.41099416806614	36.270333455588826	0.0678741042104375	0.5041552348526704	2.0
0.7065492871967812	66.81748220811394	31.83158653807718	0.07861522924323393	0.5657667373688636	2.0
0.4474758969512167	38.67130087140325	60.48408750883254	0.026397284593441494	0.37073843821955194	3.0
0.8929780020499812	73.29709782438404	25.26631397914798	0.03714906266877915	0.5064611317492339	2.0
1.2727343198120082	85.20388325655668	13.02953708644129	0.06472637811462348	0.42911895907539377	2.0
0.2738718469549108	50.049442274176556	49.295691488513995	0.017255799614248057	0.3637385907402848	2.0
0.7712741747529412	66.19806720193063	32.680795710881775	0.01465594343624939	0.33520696899843533	2.0
0.4574330489602015	62.67106604630056	36.276001195865	0.015718167227396388	0.5797815416468459	2.0
1.5471060554273448	78.49751028298809	19.374643656491887	0.05650541730983945	0.524234587782848	2.0
1.1127872232731955	69.18879082254978	29.165151671131312	0.04943775168671136	0.4838325313590088	2.0
0.4167163127724696	66.45262473174861	32.58812542446818	0.032400602055828204	0.5101329289549125	2.0
0.42629353853176144	59.69653854096937	39.47550133656908	0.019209033505039837	0.3824575504247684	2.0
0.56566268975466	70.80981880960876	28.284503591715993	0.02291878491062793	0.317096124009963	2.0
0.26807036845982485	57.3305844837256	42.04797979938763	0.011297574552592268	0.34206777387436155	2.0
1.1544359817786545	80.91691273001199	17.237562549049706	0.03818427835753067	0.6529044608021329	2.0
0.65638415624443	86.13495316466594	12.490481686179878	0.028569030108515893	0.6896119628012194	2.0
1.4634526757298545	80.10375837265244	17.48260632501296	0.06181154808721056	0.888371078517538	2.0
0.30641049444987556	49.98027859881958	49.425376864189566	0.014855513974328197	0.27307852856665443	2.0
0.9275136999295313	84.05398604914693	14.172393025263434	0.024458875839081545	0.8216483498210284	2.0
1.7463317557539233	87.50723556349213	9.986496500639658	0.030251560609666883	0.7296846195046098	2.0
0.7557270913958476	74.12271987386141	24.73964131745377	0.010772949381768907	0.37113876790721667	2.0
0.9263238593906866	81.18509867520999	17.38423766428234	0.01718715629852708	0.487152644818456	2.0
0.20273877598057333	40.2946368899684	59.307347991381185	0.0046969983432739405	0.1905793443265573	3.0
0.8695360924464247	81.70663731622327	16.919235523348306	0.011621344488194	0.49296972349381335	2.0
0.6843784993559682	68.01176087746288	30.98890050196094	0.010901168836929586	0.3040589523832896	2.0
1.711640418440006	86.62901268069005	11.198782536410924	0.017973126962766272	0.4425912374962451	2.0
0.5536797788095212	70.52149186421319	28.675962655057845	0.013439571402747291	0.23542613051668504	2.0
0.47106001628272365	65.46595917275637	33.82576751885861	0.011278538644935093	0.22593475345734937	2.0
0.4459955067576947	45.79312264502553	53.445007997035134	0.013664213210007076	0.3022096379716418	3.0
0.45836274705159835	64.09578704603032	35.07909755531337	0.026223683003691756	0.3405289686010312	2.0
0.6608321861214317	65.60743311487279	33.29245982350339	0.03198700779263308	0.40728786770973774	2.0
0.3545070154857961	52.25624458123692	46.93912955629201	0.02658140142778304	0.4235374455574835	2.0
0.25546992268797797	36.66874827309802	62.68245737528251	0.01769758035428858	0.37562684857720413	3.0
1.3920534982429325	80.96318950846062	17.251015680899172	0.02196844269960647	0.3717728696976941	2.0
0.7012940953848636	60.315173137012415	38.54293165728715	0.023906844498153272	0.41669426581740837	2.0
0.16871855481802703	33.81614101751738	65.6560477109712	0.010266247113040434	0.3488264695803342	3.0
0.4810669117860018	62.59186424677132	36.36910201152009	0.017596492669009266	0.5403703372535681	2.0
0.6965006652329969	58.79602686451852	40.10184534245651	0.014491499687277072	0.39113562810472285	2.0
0.49161942988903706	49.741231018528445	49.351643282891274	0.017668027143202314	0.397838241548057	2.0
0.41955320145304037	53.43318910197847	45.842178939535394	0.009700543514900102	0.2953782135182009	2.0
0.35393223442722355	48.02955903130648	51.08250200958281	0.021367770111367843	0.5126389545721236	3.0
1.993991417268498	77.34742849297722	20.029474905573768	0.08223873409995273	0.5468664500805521	2.0
0.18712175717568957	7.396580470495426	92.26324924426169	0.014755894306220783	0.13829263376097728	3.0
0.9099996103984842	34.912495228232196	63.48087847606113	0.12043703620386258	0.5761896491043348	3.0
7.895793972400603	81.66216112284378	7.403837110244585	2.134882222376774	0.9033255721342648	2.0
16.686164095144605	57.56269933152552	1.4318237343471099	21.33669862966071	2.982614209322054	2.0
16.183702650511353	43.02052869615782	0.4821378726525347	38.979260840599785	1.3343699400785118	2.0
9.132062331339418	22.971643610195354	0.03214258849439896	67.1646156606413	0.6995358093295295	4.0
7.846308454705111	9.918845904320166	0.004799679056567592	80.57003369768407	1.6600122642340738	4.0
5.861889591627841	21.512563982206224	0.014065781180961894	71.07765059909687	1.5338300458881033	4.0
7.8139943886425405	6.579218692724306	0.0017371062562138993	82.92919619398961	2.675853618387327	4.0
5.966116081982603	7.912687671241844	0.002326117651430865	82.62287244868736	3.4959976804367714	4.0
2.816331569903597	5.372329977848712	0.002723105869922815	88.58231815345566	3.2262971929220994	4.0
1.2134699348571487	0.9720222930201882	0.0010054591524898647	95.70805542061832	2.1054468923518406	4.0
0.9419851429853651	0.9411085200798147	0.00017637915924520418	89.29448258368227	8.822247374093301	4.0
1.7485789618638232	1.1325210069739906	0.000116061258927608	94.21121194630015	2.907572023603116	4.0
1.122435132971069	0.9566945505506932	0.000164539995127537	94.57839423184407	3.3423115446390197	4.0
0.9356252017458856	0.44633230846641386	0.00032396427283244505	94.59437163012764	4.023346895387216	4.0
0.4595761941356051	0.4733978978995247	0.0004140588941280701	95.46522366115397	3.601388187916764	4.0
0.6825734736490838	0.4640942706049029	0.00011905908300330606	97.4116254844447	1.4415877122183194	4.0
0.475527483795128	0.20116603877813327	0.00018971224449240769	97.10234438690091	2.2207723782813527	4.0
0.22286410274478008	0.10068454698987349	0.00028889640568734317	95.1501672640573	4.525995189802353	4.0
0.8482621064554287	0.4412895908513288	0.00013960727373262815	96.3125325957559	2.3977760996636337	4.0
1.1704545213652213	0.3834413107389694	6.340367312669062e-05	97.87090668836804	0.5751340758546468	4.0
0.9884539120790532	0.44369264288850524	4.319052673499564e-05	97.82295495661886	0.7448552978868478	4.0
0.8123955402658531	0.39317842727184465	0.0001354125000569672	96.93681874994067	1.8574718700215744	4.0
0.13210234775295546	0.2617072150953094	0.0008301621155276153	97.35318275575379	2.2521775192824256	4.0
0.8072131086673586	0.21224143620252653	0.0013029127656457634	94.18874435126362	4.790498191100856	4.0
4.373137391220549	1.3488367593525803	0.0013033851910421758	87.75595747344694	6.520764990788887	4.0
15.27673329150446	3.46485380316941	0.0005511359014800132	65.20052271999283	16.057339049431814	4.0
13.579543284065934	3.206461379968913	0.0024012578488267163	49.62148237682481	33.59011170129153	4.0
15.880840990854988	16.325777775333314	0.0022006880050174913	61.88629021377502	5.904890332031661	4.0
17.940280476444283	12.99616658330034	0.0014795470180298555	53.58724976297277	15.47482363026457	4.0
11.191665580536963	19.015692537083627	0.001872615337018481	65.49429695647538	4.296472310567006	4.0
5.612878940770863	40.20893200914868	0.0032277931161822774	47.453831183691726	6.721130073272552	4.0
7.522950483564986	33.60005163952898	0.004589865378113531	54.858091958129826	4.014316053398104	4.0
7.378712645746699	31.49901061439356	0.0018186932052512822	57.89818515629431	3.2222728903601725	4.0
7.20047428754354	39.479507025636416	0.0018709220968425306	50.837416165599116	2.4807315991240872	4.0
5.342430668979032	29.220080256558656	0.00233748688915079	55.365818691926805	10.06933289564637	4.0
7.748144841022013	31.768824701553505	0.00279984020333223	51.99493979745379	8.485290819767357	4.0
8.683125413811373	20.26010157223712	0.0010285342357227063	61.80150812715605	9.254236352559746	4.0
7.03254049325227	38.155254168925836	0.0037963388979494208	52.07399045174688	2.7344185471770714	4.0
6.650677920417138	22.190486247079555	0.0015019847250851807	64.10571935487283	7.051614492905399	4.0
6.193307416259674	39.33822354548076	0.004180318088483849	51.05054784513434	3.4137408750367464	4.0
11.355709314180624	34.63374197553847	0.0031492370296659256	47.09588785484204	6.911511618409219	4.0
6.491671184657961	40.47112809537117	0.003820251850237658	50.07396175555616	2.959418712564478	4.0
10.722888174034415	46.68833470103079	0.003013549232872943	39.819132651640246	2.7666309240616767	2.0
6.209713840072699	64.15187517836696	0.006024263913547109	28.216210139848553	1.416176577798257	2.0
7.941313514663195	45.40696579660193	0.004463367581508955	44.17431708669518	2.472940234458188	2.0
7.832057077649229	56.25348314836869	0.006391818210858472	32.08930852702303	3.818759428748178	2.0
8.296970327944118	70.68037095281807	0.0072215711344809025	17.822410795410192	3.1930263526931486	2.0
3.2255384033145504	89.47317314716227	0.005895846279815006	6.779778219912691	0.5156143833306572	2.0
7.886520232708946	77.69206537044278	0.04487140883740734	13.418418361887902	0.9581246261229615	2.0
8.406455909177048	70.66226001971818	0.004288544182678429	19.620677264663748	1.3063182622583547	2.0
2.7611192209535327	87.53160765284436	0.01731012645834345	9.016897556783423	0.6730654429603385	2.0
12.909209381456598	64.27175551705794	0.0060034551433852685	16.673726452132506	6.139305194209584	2.0
3.7227429902192197	92.1570986131613	0.013122719160997241	3.592091751845146	0.5149439256133471	2.0
4.254256360801203	89.82706208236525	0.015522774705834123	5.37447158214446	0.5286871999832715	2.0
4.308105384674437	90.50871994006091	0.016745779452930706	4.548901510081955	0.6175273857297742	2.0
17.830701796869715	71.90278393662048	0.015599716271055988	8.662985269282052	1.587929280956707	2.0
5.746375571061881	84.08203805265343	0.01989568282317565	9.258798545310624	0.892892148150894	2.0
