N1	N2	N3	R	W	anotaciones
0.05101359348268738	0.08406208863475577	0.010157461346789009	0.0018478676020790598	99.8529189889337	0.0
0.05905813983686962	0.10227021834976187	0.0322604114715453	0.0017619954406678203	99.80464923490115	0.0
0.058746107511327514	0.09098004562094582	0.03042608201333068	0.0020079623017435727	99.81783980255264	0.0
0.02713391606043627	0.07440499677340147	0.027682022963573215	0.0009265879636011805	99.86985247623899	0.0
0.06117266759694129	0.11391975570609482	0.0198231761017229	0.0014882052148406924	99.8035961953804	0.0
0.0323410080176247	0.07076248475804929	0.01564398365041383	0.000673617217894352	99.88057890635602	0.0
0.07905268861290021	0.23320465159584838	0.026323794281532215	0.0017249910367259148	99.65969387447299	0.0
0.05879930863707701	0.18588516953298034	0.013715554423418005	0.0018197961438095073	99.73978017126271	0.0
0.08946367802471376	0.13124816736708686	0.010072431525488005	0.0015571302218122037	99.76765859286091	0.0
0.08173029203634899	0.186700293433756	0.01812376726946179	0.0008721980918744241	99.71257344916854	0.0
0.0681566892675624	0.1496177582559896	0.010949254757032624	0.0009909013710163287	99.77028539634838	0.0
0.07103271655062456	0.14415682443749506	0.010708118613731124	0.0006470693674567435	99.77345527103068	0.0
0.11726216306912167	0.10002866969968788	0.0186333105268157	0.0005039969108123291	99.76357185979356	0.0
0.08909653539184083	0.13246710559055355	0.004215436867459476	0.0007067213863949735	99.77351420076376	0.0
0.08970759765045389	0.07991718774136285	0.006584334483653185	0.000737750316065001	99.82305312980849	0.0
0.054317650298253015	0.07164901447204251	0.0036107908271339985	0.0006718213812581843	99.86975072302131	0.0
0.05245778191235491	0.06871256345710178	0.0033123243060406305	0.0006205737231492743	99.87489675660134	0.0
0.03699780098602322	0.09307988685104772	0.00832960216643177	0.0006208671299603463	99.86097184286655	0.0
0.04884176123394685	0.1470227434369328	0.01734685363601886	0.0006714270154965172	99.78611721467759	0.0
0.048387247927479324	0.20125939340194487	0.021906954222765358	0.0007989966098951258	99.72764740783792	0.0
0.04244231246548932	0.07391203607635267	0.02908489962203081	0.0005584903116588127	99.85400226152447	0.0
0.011042970034321174	0.03518525525711365	0.023236936900292663	0.00025176174890710287	99.93028307605935	0.0
0.007243840338963754	0.018311591051206184	0.0015352666155422062	0.00012097272592983597	99.97278832926835	0.0
0.061110379474041854	0.14632882500157907	0.020814116259053227	0.00048725963655014276	99.77125941962879	0.0
0.030415358746019056	0.11117934304991191	0.01936919141726565	0.00037911152691810486	99.8386569952599	0.0
0.024375022119477188	0.04846396512139722	0.00464958502797544	0.00022180589132873542	99.92228962183981	0.0
0.029075923602564908	0.08283278015613907	0.005356895202683079	0.00025539913024996523	99.88247900190837	0.0
0.0105755164027788	0.027654433963802537	0.005792681503950637	8.154315865473684e-05	99.95589582497082	0.0
0.007283061341983217	0.029352718041891143	0.007450782479204616	8.130288751492696e-05	99.9558321352494	0.0
0.011584340682637294	0.03026864121698965	0.07975193053111561	0.00012473168893767156	99.87827035588032	0.0
0.005417922211785481	0.03269690229397261	0.007231397382840899	5.486513719827834e-05	99.95459891297422	0.0
0.006342715574211173	0.0379429998508607	0.01622586676423166	7.285776967036405e-05	99.93941556004103	0.0
0.006897537869280812	0.03599354577375	0.004166447351682204	6.0623751944284e-05	99.95288184525333	0.0
0.012549279493241895	0.0349740683443914	0.0169524076430833	8.441027733222477e-05	99.93543983424195	0.0
0.008616728710181546	0.021368843376212986	0.009183827389863664	4.573320865653842e-05	99.96078486731508	0.0
0.01259925729608573	0.036643692126457704	0.030760182086696366	8.313430975956553e-05	99.91991373418101	0.0
0.0041087394744509075	0.01764862359503695	0.0018817214101141007	3.401583452531702e-05	99.97632689968586	0.0
0.005633477101809521	0.028148192976154948	0.005021853339351626	4.75266517450622e-05	99.96114894993093	0.0
0.007460146629183431	0.023223674347123437	0.012569097295823563	6.699424865873868e-05	99.95668008747921	0.0
0.0022496874190353904	0.012479209358196765	0.007541435025715815	5.717568452766491e-05	99.97767249251251	0.0
0.0037453009385238485	0.01040161333668772	0.007904713524716367	4.301059681773695e-05	99.97790536160326	0.0
0.01319244720002693	0.03918339528953641	0.007184515038951986	0.00013971799509164133	99.94029992447638	0.0
0.03416610568481966	0.0672450102754047	0.005515783234008755	0.0002315237542215218	99.89284157705154	0.0
0.011306895230086853	0.037977791876199866	0.0037219371213524657	0.00013322283748688288	99.94686015293487	0.0
0.019939042957641418	0.0408205551732427	0.008807728028334062	0.00016797836915604934	99.93026469547162	0.0
0.07971785586926292	0.10754968070860935	0.009262860023431775	0.00043590236309083594	99.8030337010356	0.0
0.015614878043187104	0.0327834157129971	0.004870063256720344	0.00019221489511807196	99.94653942809198	0.0
0.015756286501179773	0.02949268201475304	0.0034539532304752227	0.00020026040925363232	99.95109681784433	0.0
0.0056638054919782715	0.026654384663019774	0.004431540390752501	0.00013854557540585646	99.96311172387885	0.0
0.010418467752744295	0.033854736208619195	0.006586919412987162	0.00018032556504504453	99.9489595510606	0.0
0.004559537727971999	0.022634287542678547	0.003795038018523876	0.00010567374582187667	99.96890546296501	0.0
0.018559499000152364	0.0626909691655828	0.004893730751938555	0.00017733030379386518	99.91367847077854	0.0
0.006603588278721806	0.031715130405511695	0.02496344846988036	9.948202379788874e-05	99.93661835082209	0.0
0.012856342526819397	0.029971659558672193	0.0049627886068182	0.00012078438273681952	99.95208842492495	0.0
0.011845844546415154	0.023429842089778358	0.0017429742364646608	8.336793625282e-05	99.96289797119108	0.0
0.037837351930943126	0.05066041159710944	0.003039516484309633	0.00011692073902117836	99.90834579924862	0.0
0.017043622476651654	0.030858321976805814	0.002467103584001371	7.406368670883879e-05	99.94955688827585	0.0
0.010887561972384278	0.03598994530709698	0.0031060239830790898	8.334002575095962e-05	99.94993312871169	0.0
0.024909306682299487	0.05986463818313414	0.00455241872519365	0.0002168791203550238	99.91045675728903	0.0
0.010211884962144905	0.034342013381884834	0.010920210742378342	8.830514605844942e-05	99.94443758576755	0.0
0.020694703050985055	0.06605680814198504	0.07674663038348295	0.00017462967226668154	99.83632722875129	0.0
0.015628053010625528	0.04255875386022014	0.005387030755565909	0.0001731444658937464	99.93625301790769	0.0
0.010706018942397881	0.03925884138271288	0.016646740186466166	6.773750828921629e-05	99.93332066198013	0.0
0.009216521468692887	0.03355697059825517	0.016320070748250346	5.331970710489474e-05	99.94085311747769	0.0
0.01584647681795274	0.058331320405278865	0.009392008576427406	7.111498710353084e-05	99.91635907921324	0.0
0.013208479915850708	0.05901557809721987	0.00853423646589236	9.647389149119565e-05	99.91914523162954	0.0
0.028834782370442427	0.10844478706021166	0.07366269558627221	0.0001235307149921099	99.78893420426807	0.0
0.005702576950723507	0.02766452578191663	0.012668108967406772	3.314517835679324e-05	99.95393164312159	0.0
0.022610563768180946	0.05741314126336207	0.03369191286128689	7.449462016916935e-05	99.886209887487	0.0
0.07828019226369172	0.21011843165894203	0.029636848930829324	0.0003173957748925496	99.68164713137165	0.0
0.03269749126741987	0.06026250983020989	0.014921174014878547	0.00010049377491057012	99.89201833111258	0.0
0.07961793573517208	0.1248526444886009	0.010061880626176722	0.0006532880419589955	99.7848142511081	0.0
0.055654782790916214	0.26642106846620905	0.02611394887371662	0.0004223091616555564	99.6513878907075	0.0
0.042491244388133634	0.09887141722161855	0.004518973575733164	0.00024256647370452065	99.8538757983408	0.0
0.07307243009840228	0.232369948451036	0.034569645297477705	0.0010819164994634992	99.65890605965362	0.0
1.6277435155530084	1.4285679559403295	0.027508916493532647	0.003041810885149648	96.91313780112797	0.0
0.05450167863285143	0.11902689111781392	0.015592299262434444	0.0006306113488544632	99.81024851963805	0.0
0.7221118960441527	1.3983146332926668	0.07039559539101205	0.0036828811866269993	97.80549499408555	0.0
3.071233002119899	3.2613550499810984	0.07338037767346961	0.006376434714386245	93.58765513551116	0.0
0.22696630473884616	0.21581192089343226	0.008862390208450779	0.000580191665641629	99.54777919249362	0.0
0.09054784157800004	0.11702656619424928	0.01115975103800236	0.0003846998731572482	99.78088114131658	0.0
0.08250252498848001	0.09812580431050953	0.010864415645624383	0.0005068822865528941	99.80800037276883	0.0
0.03440395521761137	0.050133464835747876	0.011089683832627949	0.0003817845501470586	99.90399111156387	0.0
0.049141887679407914	0.12792252117922875	0.012844673423976457	0.0003690482692373288	99.80972186944814	0.0
0.03753140899514553	0.14317584459407087	0.045046423127856526	0.0002580106134921907	99.77398831266943	0.0
0.022369931700257806	0.06663624399181847	0.005433268052281329	0.00017360301635873645	99.90538695323929	0.0
0.043758209613086047	0.10870728248065774	0.02863630872865314	0.00031314877496258723	99.81858505040265	0.0
0.04384230543125408	0.13287512654892636	0.007991941250951148	0.00037249404547374116	99.81491813272339	0.0
0.021443768662786373	0.04119801169644827	0.0031326151855191006	0.0001989481931483174	99.93402665626209	0.0
0.0159002091748395	0.028639703597527228	0.01050290140805203	0.00040152540476365935	99.9445556604148	0.0
0.014744855386240324	0.047402421617112354	0.04675649679942294	0.00025589187199478937	99.89084033432523	0.0
0.04987776862751642	0.20382226066420378	0.12701459263831663	0.00054523999957876	99.6187401380704	0.0
0.06684367769970329	0.10980507416012979	0.024672281334714895	0.0011861206699070512	99.79749284613555	0.0
0.05135946831858828	0.08047948128472844	0.0067341467719783075	0.000673739229844215	99.86075316439485	0.0
0.05241740428585321	0.09876600049031013	0.0035795704864632636	0.0005544587505839044	99.84468256598679	0.0
0.012635663207877524	0.031562468844115225	0.005862355525657624	0.00014904786966518925	99.94979046455268	0.0
0.015634353103680134	0.03833442166275196	0.00558199219013488	0.00022171752834679502	99.94022751551508	0.0
0.01981498231708348	0.04965495015762131	0.002870186488276321	0.00027484858270001666	99.92738503245432	0.0
0.018279369644948907	0.06841341224293503	0.013474814490974525	0.00018999893769859724	99.89964240468343	0.0
0.048466344802533645	0.13077060892416165	0.009792271227635768	0.00040684262239664906	99.81056393242328	0.0
0.011974100957034588	0.05235096696710651	0.0186923330956534	0.00013377441361839504	99.9168488245666	0.0
0.016659751137232563	0.06271226494061602	0.0059292695667153145	0.00015332490191802414	99.91454538945351	0.0
0.013101254184075983	0.04000415080239379	0.02792647629746642	9.822793763738954e-05	99.91886989077842	0.0
0.022008479316293284	0.05834634449326961	0.023588139553154884	0.00023555610729685003	99.89582148052997	0.0
0.013925902102081378	0.03980945075291209	0.027223668989337542	0.00014503158014254826	99.91889594657553	0.0
0.007781578857924849	0.03009133044269493	0.01277963688716664	8.87241767856181e-05	99.94925872963543	0.0
0.011201242439743594	0.03748287041585485	0.01903273340562037	0.00017491369709762207	99.93210824004167	0.0
0.04636843822282743	0.08977951833160538	0.034749725721671884	0.0004908726188738798	99.82861144510501	0.0
0.019899545769447764	0.040688358223508914	0.009608279600006656	0.0002330925944577938	99.92957072381257	0.0
0.04035784354991991	0.09282015454955608	0.03310925227688536	0.0004007442529303749	99.83331200537071	0.0
0.07035716919665938	0.12330437342707504	0.01957193402876124	0.00054824790491777	99.78621827544258	0.0
0.03357737849023163	0.0668049830507329	0.02415694846843711	0.0003561454078713737	99.87510454458273	0.0
0.02363898820137626	0.06687694100203552	0.02561314588102702	0.00030782437517893	99.88356310054039	0.0
0.030477460792369133	0.12394188913048705	0.015421428061351657	0.0006820119425540679	99.82947721007324	0.0
0.023926534181368322	0.06329270621871196	0.04467865918411147	0.0004647921228074205	99.86763730829298	0.0
0.00954636355506857	0.07170857175383573	0.1253702743633624	0.0003740090012556083	99.79300078132647	0.0
0.034049523757942284	0.13842066802722736	0.1286571205393638	0.0011841932435219125	99.69768849443196	0.0
0.07425315863864852	0.19120888771667324	0.3630711090377976	0.0016673745343037155	99.36979947007258	0.0
0.17922687585229322	0.22916466913143876	0.12588086469880777	0.0020398997028144394	99.46368769061465	0.0
0.03889899898341629	0.1301968422636301	0.0339396205319329	0.001214908144656176	99.79574963007636	0.0
0.08309724042698975	0.2102803918749696	0.18993894615019813	0.0030453962654805188	99.51363802528236	0.0
0.1078497879453742	0.19997564697739528	0.21484783496612322	0.003023666853991868	99.47430306325711	0.0
0.11436082160270278	0.21860103928376975	0.40814693948549463	0.001820956873391645	99.25707024275464	0.0
0.07117980844870171	0.1532919501974162	0.20328498831700617	0.0017957473376516884	99.57044750569924	0.0
0.08274219571521933	0.16849512148201573	0.2781967862990208	0.0017888493803851493	99.46877704712335	0.0
0.11131102826300966	0.17489704965141278	0.2572218511735971	0.0015285556468159218	99.45504151526517	0.0
0.10926176501863813	0.2824129619168355	0.4227466231295715	0.003037091541620375	99.18254155839334	0.0
0.10393018601280021	0.6245020426625505	0.05151740665401686	0.0060364702406425505	99.21401389443	0.0
0.2869989874551301	0.3400573248085049	0.2139242300148247	0.002809236550874059	99.15621022117067	0.0
0.17891144365877082	0.3479831701228052	0.07138299597431347	0.003478727104712896	99.3982436631394	0.0
0.29880943678085037	0.4408056371981646	0.22039925194792895	0.007277715234302605	99.03270795883876	0.0
0.9464825851738374	0.8679906749194027	1.8065712067617152	0.016451699540958386	96.36250383360408	0.0
1.9754113457508542	11.657015112685118	0.06519417651665338	0.267801050947258	86.03457831410012	0.0
0.1712739064248982	0.8927504149529354	0.4942886467092601	0.07774639304235205	98.36394063887056	0.0
0.6232678713026261	1.1055260007146577	0.02849390632839925	0.055262648450093155	98.1874495732042	0.0
3.366648479342675	2.9660603906910508	0.028021261087955513	0.2848887722811041	93.35438109659722	0.0
5.4610867518622825	1.4441372226744196	0.008728094005143867	0.24205768777772813	92.84399024368042	0.0
1.5224455812258277	1.4434083908522573	0.003454113552310673	0.2084180322655032	96.8222738821041	0.0
2.157385972101199	0.6203257316862266	0.002985977198675082	0.1354709298741083	97.08383138913979	0.0
2.691105411841624	0.4608351312086951	0.0006290821687475376	0.2538055424130392	96.59362483236788	0.0
1.0392020542052391	0.42280279895365347	0.0017010430941141836	0.1223126922241235	98.41398141152288	0.0
0.9898446594770332	0.46766335144125165	0.002771070173337739	0.04965481373335263	98.49006610517503	0.0
0.7233573721986193	0.12836994608324614	0.0010698572659830255	0.01799388362347791	99.12920894082868	0.0
4.2929327013907335	0.5063025063795832	0.0022556960992187705	0.02389910594331061	95.17460999018716	0.0
8.879508343070901	0.5097477996590877	0.0038872575784848094	0.020260102208277772	90.58659649748326	0.0
13.442507002443469	0.5289636556000684	0.0006554053322101969	0.024142423869090542	86.00373151275515	0.0
10.505079842162798	7.251477431284563	0.11967670675797579	0.07768523677637477	82.0460807830183	0.0
3.540281970611713	1.0318495205119829	0.015336824992102725	0.06237305861243994	95.35015862527175	0.0
4.766698083244545	1.341159571798582	0.004782838717662112	0.03561186853651358	93.8517476377027	0.0
1.351826652166694	0.44409665393544895	0.0028977984976987234	0.02988565012502353	98.17129324527515	0.0
3.7768952138963847	0.4091360174723602	0.000798420293910794	0.017999502487111723	95.79517084585024	0.0
2.101569681876277	0.23439917464247412	0.0016455994400380247	0.006821361432800565	97.6555641826084	0.0
5.215745280848965	0.6105466192090987	0.002938352561855533	0.00617091627370649	94.16459883110637	0.0
12.476952600493892	1.3992131716152436	0.0023438343911539616	0.008757729347769633	86.11273266415193	0.0
3.7683242607665486	0.44812172527017485	0.0020608051796971224	0.006807692209756801	95.77468551657383	0.0
14.191381275850231	1.4467657954270685	0.0012712449384204624	0.010368224786552882	84.35021345899773	0.0
16.834286741236014	1.864675901303981	0.006817701323049616	0.01567810084886194	81.2785415552881	0.0
38.707315309378956	2.9500765004155793	0.012787424407810775	0.015867517702681348	58.31395324809496	0.0
11.704829756844626	2.129899233408844	0.0054235438425345875	0.01656107907675889	86.14328638682724	0.0
16.691684685935908	2.202456884814728	0.00978380426508986	0.02605580205246883	81.0700188229318	0.0
30.22889899008226	4.876192099273124	0.006816345085616383	0.034755531403696784	64.85333703415532	0.0
72.41792248318716	10.139616539688491	0.007848533024149307	0.05410228696200187	17.3805101571382	1.0
34.95845691881194	38.00415968740647	0.08987005686273852	0.07810427997533399	26.869409056943518	2.0
45.70431105265005	11.98310082138276	0.033001569359284576	0.07191031591232001	42.20767624069559	1.0
46.352674453347326	13.322050080296627	0.03043246435134581	0.059693018426274905	40.23514998357842	1.0
7.010283467341861	12.984344461883424	1.012959792090448	0.062287997411764856	78.93012428127251	0.0
4.826823238123217	8.124655159178518	2.6076133093874376	0.1201403022378322	84.32076799107298	0.0
0.9588253463073064	0.7741633211181421	0.008205619165046907	0.08461931403916802	98.17418639937033	0.0
6.638252153376535	1.5843512279548146	0.008538480317361163	0.1976630776998172	91.57119506065148	0.0
5.499063396622291	0.6362549921458174	0.0030120066400257895	0.41694831633555657	93.4447212882563	0.0
48.210109699192365	3.1981849629071344	0.01971734564180767	0.2427631561962484	48.329224836062444	0.0
53.917448049231176	8.677728314840593	0.026794745256775918	0.2419590876911596	37.13606980298029	1.0
29.85318086198924	10.18933969738384	0.02981199695033239	0.24996004606492797	59.677707397611655	0.0
24.14323656451073	64.14017839222356	0.44265627281729925	0.12328179901807844	11.150646971430321	2.0
36.01865313175977	47.19265374953412	0.1563170869889715	0.0708820315979585	16.561494000119183	2.0
6.990617443773626	81.97542596528527	7.920831327530128	0.0521902981530901	3.0609349652578928	2.0
11.721971512367746	83.37401287544742	0.7365722180470594	0.028802767193469424	4.138640626944305	2.0
5.387996306604146	90.7097099889601	1.8626003303988836	0.013168040438937375	2.026525333597931	2.0
4.34948773135795	75.08491899656748	19.044583683756798	0.013656661763819482	1.5073529265539491	2.0
2.002361068869699	72.68367885584513	23.8155476443424	0.012188960015624023	1.4862234709271576	2.0
3.7346154843148724	93.73555301994209	0.9883198302550515	0.010225100392300556	1.5312865650956908	2.0
3.5811527202139484	85.5285549848989	9.739004304810384	0.009641559373707245	1.1416464307030452	2.0
2.9021190302451805	84.517671527514	11.547275767792216	0.009531799686565989	1.0234018747620477	2.0
0.8529854881724801	79.74989237478944	18.74565418811445	0.0059817400184727105	0.6454862089051435	2.0
1.9483460469778942	93.45250640318511	3.4339165109006897	0.00715269263655373	1.1580783462997413	2.0
1.6782242190232297	94.87142098034802	2.546014188400199	0.00793839560290283	0.8964022166256542	2.0
0.9182927368532144	70.48058196807807	28.133062383190442	0.007314873017516062	0.4607480388607612	2.0
1.717055796725368	95.50298776132828	2.0481263810067145	0.017367864624434917	0.7144621963151904	2.0
0.338543923054264	34.15933247110265	65.01763205541332	0.008200301680981122	0.476291248748803	3.0
3.608919606589324	93.03183657072178	0.7836143048943774	0.015615411362450274	2.56001410643206	2.0
0.5384880656157724	87.02132642887348	11.627154272927438	0.0057137094437781175	0.8073175231395375	2.0
0.9270340102562552	75.94924220307864	22.506567860663036	0.006112294685651995	0.6110436313164206	2.0
1.3568242049325936	93.72101285714747	4.193511381493796	0.010107350171258644	0.7185442062548805	2.0
0.6923897825973827	81.7683400073027	16.993374580433432	0.009299336469111769	0.5365962931973656	2.0
0.43730965176364056	36.84312206045767	61.76146242184474	0.013143015625131352	0.9449628503088362	3.0
2.1878826863406307	94.81654491939261	2.4112552296759278	0.032313338387189326	0.5520038262036582	2.0
0.34700454840379497	50.233745598922965	48.847122509567	0.015575768153916163	0.5565515749523184	2.0
1.056058463488974	48.390167158625445	49.29970966868601	0.05191889099954383	1.2021458182000189	3.0
8.847838498032493	86.67073574733897	0.4701529330883568	0.554570769736736	3.4567020518034473	2.0
4.199576638157495	92.39406552266797	2.2532920822189895	0.4430177892821867	0.7100479676733629	2.0
0.78274236350901	60.077249742515285	38.62215162503494	0.20993151311963107	0.3079247558211556	2.0
0.4410410147591564	74.05320374776537	25.132099816313445	0.21648697696142863	0.15716844420060927	2.0
0.5759382117597721	85.70007595708306	13.082850931291965	0.3098087697633617	0.3313261301018527	2.0
0.13218644115927813	60.91245648952154	38.56158169821043	0.13471390293171312	0.2590614681770281	2.0
0.1462940849352502	48.58600494070806	50.92702434503376	0.15914116918797114	0.18153546013497388	3.0
0.2649355923966914	80.72591837754123	18.59941800995807	0.15239116790479798	0.25733685219920466	2.0
0.15365664039436944	86.23726673498793	13.183356332286994	0.13031636180702239	0.2954039305236798	2.0
0.0979608209009125	80.56530569499623	19.118355665582506	0.05850609106689408	0.1598717274534572	2.0
0.01691311608183533	5.5552682699696145	94.37273575408662	0.014980282285089953	0.040102577576827766	3.0
0.04205416231952555	11.905859461202493	87.91986475330992	0.019734734551298053	0.11248688861676649	3.0
0.00900725517940593	2.3821131080559055	97.57796437769287	0.0040845839604535935	0.026830675111383383	3.0
0.01106992500056491	2.038385189911614	97.88917385428662	0.003153007367033494	0.05821802343417997	3.0
0.04143821647035266	4.628353066565747	95.20050581650203	0.021101544739787443	0.10860135572208264	3.0
0.012558933454177575	1.7890628162301465	98.14778252992822	0.009317942898793721	0.041277777488664305	3.0
0.04388995451832656	5.606812771417583	94.25424617542416	0.03143995261394191	0.06361114602597143	3.0
0.02403690226623737	2.8523410035797694	96.94513882129787	0.019540771837146458	0.1589425010189657	3.0
0.0987449529648845	10.346153608825405	89.2580791950217	0.020433403276885833	0.2765888399111334	3.0
0.18920235481410783	53.237693209274454	46.290215419722415	0.05786865778984251	0.22502035839919274	2.0
0.11111271996981684	13.690456946491963	85.887370097777	0.05077217606128148	0.26028805969993474	3.0
0.5128139153625081	76.29578314196618	21.966349272823884	0.246297761768018	0.9787559080794027	2.0
0.4815066092924154	90.78509103054871	7.828009228074194	0.5181696387207626	0.3872234933639159	2.0
0.07094210640654872	13.657128294460517	86.02311989824713	0.12475871929974215	0.1240509815860749	3.0
0.08812490569480279	14.603195823466091	84.67180242120007	0.040360042883516765	0.5965168067555434	3.0
0.6887557972068876	60.512123402380944	37.48177326749259	0.1065666608390558	1.2107808720805227	2.0
1.436506265527794	91.85443678300214	4.441493472828446	0.22445295242620408	2.043110526215435	2.0
0.9761553288947211	84.59393025330033	13.693693277842419	0.0909742233171526	0.6452469166453907	2.0
0.5933638835557656	71.04772976184812	27.997510329985616	0.0755493536052854	0.2858466710052313	2.0
0.16486424670043845	29.20076243095769	70.29646012001932	0.02635586654229132	0.31155733578025313	3.0
0.6567062956332579	96.1515630818764	2.753887281379939	0.08375075685803793	0.3540925842523525	2.0
0.7544764733048639	74.47249888280551	23.858915103277198	0.06531574828539843	0.8487937923270316	2.0
0.8080074090995762	89.25332594142793	9.386822245404941	0.08568415721868944	0.4661602468488684	2.0
1.0606293246250196	77.9600325354382	20.454362230647064	0.0741195930122113	0.4508563162775086	2.0
0.3304296530237462	64.3247450999335	34.92373644359187	0.06391234994057296	0.35717645351032223	2.0
0.5249107059959075	87.52825127048737	11.538861621585742	0.0621452480459737	0.34583115388500435	2.0
0.5626489824024287	45.40533094341626	52.638681604522766	0.13194525960873932	1.2613932100498177	3.0
0.3909391100401975	45.46375882824809	53.776165260853126	0.04617547547461806	0.32296132538397443	3.0
0.7494256765469552	87.03723663852065	11.736155046799901	0.07276116816002572	0.4044214699724701	2.0
0.5594470648334433	81.01382276753893	17.67125985581771	0.044644953349967764	0.7108253584599502	2.0
0.23257225984191346	49.28603044946356	50.144676286331034	0.04449568600514928	0.2922253183583517	3.0
0.25147073995335073	81.61967436423568	17.802302161114543	0.10801136209867901	0.21854137259775638	2.0
0.05866783085161106	14.907178961324115	84.85121626921132	0.039049452569996736	0.1438874860429584	3.0
0.027996461156724613	8.659384437139336	91.14486934739476	0.009531848218500439	0.1582179060906815	3.0
0.8228478091019089	64.76640142392027	33.14286632074365	0.16153775237173254	1.1063466938624316	2.0
0.2705758583499644	54.476113810692695	44.795380706899245	0.024245315738919165	0.4336843083191608	2.0
0.07664978987530914	12.382485156151759	87.41590716004602	0.017949199922628955	0.10700869400429268	3.0
0.14990829986993587	14.35213391634908	84.74418524779747	0.023797409839153766	0.7299751261443699	3.0
0.22997703742373066	45.392202083733196	54.13169495702069	0.019684236751915624	0.22644168507046347	3.0
0.6031112127228266	65.1436699314569	33.56938819926964	0.2067252387698977	0.47710541778072935	2.0
0.6271727892063736	53.41535229137316	45.09630086037541	0.09026701161345056	0.770907047431593	2.0
0.3700854995812768	70.30670949314081	28.657921880937963	0.34704257161625096	0.3182405547236974	2.0
0.07921173159164012	23.61487137131617	76.0489574006265	0.09288869614105129	0.16407080032461593	3.0
0.03258689223582785	6.535511770141672	93.26792897263557	0.07839753770443621	0.08557482728250633	3.0
0.06196981780625156	6.9405938111629775	92.01881729542404	0.037120702904590956	0.9414983727021344	3.0
0.25585743718910786	18.60803609735061	80.06465820276965	0.06658067513686301	1.0048675875537778	3.0
1.8091513177499685	77.71523759584838	18.88632191899238	0.21482465418626648	1.374464513223016	2.0
1.531555486365484	64.24405298542099	32.95019246758934	0.09200754638739726	1.1821915142367845	2.0
0.954267351015018	85.98503861762245	12.454172766326126	0.06469135915951382	0.5418299058769013	2.0
0.38974218454815746	66.59255669894478	32.591127069792336	0.05464424237188675	0.3719298043428428	2.0
1.3367945657057922	92.64379444033696	4.687405683739212	0.2322031276795019	1.0998021825385371	2.0
0.4881687263898425	53.04649130046602	45.83604292791901	0.07009982574505741	0.559197219480057	2.0
0.6294365267698541	88.99478474858785	9.944677994552954	0.10570695612191856	0.3253937739674327	2.0
1.1056540950750227	59.58167372582794	38.38630157698189	0.11746962383184813	0.8089009782832834	2.0
1.802123555107194	90.5669709297294	6.496757413130393	0.16865523553597642	0.9654928664970527	2.0
1.3594783449989418	88.11996162267508	8.901586089914124	0.14424053429278935	1.4747334081190635	2.0
0.6882401938151682	64.71715715497513	33.99493467734968	0.19291628529015564	0.4067516885698755	2.0
0.7725863579361241	53.79299219542061	44.634376972653385	0.3995050421987331	0.40053943179115287	2.0
2.1502704406588125	80.51651875146969	13.489843095016795	0.8442711498147784	2.9990965630399375	2.0
4.208218267023982	90.03036299703078	1.7529914404138636	2.0682418528168807	1.9401854427144798	2.0
1.8532020870029402	84.55094436338935	9.116916898784355	2.1034782312758673	2.3754584195474773	2.0
3.3367816245102717	90.6353403584618	4.5139649665907635	0.554672903203379	0.9592401472337947	2.0
1.7598182770114088	89.59925926945043	7.768612635730909	0.2836463292900365	0.5886634885172413	2.0
1.1271421532294978	78.04610291021534	19.989362765015713	0.15188230903839914	0.6855098625010534	2.0
1.2417705622046342	93.26993662525513	4.769019815969989	0.18879560430309913	0.5304773922671694	2.0
0.35005100180319604	40.32432250968852	58.4388899695944	0.03300903010078701	0.8537274888131031	3.0
0.6182836763653587	82.84945020198383	16.01888376403411	0.05587957646529248	0.4575027811513992	2.0
0.15396852689076326	35.29602647572981	63.9286981230764	0.028838350802492006	0.5924685235005457	3.0
0.4807024966083453	63.536163338016806	34.92006636402107	0.11171484628695004	0.9513529550668353	2.0
0.7673784104160525	91.1566341927308	6.470784133032034	1.0626013485365677	0.5426019152845417	2.0
0.1253842373058112	45.38354584038568	53.98430562555856	0.1938792458234271	0.31288505092652374	3.0
0.15906154529381467	22.824506277325945	76.36780040337105	0.2017812293179995	0.4468505446911689	3.0
0.3080966280593395	25.51445708478089	72.60343264926135	0.21731829148506987	1.3566953464133436	3.0
4.452018206496128	83.05977970250088	3.152898737804647	0.21728532082897267	9.118018032369363	2.0
2.705634160336148	90.97855946123144	4.291336379154109	0.3543722098168793	1.6700977894614173	2.0
2.6612247086148857	75.19591585403603	20.716744842109485	0.41977473136866034	1.0063398638709355	2.0
0.6802596266998427	37.881077141247424	60.70148279117509	0.2486602342323148	0.4885202066453081	3.0
1.8872208333386753	93.75242391762224	3.414485924492631	0.3889465170117148	0.5569228075347525	2.0
1.4151479256285846	63.73897834484767	32.645344164787176	0.3758781285841295	1.8246514361524409	2.0
0.4344036934953559	57.56559007418902	40.82604095343644	0.1126243175066771	1.0613409613725036	2.0
2.9379560012035046	88.86187454289946	6.453772480905319	0.1667667457834691	1.5796302292082514	2.0
0.8211422962528787	43.01868747178461	55.29864592867255	0.09783056956253267	0.7636937337274096	3.0
1.5841837758048631	89.58239716895051	8.084660999429744	0.16746637111348892	0.5812916847014096	2.0
1.022246226044599	80.32292591246696	17.96629150306281	0.13580044508360595	0.5527359133420202	2.0
0.6202583242149646	69.79611321136127	29.21833696208757	0.16121376561657672	0.2040777367195999	2.0
0.1513394395705697	24.575750604820996	75.01055250966327	0.08878566406307703	0.1735717818821004	3.0
0.33553624405116844	79.97991266597029	19.166795164338186	0.196440830927434	0.3213150947129284	2.0
0.0981537622668288	15.222581218597494	84.28809330943842	0.2557632565304574	0.1354084531667863	3.0
0.4880861385242836	70.0197771317343	28.068831453075394	0.6888152023110706	0.7344900743549482	2.0
0.8112085270890875	91.099200869033	6.059423836993281	1.2719518347097631	0.7582149321748654	2.0
0.11494423687418254	16.372350025962458	81.61927477000567	1.710580540109029	0.18285042704866586	3.0
0.2890951590064119	68.51980870623557	29.010808310106505	1.8798741544022866	0.30041367024923893	2.0
0.09151660814923655	17.555611405905243	80.06707859415181	2.113517753814949	0.17227563797876536	3.0
0.4318948244588519	21.065821123990112	43.77505359226248	33.00970519730107	1.7175252619874837	3.0
0.46413760171875146	26.682768595351693	3.7699788348841268	68.07198874686182	1.0111262211836087	4.0
1.1140033493141612	26.815443820727747	0.7827892997539995	70.92155108514524	0.366212445058846	4.0
7.593747022857553	22.975086035049653	0.2165018587817527	13.465898480896692	55.748766602414356	0.0
8.205659328499419	20.42676391805028	0.019890521498442844	69.48993385782506	1.8577523741267865	4.0
22.852560157952915	40.45812733469951	0.1463521483377013	32.60216986464407	3.940790494365809	2.0
19.695676300989742	60.870004185255254	0.348675251567866	5.729185894774159	13.356458367412985	2.0
3.361240205496876	38.97843518843032	1.0836666476828607	55.04124410749054	1.5354138508994069	4.0
0.46391039220260627	7.436293617720619	0.5738972642058814	91.36306107810191	0.1628376477689901	4.0
7.599683744864946	23.927592159933994	0.15291389371023767	66.33379597696309	1.9860142245277157	4.0
4.092440896900071	26.816064844127617	0.080236272274482	68.20078296371238	0.8104750229854419	4.0
0.3920345476841891	6.217780940506917	0.168225183724589	92.99100995722964	0.23094937085466788	4.0
0.4741219901111025	9.997558467170894	3.6475113386452067	85.40113543807824	0.4796727659945435	4.0
0.4790636222509464	8.079668823396428	0.1470762443241041	91.00929531664063	0.28489599338789406	4.0
0.5296011733089392	3.587743424520643	0.0504497006754945	95.46254847142048	0.36965723007445384	4.0
0.2777530976953632	3.010459530663432	0.08189780461674719	96.51290457364489	0.11698499337957123	4.0
0.8716669948886311	2.6902052185764473	0.004963070774877965	96.32077681435459	0.11238790140547822	4.0
0.21360091830265587	1.5544465720322773	0.05451495317055445	98.14215649647545	0.03528106001907592	4.0
0.1586040545277837	0.9633990129414649	0.021295393234428948	98.80917149112855	0.04753004816776368	4.0
2.6205267225029916	3.0739306211220714	0.027866238311529318	89.11163283159614	5.166043586467264	4.0
0.21946417757098338	0.9329057385555274	0.012640562663317192	98.79770200005176	0.037287521158409116	4.0
0.11943104104047766	0.5899495559832607	0.32298990066215477	98.76462570008994	0.2030038022241814	4.0
0.09690415931757831	0.783507349197301	0.11737008059388397	98.91914221363307	0.08307619725817146	4.0
1.0940049014723956	2.5884875984707074	0.007967918184661528	94.81619250770035	1.4933470741718975	4.0
0.29158157786244665	2.9655404670167718	0.0302105209023672	96.64138600429018	0.07128142992821528	4.0
0.9738792202376386	2.5204099048881106	0.015306185207788887	96.22121410616928	0.26919058349717834	4.0
0.11336361839709337	0.472096876616721	0.05145472214649491	99.24135092793337	0.12173385490632815	4.0
0.06548155285014344	0.47756109940137936	0.7595733680347944	98.43118894778941	0.2661950319242701	4.0
0.3069070252139256	1.386223122443995	0.38171506363361224	96.47062361915447	1.4545311695540095	4.0
7.225578115178095	12.985435619703237	0.003645011609903614	78.34079946151266	1.4445417919961117	4.0
4.549306264246151	4.114040218229014	0.012136208186575128	90.55951328695528	0.7650040223830024	4.0
2.0645444825350294	7.481951275535474	0.5017122912679798	63.014053969049314	26.937737981612216	4.0
11.14605453989299	3.4877640670808505	0.008150020749086056	3.4856690361978435	81.87236233607922	0.0
68.69917508838918	14.540152169927605	0.007943714410107891	10.511466919155385	6.241262108117704	1.0
50.03583549002255	17.705402172318866	0.00857954243432949	14.264245859612535	17.98593693561172	1.0
72.39704068518186	7.361964495615936	0.0034535664233298147	3.68238159980457	16.555159652974286	1.0
79.81388934560584	8.048737970812773	0.005479998280909166	3.493615604514736	8.63827708078572	1.0
31.35514460338815	39.376170950546054	0.1567801824174001	28.160185613685147	0.9517186499632395	2.0
41.10028190997905	48.104051972625825	0.03798153934659243	8.632333565762233	2.1253510122863015	2.0
5.818099152766161	71.40297819292122	0.07236462734745598	22.393460815421058	0.31309721154410397	2.0
4.176143431139196	73.06670728492327	0.1301686909572487	20.40518002179677	2.221800571183526	2.0
1.6599519158072389	92.61739552889631	0.40610439740172327	4.784359589385905	0.5321885685088201	2.0
2.572426726172614	83.64307659933361	0.06779700653033163	13.372427868363236	0.34427179960020554	2.0
6.321525507104781	65.44739210000883	0.4821522679217958	13.651159189417033	14.09777093554756	2.0
22.738493515916037	45.17342131193628	0.035219337446107314	18.29464239790865	13.758223436792925	2.0
20.703723024359263	8.23332884633295	0.02342158809295064	3.837521061703991	67.20200547951085	0.0
17.203533262345605	10.429149313781757	0.1243069629160201	5.07666928559432	67.1663411753623	0.0
0.8817996042834333	1.4478241707744288	0.3014398376195396	0.8841110568215006	96.48482533050111	0.0
5.0305391795709715	0.7724969281612496	0.004164364681039492	2.061326646643949	92.1314728809428	0.0
21.50764760775452	1.4912927618118885	0.00401771742177875	4.21080509071176	72.78623682230005	0.0
4.660536919584787	2.564807071859498	0.008994224581828147	5.2459280313398775	87.519733752634	0.0
23.236096284209168	2.265840072189138	0.005170435818683844	1.330144686026071	73.16274852175694	0.0
13.570685074555206	2.6980503294797273	0.005967615530988211	6.196706393168115	77.52859058726595	0.0
4.194976856442572	0.6320077253537115	0.0008782687158758831	2.1536869035433672	93.01845024594448	0.0
42.506208339100155	6.78000425565758	0.005475165859409938	4.036148864297868	46.67216337508499	0.0
55.49175648083147	13.812947057037537	0.012029329981633821	8.757858051344495	21.92540908080487	1.0
11.496490782180304	4.20716255721879	0.02076002795035406	5.019992447675625	79.25559418497492	0.0
32.82985252170079	5.22416278029787	0.005306158839833434	3.0867908575307186	58.85388768163079	0.0
41.45482300949321	15.223615375579715	0.014092197536321542	1.5883953673522424	41.71907405003851	0.0
77.78359657510447	11.05448577883141	0.015509248182492299	0.6371353391190421	10.509273058762618	1.0
57.62912033138945	38.04861568377046	0.04670281875915211	0.6270920978476346	3.6484690682333185	1.0
58.17926396762634	12.881326644145208	0.009256729933330595	0.24267167804831463	28.68748098024681	1.0
41.274567586599034	5.829771601904535	0.0013151858385671317	0.39747305428214624	52.49687257137572	0.0
60.829551012410136	36.13529704623781	0.06190676566570187	0.2934205220071114	2.6798246536792467	1.0
63.8713785699166	14.948470162618507	0.0060309793467139446	0.2737647328859792	20.900355555232185	1.0
69.39214301304327	24.28013063478478	0.02395108874718132	0.27993671694471517	6.023838546480063	1.0
37.11256813303065	58.810203422910256	0.13528245475268458	0.25954782687532985	3.6823981624310838	2.0
40.28141412110719	44.0326096630445	0.03176257111226955	0.36582736418700135	15.288386280549048	2.0
42.950294941120255	46.531294767207314	0.10060919612019369	0.21933322518395446	10.198467870368276	2.0
17.315874128644182	80.8914328785462	0.14141169837731038	0.17884786507315587	1.4724334293591543	2.0
33.19782562773664	55.15519869492608	0.04610029623799648	0.1537839777649941	11.447091403334301	2.0
44.355192336620426	41.14921585424246	0.03396190905596152	0.21264854417035384	14.248981355910804	1.0
24.987180513903233	68.12364456405992	0.15151058199079256	0.26591009160840595	6.471754248437659	2.0
10.953224681910015	85.5921816740223	0.21904802501267281	0.3018007933000257	2.9337448257549763	2.0
23.377152918023583	73.25409027263387	0.08316529690173961	0.21015234568837624	3.0754391667524295	2.0
22.689993575995516	69.47605325038677	0.19314774753726585	0.4104138487719104	7.230391577308539	2.0
5.87221924390935	92.8388042160347	0.23938598373078757	0.12125602633475882	0.928334529990409	2.0
11.562392073910182	86.80660585345609	0.2840353662199984	0.15951681365298861	1.1874498927607637	2.0
11.328162376808057	85.28208071460197	0.09344073003410788	0.2261571423498864	3.0701590362059767	2.0
4.869290494321977	89.1515343731283	0.24539805696426917	0.38963358747818755	5.344143488107272	2.0
10.607339791762719	83.22618013854117	0.2096971076646557	0.4245636749942366	5.532219287037191	2.0
14.714597165908378	81.23431286893835	0.08833341039826377	0.31103331728865136	3.6517232374663666	2.0
4.518213887879222	93.50238353649975	0.40903882858356483	0.1031081380381392	1.467255608999323	2.0
19.26719820282317	78.62406669831554	0.02769892804431149	0.14810945733222042	1.932926713484748	2.0
8.500345550452723	88.95374126145508	0.32332081888065295	0.11460859892533512	2.1079837702862427	2.0
6.431223048652809	91.58334530097511	0.48674276499646824	0.148414072135894	1.3502748132397258	2.0
13.902259775376208	84.04120400784971	0.05532808731270269	0.3174479871879268	1.6837601422734505	2.0
6.506230521686055	91.50544431854588	0.1604753860200278	0.10908091242909136	1.718768861318933	2.0
4.102544355035011	93.60154059453846	0.8651920043296392	0.16406652219786647	1.2666565238990186	2.0
11.385719628195872	71.2230369136542	0.2566487075838872	0.342017770660987	16.79257697990505	2.0
3.6112063483932872	93.81309158566042	0.8873971058132587	0.07422792193533327	1.6140770381976837	2.0
9.68374463740939	88.15339255414204	0.26569278204677776	0.2250027259988299	1.672167300402937	2.0
1.173570794467046	1.28387835177252	0.5558317885415051	0.024741612415529825	96.9619774528034	0.0
3.490384902565228	2.4067983792877166	0.03435563438287405	0.0679737364910564	94.00048734727312	0.0
30.440362399999838	2.974977414699067	0.017864934808530342	0.2415915344389772	66.32520371605361	0.0
