N1	N2	N3	R	W	anotaciones
0.031202362650721918	0.004596302230252538	0.0007198879143702093	0.000792476669089311	99.96268897053555	0.0
0.011707316690578489	0.002402245592275528	5.342861172186488e-05	0.0004103734008252231	99.98542663570461	0.0
0.002621149912735373	0.0019327740947435205	0.0001377938622763184	9.383999226034582e-05	99.99521444213799	0.0
0.03120358127504805	0.005755366114058757	0.00018899194719284334	0.0004250655639355959	99.96242699509978	0.0
0.05421265287629449	0.011164396955126473	0.00025702958787760454	0.0008117492771980302	99.9335541713035	0.0
0.03028328216638786	0.005255765210146763	0.0001776626182696023	0.0004137300954495383	99.96386955990974	0.0
0.07347513451511366	0.009710907103654813	9.986290281907147e-05	0.0008481151559148708	99.9158659803225	0.0
0.010535930217836718	0.0023961338221123	0.00012236906145578173	0.00019530100318181586	99.98675026589542	0.0
0.003278896087183623	0.0034109383549461073	0.00010220132100279953	0.00012983717237864987	99.99307812706449	0.0
0.003957526213511035	0.003496444955673344	0.00011149050107604881	0.00019234120435519133	99.99224219712539	0.0
0.004326691319592844	0.003086268438090521	0.00017959780392785079	0.00012045088030647592	99.99228699155807	0.0
0.004712125743807563	0.002934066712697542	0.0003043224636209105	0.00010444749019560068	99.99194503758969	0.0
0.0034801913245426533	0.001515770854794211	0.00011744518640812369	9.021524617779976e-05	99.99479637738807	0.0
0.0015631132024643871	0.0012027591584882074	0.00010833212616673749	5.0322750885461445e-05	99.99707547276199	0.0
0.0054199362448767805	0.0028368190744992227	0.0002916115392625366	0.00017117524336902112	99.99128045789799	0.0
0.0057512212193843275	0.003784056506954804	0.0003585678313064207	0.0003028676937641668	99.98980328674858	0.0
0.006986850619743392	0.004323743732766729	0.0003331715707298787	0.00034798640965564675	99.98800824766711	0.0
0.00880391787360948	0.0030598186607661785	0.00030185708032701413	0.0013602334169783316	99.98647417296833	0.0
0.021294791569022576	0.005237545030043835	0.0006435558076503739	0.004783654359319298	99.96804045323397	0.0
0.030371399711962836	0.005789332862169314	0.0006374020744501269	0.005698941096888588	99.95750292425453	0.0
0.025360022951041672	0.008549117517287558	0.0006384916052101968	0.0411258188316309	99.92432654909483	0.0
0.05358341198502216	0.015346553191374578	0.0010496430956710052	0.0693566223375112	99.86066376939043	0.0
0.057754768249513665	0.01447657446929957	0.001190847440820321	0.14542641313521468	99.78115139670516	0.0
0.13646548701749195	0.02987024959403087	0.0011681233022653298	0.184374414327289	99.64812172575893	0.0
0.07389936677820032	0.03684077370411866	0.00033000026867250677	0.1575486322787893	99.73138122697021	0.0
0.10018139258504645	0.02046178832483569	0.0013212260231701396	0.22586534596521127	99.65217024710175	0.0
0.08920012753411553	0.011720408284396472	0.00045609833416212744	0.06339958231366492	99.83522378353366	0.0
0.05726695238572754	0.008250330749644999	0.0007050802708019602	0.013077629124363376	99.92070000746946	0.0
0.04194114811291292	0.017177150559438224	0.0005372714377351419	0.009464304212704455	99.9308801256772	0.0
0.06872551101000338	0.019865536919741363	0.0007801045192469584	0.00789448461185192	99.90273436293916	0.0
0.018757396839212823	0.00508448176035899	0.0002465135580479176	0.0020935693140047822	99.97381803852838	0.0
0.03653604306364854	0.005686900486685015	0.00023644558396528024	0.004311608431587026	99.95322900243411	0.0
0.01584623077032901	0.004510419168284101	0.0003346010267559174	0.001948949301726546	99.97735979973291	0.0
0.017989789219990907	0.007627543151072253	0.0004934018140352391	0.0020990799817142895	99.97179018583319	0.0
0.032006747221231875	0.009394246556982209	0.000274893455509671	0.0025243099463127133	99.95579980281995	0.0
0.056315979038892836	0.024756103009756607	0.00044145621036394025	0.0035803995090029333	99.91490606223199	0.0
0.053060773019267995	0.017521548110018305	0.00026340674154101787	0.0027430274421525727	99.92641124468702	0.0
0.05785024939443671	0.02373175896932901	0.00024064265206946242	0.0025331209810353695	99.91564422800315	0.0
0.10692087871414843	0.03994187282004969	0.0004580056402605777	0.0030724367386701025	99.84960680608687	0.0
0.17004124972807075	0.039851671864607474	0.00021957720356906708	0.002475997961941756	99.78741150324181	0.0
0.12366053907410374	0.027911050055360057	0.0010200125812458443	0.0018776707536425049	99.84553072753563	0.0
0.10496800203540646	0.02368714152398271	0.0004563573027729329	0.0025015973298263524	99.86838690180801	0.0
0.05259382011265127	0.009758870463414308	0.0003031995378135665	0.001586937121522137	99.93575717276461	0.0
0.057572852168520885	0.009717109102262214	0.00019881372621166355	0.0024935927667442364	99.93001763223627	0.0
0.05232472276576476	0.00919962842352035	0.0003884087186627877	0.0017275662918515228	99.9363596738002	0.0
0.07325603437502647	0.009198176116326945	0.00021484224822790085	0.0017621639589285336	99.9155687833015	0.0
0.17308055537790165	0.013345094024367081	1.3098085951924786e-05	0.0020528695310840553	99.81150838298069	0.0
0.049796148597822325	0.00804925206672977	0.00032460353915576135	0.0005257083656356999	99.94130428743065	0.0
0.05566530894961432	0.014235675698178612	0.00038795145608624146	0.000628004850533192	99.9290830590456	0.0
0.0643489151514554	0.011665637126805739	0.0004263104391258425	0.0006899883887908082	99.92286914889381	0.0
0.09629935639406119	0.022439742496258967	0.00036271833889811697	0.0011825544114017282	99.87971562835939	0.0
0.056613711580769124	0.016444296270595907	0.0004316570556845387	0.0008423104818088232	99.92566802461114	0.0
0.08388420676110578	0.02545297402754356	0.00032466060820066236	0.001223419896181889	99.88911473870697	0.0
0.13498387607772508	0.02419193532126669	0.00038213940647410175	0.0014350051569178275	99.83900704403761	0.0
0.2533347539961356	0.02327284107082342	0.00022734336901117196	0.001165273512093257	99.72199978805193	0.0
0.13716741800543392	0.024556474352695628	0.0007591720299391942	0.0009232270963906301	99.83659370851554	0.0
0.27006579962578936	0.03721085222979116	0.00044623666724572913	0.000987782918320366	99.69128932855887	0.0
0.18890039437644265	0.02944670420910957	0.0002774332560799341	0.0010938031784769218	99.78028166497988	0.0
0.21417207880234015	0.04332043508586148	0.0004954717576496217	0.002516167869394855	99.73949584648476	0.0
0.0630805091769055	0.024484267329560022	0.0006276348658128244	0.001044753439610186	99.91076283518811	0.0
0.11604703167809498	0.02000614589722961	0.00029496444391956717	0.001809128592542091	99.8618427293882	0.0
0.12858451006816382	0.024042657865792166	0.0004695799076743777	0.0023726595361420943	99.84453059262222	0.0
0.2699681886349073	0.03372334731860356	0.00046053788489806044	0.0035736661262624233	99.69227426003535	0.0
0.19218255046768687	0.02864365760323891	0.0003871100871169377	0.0017262251250249746	99.77706045671692	0.0
0.07943561139579183	0.01203939419455691	0.00045218997082119023	0.0007570717341365173	99.90731573270469	0.0
0.05722276630804159	0.0108837125438486	0.0005124065121376842	0.0003453201295364659	99.93103579450644	0.0
0.02759187323026064	0.01318878901447339	0.00042607454883066746	0.00046275374083441166	99.95833050946561	0.0
0.1984967687675929	0.04233370156163298	0.0006804902976135607	0.0018475636647511452	99.75664147570842	0.0
0.080792387414397	0.052524845244613226	0.0006124689707691094	0.000866186124584929	99.86520411224564	0.0
0.04070428047407908	0.03232224829151411	0.0005391312483273612	0.0003841728180086742	99.92605016716806	0.0
0.1262292433213784	0.0561208698906479	0.0008661206833244381	0.0020438821437867836	99.81473988396085	0.0
0.2455534264415994	0.042322091778934236	0.0006544876759957942	0.0019305037229868259	99.70953949038048	0.0
0.6440930866612745	0.09185416844200953	0.001207195150556901	0.005505353267957699	99.25734019647821	0.0
0.5657999669130744	0.1354916330974271	0.0037847912004046157	0.006187306349722086	99.28873630243937	0.0
0.09762131387200436	0.06600089025838418	0.001265317519054668	0.004827471718201471	99.83028500663235	0.0
0.10421240386204582	0.04853597547503738	0.001160902151044354	0.004377397338576324	99.84171332117329	0.0
0.040248628535414596	0.04436668384367701	0.0010670058869584546	0.004358953118016724	99.90995872861592	0.0
0.013746968494806753	0.007643491604407331	0.00043032203041292036	0.0009228291835039095	99.97725638868687	0.0
0.05076795611869284	0.02147639877906866	0.001726903975022015	0.006340471297161732	99.91968826983006	0.0
0.05474537768791517	0.01953253402426757	0.0008699924403485139	0.005308206292848019	99.9195438895546	0.0
0.04304308776340811	0.01955156656204748	0.000600643073105731	0.005769063797386993	99.93103563880405	0.0
0.07319064698322099	0.043023825267454636	0.00136428630424302	0.01609453471607584	99.86632670672901	0.0
0.03264541316079346	0.028211888865006245	0.001264100909764597	0.004006214594429346	99.93387238247	0.0
0.1685163419578255	0.04084577346578513	0.0015076161621010182	0.007800902904485248	99.78132936550979	0.0
0.16576111601689966	0.05220307714029584	0.0005519759846633187	0.0073853408706294555	99.77409848998751	0.0
0.20798557974125814	0.05349018178879555	0.0007419671709206074	0.007674007085585945	99.73010826421344	0.0
0.09045197456057297	0.013583668924279486	0.0006989934741605855	0.003593552878993987	99.891671810162	0.0
0.17170165373190552	0.04962191005375897	0.0007269515647689894	0.005115417969403387	99.77283406668018	0.0
0.6851197879612402	0.11960188929523421	0.00021681909775347658	0.010868099319466364	99.18419340432632	0.0
1.033112361825163	0.35188382243563066	0.0031512857370382683	0.013600246604465255	98.5982522833977	0.0
2.3776710028477663	0.38488727443814275	0.003482121897906889	0.031197837798648428	97.20276176301755	0.0
1.6127955984114324	0.5858812320420725	0.00859741801953804	0.006446409974609608	97.78627934155234	0.0
3.5044577027568593	1.4944065801313293	0.008049201712215376	0.010755815230303035	94.98233070016929	0.0
1.22241090877816	0.5690313831458454	0.008263723885375518	0.009187008741205491	98.19110697544942	0.0
0.18419021324121618	0.19800261879720804	0.01026610430053111	0.0032022682867948187	99.60433879537425	0.0
0.042408801482134	0.050811296855214585	0.007664318393382847	0.0004180716286688075	99.8986975116406	0.0
0.061476964733238326	0.03889564645551254	0.0013433216336883852	0.0014475871833434044	99.89683647999422	0.0
0.02902849742993345	0.039799009676515756	0.0009934106818293505	0.0003313244109077675	99.92984775780081	0.0
0.02591121981295979	0.14067237514555966	0.0071619974676404305	0.00018162363406449715	99.82607278393976	0.0
0.02444856756986511	0.07114809401717147	0.003558068532219651	0.0001624482423753848	99.90068282163837	0.0
0.021213882170669583	0.0562359324882825	0.004501134377887313	9.69770982928248e-05	99.91795207386485	0.0
0.0054154653444156604	0.03236811484987759	0.0049029501203218	2.724612653259655e-05	99.95728622355887	0.0
0.0030412019955435867	0.018620763085640868	0.0021395989086989043	1.5819210975230567e-05	99.97618261679914	0.0
0.005920203187171208	0.02146442183958186	0.0033334275921966757	1.0842091216098611e-05	99.96927110528985	0.0
0.0018036518745622111	0.01131042506875745	0.00186290903437758	8.940927077453204e-06	99.98501407309521	0.0
0.0032506948756603465	0.019652691639195138	0.003958175899667867	1.8616437493607903e-05	99.97311982114798	0.0
0.015324711731469992	0.03460422159058087	0.0018427679969468082	5.211785319286269e-05	99.94817618082782	0.0
0.010401358459272954	0.06860679795191281	0.007377618873542968	5.634751731089435e-05	99.91355787719796	0.0
0.019045714306066032	0.04473324479427105	0.0030423304250229415	0.00010513234217302232	99.93307357813246	0.0
0.04098994915703775	0.10635993713309035	0.003831293252611383	0.00035552728764047927	99.84846329316962	0.0
0.16801074613036726	0.6263651364311725	0.009684470392593398	0.0007231860174177738	99.19521646102845	0.0
0.2094114600510174	0.6384241942168021	0.012486633808538906	0.003048171750293062	99.13662954017336	0.0
0.4221055928164577	0.3322071977811309	0.004980772547408163	0.0031581427189234326	99.23754829413609	0.0
4.003496738660265	2.189702126518944	0.0048638149353627145	0.03802740611619195	93.76390991376923	0.0
0.9074719793707384	0.17882486797808947	0.0004250076083053193	0.10089863589104943	98.81237950915181	0.0
2.7426091490504403	0.5668070001698767	0.0014731526610663162	0.29758205163300494	96.3915286464856	0.0
15.55410430889707	1.2892589204148641	0.0008245258270649865	0.15891373708975437	82.99689850777125	0.0
27.21699006549904	2.8833135641220577	1.7310973698441227e-05	2.412332718235804	67.4873463411694	0.0
68.80076302905225	7.861876208803692	1.2455793703144324e-05	4.030524429183237	19.306823877167098	1.0
21.541411168224602	2.059250134185836	0.0022872246755437178	2.099211864450488	74.29783960846352	0.0
18.981160185649102	4.441215406553557	0.0028610959102270423	2.4024406031050454	74.17232270878208	0.0
67.23669075140276	9.387037033682043	0.002050005691160375	6.049472051206843	17.324750158017192	1.0
42.18379469122785	8.099122000368139	0.004053076888427977	4.284759022903492	45.42827120861209	0.0
48.24869795225015	3.963808785367217	0.0003516914512258763	1.8799237630978762	45.907217807833526	1.0
51.9080177415972	42.13931849500846	0.04967161598868382	2.6618345357240463	3.241157611681606	1.0
7.915401452880213	90.06914161513562	0.08143198569343252	0.6360062092514561	1.298018737039281	2.0
3.17762790401669	95.22339846779965	0.13902086890127302	0.6312588228528909	0.8286939364294816	2.0
3.794147682191378	94.35740279239299	0.07886292868194668	0.7231442572762566	1.0464423394574185	2.0
2.023720120619427	95.94966062664741	0.43745624332168037	0.25765461041570004	1.3315083989957783	2.0
3.10326736459086	94.13389214780094	0.311284328877108	0.6818950395305688	1.7696611192005534	2.0
2.739468890962815	94.78676290702813	0.12702096434124202	0.7461903262081441	1.6005569114596714	2.0
3.41561098343526	94.48673786215723	0.09426277391197652	0.7079594958146952	1.2954288846808195	2.0
1.3690987593683532	96.5501894158156	0.44065000698211054	0.5286967489067828	1.111365068927156	2.0
2.3657781588458784	95.77547472827867	0.6898587059033493	0.3686012201102135	0.800287186861915	2.0
2.4193075525349528	95.56859667205276	0.9147518515452471	0.399382743679584	0.697961180187431	2.0
2.156731998333584	96.2418093714418	0.6918676824738734	0.3651818422163669	0.544409105534387	2.0
2.6422655330753724	95.22327974851689	1.394845412847932	0.15466136871773678	0.5849479368420571	2.0
1.3399920125669689	96.81417014140371	0.8395767456520068	0.27698475642648757	0.7292763439508368	2.0
1.0854182199908686	96.83647349240356	1.0022709243915122	0.2741882216095915	0.801649141604467	2.0
1.7894014805997203	95.98965279582637	0.7095331492351962	0.4439557084038591	1.0674568659348527	2.0
1.2326944188673594	96.15343914919232	1.3649636238874396	0.45705174519911657	0.7918510628537373	2.0
1.6188523114451219	96.62999525572448	0.8039226312114036	0.3789207756826448	0.5683090259363197	2.0
1.057578845188901	97.46356271770716	0.8311100372238093	0.15296886166756887	0.49477953821256127	2.0
0.9541592638966988	93.74203666211173	4.500193942154082	0.202955269891169	0.6006548619462875	2.0
0.8143389989025128	96.70860022442257	1.7094788536294352	0.20639456574639067	0.5611873572990879	2.0
0.5081419951642396	94.18615077013459	4.642602333829938	0.12704243802565898	0.5360624628455591	2.0
0.43711200057962707	94.16750322362424	4.707821307389808	0.04031860945604708	0.6472448589502697	2.0
0.6177425013433843	91.85433568545169	6.619764815097301	0.055862075203157384	0.8522949229044486	2.0
1.305757940266459	96.00998286120853	1.7749170218732457	0.11623941357789212	0.7931027630738594	2.0
0.8715768025492704	96.62394599019463	1.3663986286008716	0.09209974955636366	1.0459788290988783	2.0
0.7869003725227065	94.65121795786533	3.4369313564495263	0.06631005440080648	1.058640258761629	2.0
0.71844173049998	93.58587151937988	4.651218349224709	0.0477073312702596	0.9967610696251785	2.0
0.9203640847575202	95.4006022798685	2.291880894591725	0.05334753429287649	1.3338052064893802	2.0
0.4588348021124027	91.00730015819352	7.22239307877079	0.059731928938049864	1.2517400319852445	2.0
0.5892538354069082	94.26865164689853	4.015714247833152	0.1537539242392829	0.9726263456221361	2.0
0.6468114146368108	93.57344880194533	5.1180977823736855	0.108947664293584	0.5526943367505741	2.0
0.5043554097830485	92.71007726143691	5.635214566324742	0.17097971450832972	0.9793730479469939	2.0
0.9273506268441314	95.4974152430305	2.6984343665247543	0.21022462576839618	0.6665751378321985	2.0
0.5958817544454645	94.8168329993891	3.6393216559355936	0.32925771649390806	0.6187058737359401	2.0
0.5730385389486646	84.94701012678246	13.656599921808397	0.15212350860947982	0.6712279038509991	2.0
4.1596418338764565	89.22391075482888	2.2247906236605117	1.3930881965615622	2.9985685910725812	2.0
3.2075884421201946	92.1583963870049	1.8357021597527639	1.297685184485886	1.500627826636269	2.0
1.7349931115806339	95.49558352332372	1.0699061615181218	0.5431503653530682	1.1563668382244467	2.0
1.4082702450566913	94.38639876976738	2.632939935624654	0.5219660387000077	1.050425010851242	2.0
0.8584186910150252	90.82640173016647	6.842784327981624	0.37696658320595106	1.0954286676309413	2.0
3.309888753808289	56.15342871748285	1.2578009484701949	0.18094746921406787	39.0979341110246	2.0
15.661524159142036	74.98632016359079	0.3459453832809553	0.36840780514355653	8.637802488842667	2.0
10.478150633798277	84.76486713530245	0.2325007040583684	0.604312059349527	3.920169467491373	2.0
12.489722632274407	84.10053515226448	0.6668800082062565	1.0023615918877142	1.740500615367134	2.0
2.6207530619124655	95.12648570347878	0.40428651304512214	0.9661425524716263	0.8823321690919887	2.0
2.375190519636416	92.23826839776035	0.4232404184363265	3.9544578789906177	1.0088427851762884	2.0
2.4940808038518405	84.83583286061143	0.7754206575448046	10.592500419672602	1.3021652583193284	2.0
2.039666234214844	85.00720890648303	0.990654057096036	10.62292190498125	1.3395488972248384	2.0
8.564354081656544	28.65968673926542	0.07043882851300057	57.879188454725394	4.826331895839646	4.0
4.799855426452842	9.362812847420479	0.01123960325446126	84.00491993225285	1.8211721906193807	4.0
4.695172817294819	19.59990047428993	0.003905754627456241	71.12907642596969	4.571944527818104	4.0
16.375106982241636	4.01185378423572	0.013710817448707288	66.09593068987564	13.50339772619829	4.0
20.398313011807446	14.512970439178838	0.0702832780684898	56.66523382666233	8.353199444282888	4.0
29.671052984682717	4.403793370477715	1.3518593546135871e-18	61.533452221015615	4.391701423823953	4.0
8.354826922619393	2.76318105093158	2.911116067185273e-05	86.5730577199982	2.3089051952901647	4.0
3.3060461767796463	0.983676326054273	0.0008336554600801054	93.885636070378	1.8238077713279812	4.0
0.8151123592796832	0.989338634944972	1.3942662903304543e-05	97.79108298829951	0.4044520748129442	4.0
1.0535279762874525	1.0097943623503438	2.0310634655285e-05	97.75593391690268	0.18072343382487369	4.0
2.542791970999956	0.8397221077517845	2.225715317783647e-06	95.21409615912411	1.4033875364088269	4.0
2.248767674354964	0.6987455551134937	2.560255744356767e-06	95.69835145321774	1.3541327570580524	4.0
4.362449979409351	0.9594687544936802	2.8880781828764345e-06	93.56947417921458	1.1086041988042181	4.0
0.9438712432241962	0.8874377673209239	1.5678970664873756e-05	97.91532480481759	0.2533505056666503	4.0
2.8322638015503157	1.3445013309833074	0.5792459455946006	89.3006156415912	5.94337328028058	4.0
6.262604031603577	2.3790696150914874	0.7893561680401112	89.7349100619506	0.8340601233142255	4.0
4.59927949590608	1.516451817994834	2.234619716032582e-06	90.06158815557072	3.8226782959086494	4.0
3.375746437645462	1.6624796217099835	0.0171511923568595	8.887517448345768	86.05710529994191	0.0
28.600753060229934	2.0253201403132595	0.0007135486207971405	67.43528789277569	1.9379253580603284	4.0
14.461858067409276	2.471904059443478	3.1824176026449804e-05	81.74729995533096	1.3189060936402648	4.0
11.49973675229952	2.641701139848881	5.431796906916922e-05	84.29278660384618	1.5657211860363567	4.0
1.9397614080632244	7.308329700957726	0.001787711963515657	88.69801250543398	2.0521086735815692	4.0
4.9955583966448	2.5283191842871444	5.224462805482079e-06	90.84270907823058	1.6334081163746603	4.0
1.4510718318098006	0.8502648246896086	0.0005987725496275467	96.78393947817395	0.9141250927770203	4.0
4.6124545345172105	2.3796652188393517	0.0001601740340909975	82.66289962935896	10.344820443250386	4.0
3.9119246801474925	1.4377902261476303	1.7877899824703334e-05	94.27686018207388	0.3734070337311687	4.0
3.7464959340785815	1.979865838031861	4.1106538549676516e-05	86.50913106562723	7.764466055723762	4.0
14.502304496063791	3.340208495446325	2.0092685191231188e-19	81.09176465312221	1.0657223553676691	4.0
16.82774666167778	3.374093938362268	2.0636103991785712e-06	76.6036309263909	3.194526409958646	4.0
20.764960770102597	6.729473983791714	5.073328624515786e-06	71.06383718531778	1.4417229874592965	4.0
6.562844448061907	10.12647453783581	0.008781398070962915	76.16024736328521	7.1416522527461295	4.0
16.851837752654195	18.599107891049176	3.707377801601867e-06	63.68039174244652	0.8686589064723164	4.0
22.63369233538564	35.02832972898332	0.0011747216504984126	35.78446391507495	6.552339298905606	4.0
17.190068626873536	70.54675919222281	0.0008391360094640488	11.388144381693296	0.8741886632009097	2.0
6.426120533615834	87.04398452102797	0.006145787007131715	5.0827342398285635	1.4410149185205006	2.0
2.8787933655685456	93.7917847129742	0.02672480065585419	2.7876409779380555	0.5150561428633368	2.0
7.148865943904739	87.9781660824666	0.015491121182854974	3.755662797861507	1.1018140545842954	2.0
3.4093902553147712	94.20705004097266	0.044034791454799715	1.6995782644168007	0.6399466478409762	2.0
3.8769718877708943	92.8654553117868	0.028002887437494774	2.292194486689353	0.9373754263154349	2.0
2.652659760252886	94.99223219993448	0.020226749651638346	1.8228259034452936	0.512055386715686	2.0
5.918163724489689	89.95342759728447	0.03711743470799431	2.9043421227528605	1.1869491207649896	2.0
2.0311658641731927	94.2116687667001	0.071566754633625	3.0199430394031017	0.6656555750899706	2.0
1.8266922870675284	92.96540446802607	0.43038145448416343	4.340562834921697	0.4369589555005436	2.0
3.8891803608358164	84.24363521873941	0.054326810662872586	10.773320025072998	1.0395375846889074	2.0
1.834909380967872	88.45289822607839	0.37956733796138703	8.55594171297044	0.776683342021905	2.0
4.873236254223456	81.64177932546332	0.6576153411562322	12.068543941076813	0.7588251380802045	2.0
3.525173316050642	85.95481702901124	0.5582455134346304	9.303402769874642	0.6583613716288451	2.0
8.899124114945453	58.889902502828804	1.7313985340234601	0.8093223502565752	29.670252497945697	2.0
10.990945449289628	30.65131546810686	0.018791190535538835	0.33973690917478216	57.99921098289319	0.0
14.392444697922127	25.386062131820314	0.045177644455583046	0.18620615242365418	59.99010937337833	0.0
26.252379908468278	56.0556137675565	0.2800368364962359	0.38167109419393525	17.030298393285058	2.0
5.394032536734493	16.49510283436746	0.8277388010577973	0.03859978624784326	77.24452604159241	0.0
25.441470251568592	70.19882995740561	0.05179284606845704	0.38077112423542314	3.9271358207219205	2.0
10.383369667837394	86.7566370352047	0.2965487579989891	0.9698082068269707	1.5936363321319573	2.0
15.152533102450272	82.19955590660113	0.08670340698058121	1.3263875334359305	1.2348200505320885	2.0
1.9734121843368189	96.4418039375309	0.3826028914354534	0.554398637186932	0.647782349509878	2.0
1.0971905266180213	97.69943610722845	0.12852364815505518	0.5302644777633181	0.5445852402351714	2.0
1.3983713678810965	97.31721948523962	0.1260267328675756	0.49988004609459363	0.6585023679171275	2.0
1.2914134148508651	97.72100965738497	0.4282347781899258	0.11822516778155019	0.4411169817927115	2.0
0.7822156783690801	98.20978147809569	0.4066822478612114	0.12993577143387555	0.4713848242401382	2.0
0.7917840597200175	97.42156694961356	1.2401838456193355	0.11080930650931241	0.43565583853776324	2.0
0.7423226930632719	97.4204935973215	1.3074082808223386	0.0805257044842865	0.44924972430861915	2.0
0.7436599394920711	98.40328828821274	0.3740415096729533	0.11976776053077275	0.3592425020914524	2.0
0.641847520789579	97.45330272971817	1.4988327385665916	0.06932199042936946	0.33669502049628725	2.0
0.7496992738692904	97.77495430693386	1.0182424589368668	0.055326683622472395	0.40177727663752505	2.0
1.3212752439365008	97.05403137210678	1.0984844783384549	0.09643213702865097	0.42977676858960084	2.0
1.157228150931939	95.89219849228705	2.346357625461955	0.03934394355834619	0.5648717877607116	2.0
0.9144822610185434	96.90144641649951	1.5785421841309382	0.033106867295585506	0.5724222710554192	2.0
1.0826932638431899	96.1500944448406	2.330677174909372	0.02511847418704312	0.41141664221981306	2.0
1.913774342138398	96.45097166772608	1.138378402568954	0.03280975375417647	0.4640658338124005	2.0
0.6802121809011301	96.40670572390674	2.5190553686371455	0.011359745520951352	0.3826669810340094	2.0
1.0015037933619255	94.79894911277074	3.706549137606748	0.020836357673558986	0.4721615985870134	2.0
0.7804036141888252	93.53011022425994	5.318097992477436	0.023369556088324087	0.34801861298546954	2.0
1.4373568428261672	95.48911964894222	2.6438647708757657	0.1439197341985527	0.2857390031572745	2.0
1.527999733727873	94.87683498170358	3.093748918417527	0.2161308688685081	0.28528549728252756	2.0
0.8257154668140549	94.04861316108331	4.668514118004994	0.21509445599073307	0.24206279810691428	2.0
1.1665362093603298	96.59397878176054	1.5932883969628762	0.3025610040174046	0.34363560789884856	2.0
0.6432529920274965	93.23301813799915	5.7415696353608	0.17046986669303754	0.2116893679195369	2.0
1.5513361499656655	95.41892218471311	1.7839503178040463	0.7073885041966587	0.5384028433205091	2.0
1.1053897129814327	95.32522278227046	2.9933759190471183	0.239299720454667	0.3367118652463121	2.0
1.5010183394578294	95.23074890926956	2.3513571056117835	0.45547329972017403	0.46140234594065094	2.0
2.3463996980625583	94.87432448490914	2.017126353405862	0.36045503362170267	0.40169443000073696	2.0
0.7937855481838735	93.43468600937318	5.188373204261313	0.19578795372133606	0.38736728446029334	2.0
1.32560085448739	95.56798543393587	2.5505593094448678	0.30382939059452496	0.25202501153734586	2.0
0.5386914859735773	94.88923548074584	4.266581564863706	0.10741966486805413	0.19807180354883006	2.0
1.0547556716776307	96.3865361253877	1.8708422040668855	0.4572844946441288	0.2305815042236582	2.0
0.7278727678235247	95.29794805208422	3.3299125173138573	0.3691661874324472	0.275100475345943	2.0
1.0523447684181155	93.86759831773117	4.319307179152364	0.44111802748205686	0.319631707216287	2.0
0.2602139003310349	93.0530987472964	6.377384400174127	0.08178726059694567	0.2275156916015002	2.0
1.3347766061418451	95.96810746352664	1.684762784015139	0.5980689617966891	0.4142841845196638	2.0
1.0216692727665133	96.32332005207948	2.1253888568355026	0.25224927084299087	0.27737254747552387	2.0
0.9925657715677738	94.474297219026	3.943812456234006	0.2950973730353597	0.2942271801368883	2.0
1.905992770841581	93.99412060296997	2.48466190130006	1.1687647126798688	0.44646001220848663	2.0
1.0375714285867537	94.81745372815264	3.406763617665983	0.4424066434655591	0.2958045821290725	2.0
1.1544500222127427	95.12635773499854	2.6853249019370957	0.7946226299589616	0.2392447108926411	2.0
1.4053850680205149	95.31063831433401	1.2282014744839818	1.7059600301987454	0.34981511296273077	2.0
2.3538586613385943	92.68164979132378	1.2516950041681576	2.987165722121333	0.7256308210481403	2.0
1.4909043344177249	93.32960952294592	3.35698926519236	1.3885142828436634	0.433982594600356	2.0
2.3423125609005107	93.94325296099154	1.156822948658275	2.0820785644963546	0.475532964953318	2.0
5.320794059693312	87.67890692903566	1.4210698134419049	0.26719278516470185	5.312036412664414	2.0
7.511548107321328	87.1869763904218	0.5494999051123906	0.08637322168413936	4.665602375460333	2.0
6.221709288786183	91.40953412675626	0.6993404278222317	0.0649611855849793	1.6044549710503608	2.0
10.5163892528575	87.55162631835579	0.5082208221538295	0.08923372175026881	1.3345298848826188	2.0
3.497450232158924	94.41001316184854	0.9596330960944348	0.056012039991273875	1.0768914699068435	2.0
3.1142665027264558	94.6015349680439	0.45860090780173274	0.10828047778578215	1.717317143642138	2.0
3.110924620972245	94.53741884058401	0.6943842912166723	0.12247198526093525	1.5348002619661376	2.0
3.2981628463972394	95.11833332288515	0.15305158556948942	0.21249154372628543	1.2179607014218443	2.0
2.0452851069462117	95.40227357048624	0.5858365714282696	0.16673779085178794	1.7998669602874904	2.0
4.374995452908936	92.36875569110687	0.23261558516112524	0.1792894707398805	2.844343800083171	2.0
3.1866636290574375	94.6932775301997	0.05465572768324169	0.30391841768725075	1.7614846953723537	2.0
2.990127641970872	95.20682884657275	0.06327137117671963	0.10977642319551237	1.629995717084181	2.0
2.8413682621032974	95.60717443080613	0.03657592337493387	0.21114232440567543	1.303739059309974	2.0
4.010561819753945	91.45533378755025	0.02379369330100971	0.09754333860542932	4.412767360789384	2.0
6.875229817740252	90.23562131602564	0.0873174636749506	0.35068252476059697	2.4511488777985697	2.0
2.5964282433039116	93.80811489657617	0.34384650753533746	0.10448426211093148	3.147126090473636	2.0
5.654793666385012	90.63793344197934	0.10868115653569373	0.2603620066502843	3.3382297284496376	2.0
0.06526449937482896	0.5551259871649005	0.06201316440722221	0.004198567918621478	99.31339778113441	0.0
0.10230983324463695	0.16316133920642148	0.006416371285577715	0.013482186930321782	99.71463026933304	0.0
0.1318952613683457	0.16930110960871203	0.005009457463920978	0.021050223882395108	99.67274394767664	0.0
0.014882858748322373	0.02536706874162585	0.003118531774839628	0.0004020115011531161	99.95622952923405	0.0
0.044489803474034674	0.04464211690151828	0.004570202746549712	0.0008084395920474745	99.90548943728584	0.0
0.5662544536627145	0.13496855855956652	0.00546554787491233	0.005232086170379621	99.28807935373241	0.0
3.171148599659314	0.7790371438234623	0.006273052259079998	0.10860749132730839	95.93493371293084	0.0
19.522134226594947	1.2838755578797798	1.0427411190652147e-13	0.11667382608585969	79.07731638943932	0.0
45.887525932669455	4.119797699399509	7.078991026807892e-05	0.0724506804918166	49.92015489752895	0.0
83.61305789207616	5.272524292669374	3.102599458816587e-05	0.20780985653102946	10.906576932728852	1.0
60.90568725179972	34.870803758335995	0.0001188283066079772	0.608041641400064	3.615348520157612	1.0
11.82647564258926	86.74501843119272	0.018958341026277928	0.8215648914084392	0.5879826937832979	2.0
21.091659493137392	71.15885007037184	0.0026504115415720577	5.813938797836394	1.9329012271128079	2.0
5.004192673232445	87.3304584442972	0.009993863206569753	7.215777377472691	0.4395776417911128	2.0
6.309645696129785	88.08319401257734	0.031277552813901904	4.91639459770807	0.6594881407709006	2.0
2.444660509964982	92.87588932485721	0.1259801360428577	3.98376226750128	0.5697077616336621	2.0
5.374161901782791	71.78927246373632	0.02743850307850556	21.443586956049927	1.3655401753524508	2.0
4.066493074852452	86.83520412150449	7.706575490174143e-21	8.001497490625544	1.0968053130175153	2.0
1.4555291728807083	90.12639798934666	0.051095767547927856	7.426686642917773	0.9402904273069499	2.0
7.814671700976869	81.98835576800882	0.012735009242591805	8.506463180106152	1.677774341665579	2.0
3.2231279183486623	90.52243890873349	0.08883583693108726	5.508839989796235	0.6567573461905188	2.0
4.77710182832234	85.04382039877477	0.05754022223709291	9.279724579519751	0.8418129711460519	2.0
5.54693152993547	85.50270478650432	0.07140495653609133	7.969374942505867	0.9095837845182508	2.0
5.671324418616484	85.72955442479542	0.13232114157884067	7.654643864576564	0.8121561504326894	2.0
6.122120303520955	80.94484861498952	0.1191362435737304	11.772367707367872	1.0415271305479175	2.0
3.0101870184540336	86.64086999334411	0.09594211116680396	9.677110493448303	0.5758903835867324	2.0
4.009409733333256	85.04051938337308	0.1350340725441239	9.960452167634665	0.8545846431148634	2.0
3.8305841302895023	81.34751523817206	0.1338703500277299	13.865625198866747	0.8224050826439535	2.0
8.282947172163336	75.14183726901264	0.11223619531263644	15.14009863188843	1.3228807316229798	2.0
2.3630831756336006	92.66308898374594	0.20905187088112837	4.093396390294077	0.6713795794452311	2.0
2.00611309203328	93.21922747067242	0.18772060242732916	3.8571461851222413	0.7297926497447239	2.0
2.0658158578359087	93.17294627413388	0.46004265445641945	3.3635723992363245	0.9376228143374687	2.0
2.399025783768147	91.18715178446735	0.35249211755220405	4.971840208647849	1.089490105564468	2.0
1.9609585663158506	91.90000323418971	0.39227852797505847	5.022979591305874	0.7237800802135	2.0
2.602079809969326	92.93481263244168	0.25943000744700956	3.4430240316762535	0.7606535184657495	2.0
2.4586601425286103	92.32927207292457	0.26870287863852904	4.035339194269457	0.9080257116388457	2.0
2.515197300311368	93.26993945345858	0.46550772008114627	3.017736948634928	0.7316185775140084	2.0
5.866330394616553	86.89022050631293	0.328871823757393	5.43466061180813	1.479916663504985	2.0
2.000800855466939	93.9048487463277	1.0916844955495093	2.1455947653731693	0.8570711372826685	2.0
1.7726840532602144	78.45197677844808	12.8443396765915	0.8646554341717955	6.066344057528398	2.0
3.7389971006053715	85.67059622012378	0.229706448663024	0.25955967536185565	10.10114055524597	2.0
10.376092770570049	79.95892405052983	0.2776682021295297	0.29555939462692016	9.091755582143673	2.0
14.553744551555447	78.01998194698776	0.4748659026272249	0.14066263121045058	6.8107449676191205	2.0
4.327567655306097	94.79519444237924	0.11163608974111583	0.06986712742442718	0.695734685149141	2.0
4.055109435827324	94.8331688996132	0.2154244196316026	0.11054307954518856	0.7857541653827038	2.0
1.3413901671644535	97.12802372220675	0.9452165692800116	0.09249445010908268	0.4928750912397291	2.0
2.4131452303150986	96.32680724982194	0.19021920429691971	0.15196316464649318	0.9178651509195594	2.0
2.320068909782123	96.46736766993781	0.43221136809899935	0.18549057637185462	0.5948614758092021	2.0
2.50113508768775	96.39513272016652	0.30994377916903926	0.15635330451106114	0.6374351084656269	2.0
3.7920075786136516	95.03861477662893	0.23702901396880785	0.27552162624839804	0.6568270045401953	2.0
2.5908556489791303	95.9947358119315	0.2896220079343246	0.21741008848186016	0.9073764426731743	2.0
1.874516329099744	96.84683786224741	0.6128098683970712	0.23002708057656107	0.4358088596791944	2.0
1.4878433245717302	96.87964721427645	0.9605620178221693	0.1784051842802254	0.49354225904943627	2.0
1.8924926314374333	96.68893171632867	0.1500501260178196	0.4662836625251145	0.8022418636909804	2.0
1.0393573348918232	97.55650134534511	0.5110731130883472	0.2611429117525695	0.6319252949221617	2.0
2.550167722856891	95.6135638295203	0.3285877668692938	0.6855085801132832	0.8221721006402501	2.0
1.6831942635923327	95.89203049019372	0.6974318392890149	0.8091016761416505	0.9182417307832957	2.0
3.1793228893562246	94.69048514632894	0.41641714156562415	0.8666584181129505	0.8471164046362643	2.0
1.8600444277998804	96.3129106239397	0.47155900640988935	0.6878514841196604	0.6676344577308763	2.0
1.8970980318229276	96.22403231490931	0.5218753378728943	0.5675602813953959	0.7894340339994393	2.0
1.6177618601472445	95.47577168161452	0.42226504713508173	1.8132724451298758	0.6709289659733	2.0
6.909870055786743	82.1239882988419	1.402516139397866	5.003539911689449	4.560085594284057	2.0
26.22211175556386	64.43099132298109	0.30624676257130035	5.482600996187473	3.5580491626962965	2.0
7.343904564764651	67.99761721881545	0.2957690674156739	23.05598084208757	1.306728306916663	2.0
5.585863378077643	50.37559358813396	0.2827411394885562	42.8543978658295	0.9014040284703422	2.0
1.1727170724569036	61.75852950802106	0.14326210581159154	36.44571465618369	0.4797766575267488	2.0
2.0597568157527615	6.182265193341622	0.0016458809255421342	91.2740631592745	0.4822689507055989	4.0
3.75470720151767	6.621068508043268	0.0020980494143987556	37.897846819249146	51.724279421775506	0.0
9.946916229915065	3.8364513063490153	1.3092541002014538e-05	83.75184326594331	2.4647761052516075	4.0
3.6162808957132406	0.722318699308216	0.005243074118955792	94.76962963842385	0.8865276924357284	4.0
5.412984659739307	1.9993939068105087	0.0037314672392244593	91.95568947482191	0.6282004913890424	4.0
0.8688253401969879	1.0715888516984124	0.0018665889930094388	97.65096366701205	0.40675555209955017	4.0
0.575739346909128	0.7669784689474446	0.002753115305573597	64.82229364403761	33.83223542480026	4.0
3.2297851135285436	0.805061771370607	0.6966090482495862	94.14925119485493	1.119292871996348	4.0
4.507919091633136	1.031247130024437	4.288835301116731e-05	91.36585219861374	3.094938691375664	4.0
5.769683099395484	0.5155881036983524	1.795446618061219e-06	92.54755416502263	1.167172836436894	4.0
6.368580588089154	1.0052227328127235	3.430206564338604e-05	90.77824413033774	1.8479182466947304	4.0
2.000687152807406	0.7006161303420726	3.623467580499807	91.94654077589448	1.7286883604562404	4.0
1.6341064556804212	0.6348448751911204	0.0005861637954958425	97.24321348411974	0.4872490212132464	4.0
4.4156751372167	1.1203059501100827	0.0015087292328144937	93.31070076317451	1.151809420265907	4.0
2.9730710940687155	0.8741089646114647	0.0028228968728460702	92.69067240216708	3.459324642279894	4.0
0.7174358184248416	0.9189958367561523	0.013019998680028146	0.9057236706838511	97.44482467545514	0.0
3.438041800525328	0.5739469304856702	0.0006885595496447959	0.18306189917380772	95.80426081026555	0.0
36.06332768914186	1.1564389848379932	1.575456737805976e-05	0.49548423981413636	62.284733331638634	0.0
36.76525486294491	1.822609581139533	2.910050322508479e-05	0.3047593848166142	61.10734707059573	0.0
85.04787113211472	5.1190140722178725	2.191946766471629e-05	0.9672547368806569	8.865838139319097	1.0
66.83268535451991	7.625758076979176	3.533379255287497e-05	4.023130636188113	21.51839059852024	1.0
53.31834516551102	18.56832214541932	0.0018444251578096326	4.151181402194248	23.960306861717605	1.0
52.7582702216189	38.37149427247523	0.000597131734302229	5.006204143129139	3.8634342310424485	1.0
26.122569299893094	66.07259183217819	0.0008015484797718345	6.491885502752592	1.312151816696352	2.0
41.03104368086129	52.24640455948185	0.0011388023314818014	2.8850270066786887	3.8363859506466933	2.0
26.069246247885374	69.76506740734433	0.0005740841491733243	2.611993150014126	1.5531191106069857	2.0
15.72372926837738	80.33644878859333	0.00036283700008536403	2.108621553223983	1.8308375528052294	2.0
6.218619082071082	92.74003852629306	0.00794700242540282	0.7149250053374465	0.3184703838730027	2.0
10.060906659454188	87.3754546077423	0.0007282167494234184	1.1680540949809977	1.3948564210730865	2.0
18.25716426790278	53.795360571785025	0.0004592452779315967	2.73411140232905	25.212904512705215	2.0
26.38276083917851	68.78606973995453	0.0011329197356507396	1.605301079728325	3.224735421402976	2.0
41.127615205427475	53.83359233717461	0.0006228233842949464	0.7647462701324131	4.2734233638811965	2.0
60.59493446989981	30.137559213858296	0.0006345317713102626	1.283746689837463	7.983125094633124	1.0
12.973156768617095	80.18002162109241	0.07809680174329103	0.22502165674909408	6.543703151798094	2.0
0.5103308147377006	1.0058519165269175	0.10084738006382091	0.005260635705315535	98.37770925296626	0.0
48.56026241311095	6.4693918856580614	0.0014677623742100718	0.07149762036607105	44.8973803184907	1.0
51.11993486859073	46.75165966901243	0.012020343260069484	0.1163957750727795	1.999989344063983	1.0
44.61581964298843	53.91120184415278	0.028140279698486287	0.1620029230601287	1.28283531010018	2.0
6.699587234710911	92.60833870177349	0.012645010298341981	0.2185838107100017	0.4608452425072433	2.0
2.210423289985238	96.21724970349767	0.04177703855533245	0.928763362564036	0.6017866053977013	2.0
2.2980283695554826	96.59364043635999	0.01569854023399403	0.638246978732537	0.4543856751179989	2.0
4.835627730428254	93.376088136929	0.021982900876958023	1.068635632134334	0.6976655996314733	2.0
