N1	N2	N3	R	W	anotacion
0.03903037629792763	0.3527613787899141	0.003449562910471069	0.0018732881743414437	99.60288539382735	0
0.00874794538923735	0.03767448880546206	0.002777165308918089	0.00020542524743930466	99.95059497524895	0
0.009490311585503317	0.03333362420706938	0.001393258338167281	0.00019452522474521059	99.95558828064452	0
0.020294948224608537	0.0904343850075762	0.0035575176634794164	0.0001517025772416876	99.88556144652708	0
0.1416955816401165	0.2733030972459095	0.009409835092444882	0.0007928673676091427	99.57479861865392	0
0.0069885887948018515	0.017891486315860163	0.0031130686848515965	0.00016366565632261928	99.97184319054816	0
0.5535968085731557	0.523390999873798	0.013712664778342537	0.002735338757734608	98.90656418801697	0
0.24640716775272303	0.4127317256547829	0.009485860755509288	0.0013754134682346377	99.32999983236874	0
0.030002993027029627	0.25632031984274334	0.008682388921679428	0.000664670246792329	99.70432962796177	0
0.01988003039178203	0.14490490761151645	0.010544427637994312	0.00028633340787613743	99.82438430095083	0
0.06857253563977896	0.164229966895746	0.0032920467056587596	0.000363703477987332	99.76354174728084	0
0.0047352115256677	0.06406291222598894	0.011975759537645736	0.000995511077862885	99.91823060563284	0
0.05404735736037488	0.038523169054550215	0.0035657143885798196	0.0034427231889809133	99.90042103600753	0
0.37793521064804164	0.24445536140091637	0.016467944907046457	0.0047287874389046235	99.35641269560509	0
0.14014341232374583	0.16869419711420536	0.020639440078161132	0.0037820174313363698	99.66674093305255	0
1.1963502770223495	0.7534760974075335	0.020443163400682	0.012574182637836351	98.0171562795316	0
0.3100010158149348	0.792932278382486	0.008430614912334856	0.012482312346512151	98.87615377854372	0
0.054360334600524966	0.47306012324622804	0.005678418170994373	0.0026398576903286118	99.46426126629193	0
0.2885827926696565	0.9743581312475933	0.008638272030345796	0.01391533193693167	98.71450547211546	0
2.652674884238861	8.061245355438945	0.02449412463811053	0.06466617809145304	89.19691945759263	0
0.43295207902109445	3.155266574919966	0.015123797540587553	0.022400336879984318	96.37425721163837	0
0.8155073468010118	2.917594556121785	0.019671220435648944	0.04454265734514942	96.2026842192964	0
0.3558684668188153	4.79645112280941	0.035074301331996766	0.024823698554621954	94.78778241048515	0
0.9896557819315536	3.666583667609195	0.01681260124506348	0.03970775889823178	95.28724019031596	0
0.2803076829373612	1.307609380201424	0.013693988868943938	0.010879709600889522	98.38750923839137	0
0.149035937726647	1.3999546460494148	0.008883288122386871	0.00648253852761216	98.43564358957394	0
0.1212810229646818	0.5086620658807588	0.010734911535148994	0.002457642442705968	99.3568643571767	0
0.07303409568356242	0.1636148921808276	0.010879793430932748	0.0017366492738934561	99.75073456943078	0
0.8731408444989178	0.5538905026537437	0.024783596637684126	0.026421136513913025	98.52176391969574	0
0.1934952112002035	0.30312873828672526	0.006655685745975749	0.018061648058808066	99.47865871670828	0
0.6342880145228049	0.6235712916601804	0.009678014840321714	0.021359322985444098	98.71110335599124	0
0.15474974576732436	0.5747743607300512	0.02567720464664817	0.015511510375943867	99.22928717848004	0
0.2333939716630128	0.21825058614307374	0.01096256375133294	0.00801574555350222	99.52937713288907	0
0.3611194204470523	0.38428711980330965	0.008459587162442871	0.016556503151628623	99.22957736943556	0
0.23948920409325422	0.11384928362364602	0.005221540179392071	0.028356029751797306	99.61308394235192	0
0.018287921710769324	0.042956213270195824	0.010402054448914814	0.0004400571147806519	99.92791375345533	0
0.22902166614268138	0.17935112187264685	0.01120454742676162	0.0090166273334569	99.57140603722443	0
0.2091601916483748	0.13004381645399812	0.006178204511468981	0.002847412172489781	99.65177037521367	0
0.06335322677078983	0.039696921859584046	0.003957392829415232	0.0017624757472289728	99.89122998279298	0
0.12997007830192	0.08417367064134011	0.005895939667184931	0.00185422551755376	99.778106085872	0
0.3154001092962412	0.13530769962973035	0.006666017345485408	0.0024519467891591508	99.5401742269394	0
0.03921580520528914	0.09183640635537943	0.004854981577849015	0.00030546751122336753	99.86378733935025	0
0.09420205041633557	0.06237402521173551	0.004440093175012073	0.0010545366746589496	99.83792929452227	0
0.03236433033434319	0.0832419496476006	0.007112554800198059	0.0002353494452000502	99.87704581577268	0
0.18144948181226228	0.05924178628706802	0.004001437793597261	0.002410310304647521	99.75289698380243	0
0.09727322191443229	0.13785835077830777	0.010115219272929915	0.0012986416972450376	99.75345456633707	0
0.06588521748170591	0.04251428160677549	0.003963215508919224	0.000918114997709477	99.8867191704049	0
0.267701519537157	0.33356198991142666	0.014401434124151527	0.006421640089247158	99.37791341633802	0
0.09735042195467924	0.16199851928401415	0.008282953760421612	0.0009050720574743697	99.73146303294342	0
0.4129622320416528	0.15259283258927223	0.005103885815769823	0.0010469883526546943	99.42829406120065	0
0.15846634469580134	0.18865057737332472	0.004147231301094258	0.0014308473693891884	99.64730499926038	0
0.3889047051390677	0.23436795258832757	0.0038546194021863707	0.0009589391100296155	99.37191378376039	0
0.15445811353306937	0.25192426597929346	0.0070865896390944995	0.0008860891622337821	99.58564494168631	0
0.3931672895323919	0.43158954867308313	0.01190951876902595	0.0036059111895364944	99.15972773183597	0
0.4399356795341756	0.5616490503335448	0.011895783890730776	0.006434017635252393	98.9800854686063	0
0.9842715317028455	0.850937881295356	0.02684791184362025	0.006373960809824803	98.13156871434835	0
0.656634288657305	3.2882076692444384	0.04123312514335509	0.011054003436649789	96.00287091351825	0
0.8047862558437769	0.6922732447643248	0.015292147708125965	0.011222306615075481	98.47642604506869	0
1.329906217467	3.3990623591663396	0.04203292945214446	0.018567378369632348	95.21043111554489	0
1.2431408425474544	1.8283134866117718	0.032114508852132545	0.013542166196899264	96.88288899579175	0
0.43225074686065335	0.3465911023929368	0.009807608462561788	0.0023723102083250554	99.20897823207552	0
1.8878993580721641	1.9281537608576977	0.029063863935534066	0.026987630183641406	96.12789538695095	0
1.4506720862101996	1.3032791301940465	0.042061072666274804	0.01685535987038708	97.18713235105909	0
1.6950953118165153	1.4661038043279115	0.04256460142655565	0.04046790818868832	96.75576837424032	0
0.37065588081047296	0.8739840838738152	0.040176013525094076	0.015075868162363242	98.70010815362825	0
0.19127216384579807	0.317775881953699	0.018657848577856948	0.024285614128148735	99.44800849149449	0
0.14225136265981475	0.2350328828748944	0.020533299428418344	0.06424951188596688	99.5379329431509	0
0.004687742001211602	0.01694665339934037	0.014301165840958707	0.0005524707283103314	99.96351196803018	0
0.005617546495019199	0.007086600140185523	0.01345597862821094	0.0002560476848853039	99.9735838270517	0
0.009061993773485443	0.027828446898701297	0.00817330600953845	0.00023793076994586606	99.95469832254832	0
0.005541859332958029	0.009199060579629393	0.009614405166883697	6.264682132153105e-05	99.9755820280992	0
0.02703975768692031	0.010357240285983208	0.0017060372789831962	6.479789057114262e-05	99.96083216685754	0
0.43665273268097965	0.2537093961814964	0.0060864593462631985	0.003456360966224723	99.30009505082504	0
0.09814498749790332	0.0524580768794166	0.0027529118607654075	0.0005072426643416705	99.84613678109756	0
0.415137815779341	0.39026361719921204	0.01595009705588419	0.0679365743056478	99.1107118956599	0
0.05595524593629088	0.06680795729274601	0.0019254932470362616	0.004125825565271301	99.87118547795866	0
0.9626709750207801	0.6499640112980426	0.005034379955871831	0.020542507509195694	98.3617881262161	0
4.249902790854207	3.289453667481532	0.04184243112321636	0.14037653633542693	92.27842457420562	0
2.297641092951468	4.052004963460773	0.032403439988375714	0.4232328861772602	93.19471761742213	0
3.252674655411364	3.269537332605625	0.015674847768276014	0.24343718147078997	93.21867598274396	0
5.186997867129692	6.695871878422617	0.02510522142066326	0.933455616999041	87.158569416028	0
1.1302258732111392	5.29306005959532	0.015445667040048195	0.19986916641003827	93.36139923374344	0
3.6897752028108064	10.842137067691581	0.021368598734090673	1.0054511797412282	84.4412679510223	0
5.015507326671573	7.762824822126478	0.017860572899089027	0.44325195089906916	86.7605553274038	0
3.1800947335612353	2.262052308912804	0.01159560662700346	0.22712399764351449	94.31913335325545	0
13.297534474058056	9.21025171761777	0.02268464403668471	0.9725790218058926	76.4969501424816	0
19.236824706337966	12.011517067613438	0.057329408109202666	1.4104388645077288	67.28388995343167	0
11.707762015315842	3.5357511662329504	0.02115932450146967	0.4316574856011134	84.30367000834862	0
7.958213246891935	2.9137071373943026	0.07604083430239375	0.37107796403372556	88.68096081737765	0
11.689943604972736	3.6999736123471356	0.020740828560679644	2.2124598565059794	82.37688209761347	0
22.207686125164273	5.0214713835109706	0.00914641607885522	0.7687491986180385	71.99294687662785	0
21.782786365668446	7.225227248412305	0.008662403189790717	0.5250670649010728	70.45825691782838	0
9.3412278626126	12.393353037662608	0.00747902885782818	0.7466522168878175	77.51128785397916	0
8.797239941007739	14.953337609260522	0.017495696603662063	1.0734090756842496	75.15851767744383	0
15.33717992202122	18.766557829359964	0.01320408233878744	0.9651113068383147	64.91794685944173	0
12.08838039670229	9.538789365942986	0.023898733051140934	0.7701414502428683	77.57879005406072	0
11.170713366410839	19.760881659119796	0.02474748211433024	1.3721355026337052	67.67152198972133	0
5.741645272392129	3.8038594602994795	0.021903298717853147	0.26209995679744097	90.1704920117931	0
1.279588881190448	0.4896857914016322	0.005294140430680182	0.0489408573262043	98.17649032965103	0
4.515565844881165	1.2704178080414694	0.008179648071803818	0.1782831507535141	94.02755354825204	0
10.886517019014926	1.7287378424483524	0.018052148400365873	0.3647205274855033	87.00197246265085	0
8.081789611041557	3.3314601658427616	0.024307814131544234	0.6334627895166624	87.92897961946747	0
1.8186961326547086	0.6901046755456939	0.0204791809850502	0.37158132458293286	97.0991386862316	0
0.07075413628278225	0.0826431482325824	0.044149410981342646	0.0017909614258828606	99.8006623430774	0
0.04593361485763957	0.07271970424488138	0.0055652049856017	0.0011499497312665752	99.87463152618062	0
0.6423089811295873	0.0566132302196982	0.012042763843062385	0.0033828767226977466	99.28565214808496	0
0.05542542473550545	0.04273131823697552	0.009298988510953076	0.00042956980532365735	99.89211469871125	0
1.777255198145685	0.7564943645569099	0.021311928706290707	0.003838356810755443	97.44110015178036	0
3.2157774833163026	2.5470638729295776	0.03921160991540478	0.01678726871595445	94.18115976512276	0
14.12052626781237	6.669786779021381	0.056957751887061765	0.05650704297963822	79.09622215829954	0
11.634270387408616	5.345326617162825	0.0647582284477864	0.16490815125858885	82.79073661572218	0
9.0361001389479	6.305604873005014	0.03144451740588914	0.20398508660313003	84.42286538403808	0
7.872040965179342	4.361920757342669	0.0096464084209983	0.2606450762831355	87.49574679277386	0
2.9252554906075527	4.592021745961793	0.06204396885722377	0.048476325877154884	92.37220246869629	0
0.3787236346745834	0.43149932225900883	0.025460233290995598	0.01592966024942151	99.148387149526	0
0.4435405849533561	0.23346537588405664	0.006376474320347348	0.029169706057758097	99.28744785878449	0
9.908582699482121	1.750952399889844	0.014516410885956947	0.3019472376033099	88.02400125213877	0
8.521608457180474	1.6165166189017286	0.009902901144839344	0.15061981798533103	89.70135220478763	0
15.658652871381992	4.379548008071628	0.008632778484294005	0.561587621085388	79.3915787209767	0
11.835217892635015	5.867379600050852	0.007171705336583037	0.513279776356458	81.77695102562109	0
28.49209104869217	8.096522352383108	0.021241622256668414	1.096720429994309	62.29342454667375	0
26.593218409937826	13.465157998710195	0.033321336043709286	0.9445796737418056	58.96372258156647	0
19.074103783641828	22.857353491629965	0.03307690768574899	1.4692927619725848	56.56617305506988	0
18.35267313481373	20.767215858621007	0.05181780308630649	2.7352424110843656	58.09305079239459	0
12.526307357777828	15.35975194366295	0.04709842078881365	1.5710802254147112	70.4957620523557	0
17.856643494473172	39.18008801813171	0.11381037465423621	2.0454961899502617	40.80396192279061	0
13.71235765969113	16.60448815789859	0.027386516961878646	1.3948812275669473	68.26088643788147	0
17.081962652687515	26.177726459626903	0.03348057233640383	1.9208217858381031	54.78600852951108	0
15.963738174059705	13.83223345999624	0.04344061076175715	0.9207484334298537	69.23983932175246	0
20.16798455771573	38.42085137944938	0.06307077656185518	1.1303324417650231	40.21776084450801	0
10.270275854905767	10.675716453479914	0.0351787997384817	0.5573877433707006	78.46144114850513	0
5.071678936730206	3.8623205329870887	0.006289032427915696	0.40622706583926776	90.65348443201552	0
8.111309166641215	7.133679216994639	0.017034198476775928	0.8599322582237947	83.87804515966357	0
15.853892260594774	19.99124154574288	0.016893202547338605	1.7388133310017662	62.399159660113234	0
16.101241650931243	20.131407846820128	0.011264425806259979	1.4091923231448362	62.34689375329753	0
18.344130422617734	12.406034062625281	0.01609734044499708	2.8514319502452703	66.38230622406672	0
19.2190164374825	11.41778166125194	0.019424520852967322	2.1995847213036894	67.14419265910891	0
0.14029693585997732	0.40831514835226657	0.06491762434195357	0.07741574293636272	99.30905454850944	0
0.10144598797534382	0.1238378952439485	0.00975494266705468	0.00377656368143866	99.76118461043222	0
0.9345293308390937	0.1531619261855517	0.008149574174761335	0.015790368394316957	98.88836880040628	0
5.382309984577302	0.3083440584756951	0.00329528693401299	0.05567809009218244	94.2503725799208	0
4.966388444360416	0.5748804612999702	0.004716395324143984	0.13726414470003112	94.31675055431543	0
2.5518949513346114	1.3353809130082823	0.004289817860348261	0.2689808097066763	95.83945350809009	0
0.305586332808848	0.24191718180389007	0.010689012452673381	0.024658246481979486	99.4171492264526	0
6.479124823183483	3.946835850208615	0.022147257691328352	0.3327766133709192	89.21911545554565	0
13.35047072048485	6.346300700034282	0.01963443175309997	0.5327736790216948	79.75082046870608	0
0.5735035368768282	0.5475448279821157	0.029769780162515972	0.022580854321618566	98.82660100065691	0
7.576670978912352	6.973540727753118	0.10162987998841971	0.42169403032435054	84.92646438302177	0
9.440690290719548	4.315008492092684	0.007042292247570068	0.31934652436527816	85.91791240057492	0
14.35337858212594	9.293788890472616	0.0124561175777692	0.4172506975570077	75.92312571226667	0
17.6859509832284	19.95966747483621	0.004902063406424659	0.8187185849201066	61.53076089360886	0
15.019574098376879	20.810333179358263	0.0029344371903831856	1.7969466913818875	62.370211593692595	0
16.237247608823086	19.44817140581872	0.008076175204951755	1.740949233572496	62.565555576580756	0
12.771552916609153	18.59970019770381	0.006964210105690642	1.11734072423272	67.50444195134861	0
10.986934875485597	13.687846855419657	0.006749430458180347	2.173974295185854	73.14449454345072	0
9.759258513798006	8.095982602761408	0.010573237708519066	1.6445705951478085	80.48961505058426	0
8.283596100166386	6.597783738756288	0.002712832216396683	1.2372273080376417	83.87868002082328	0
6.9240089452504066	3.0184758591607714	0.0041713555128483955	1.0263600156790813	89.0269838243969	0
8.81411855991242	3.142072863701334	0.0009793792227809574	0.8218407522109024	87.22098844495257	0
14.82538068467146	6.963225041409969	0.0027260133355020526	1.3190035949038226	76.88966466567925	0
17.783385673287107	6.286482431868648	0.003920349267269692	1.7940403941671137	74.13217115140986	0
8.045294255042283	3.1384348653185583	0.0033575833323309908	1.0977963489937435	87.71511694731309	0
4.346027360027519	4.198010513689039	0.0046537224971492114	0.650036885898828	90.80127151788747	0
8.724594539511807	3.681645257502512	0.00234617532064585	3.4264563691344736	84.16495765853057	0
1.1898985329998548	1.1430306150942326	0.2897081553546754	0.32209881582162025	97.05526388072963	0
1.4154423793175785	0.6910382297341559	0.030550404672102405	0.1654850525409431	97.69748393373521	0
3.0986389926496556	0.8485340399130156	0.011325908924802175	0.9568877616791686	95.08461329683335	0
7.46294907806637	0.9119293849517015	0.011635164435487408	1.7423551522534275	89.87113122029302	0
5.48357044469329	1.4161027102345198	0.011429046045849456	1.9180314524054836	91.17086634662085	0
8.9731133504289	5.370886693956701	0.03925461236274914	3.3728581884532156	82.24388715479844	0
9.509191690101664	5.826154102845915	0.05362719806105056	3.0207920253519904	81.59023498363939	0
5.494569852358759	3.0740073093325813	0.019896448597668148	1.638765751487388	89.7727606382236	0
11.186105786728364	13.924746784138001	0.039590554312794186	4.37396052679951	70.47559634802133	0
5.770231456002365	2.09607757038406	0.010081416410738375	2.779688890051851	89.34392066715098	0
15.658682725430387	9.774384381993318	0.016357295651948045	3.340834642986659	71.20974095393768	0
2.7547767343460565	1.5157301888372745	0.008306839578486951	2.4192605549898945	93.3019256822483	0
12.50112302712177	3.5397208230557498	0.010826171774569203	3.1539481374370197	80.79438184061088	0
16.74528667261737	3.574209291654995	0.003251842163726097	4.656570557230602	75.02068163633331	0
8.87419592635603	1.9808339652168685	0.0019986866696383803	5.478683555127333	83.66428786663013	0
9.387474591242864	2.018257740938377	0.002093571932683993	4.389393109922597	84.20278098596347	0
0.7451214227816746	0.32375308653599427	0.004143269607899443	0.801624801390515	98.12535741968391	0
0.36127589392039255	0.2601681786588092	0.028035307517807334	0.16412755528882847	99.18639306461417	0
5.373855981048607	0.6130969365246325	0.0062045452842232115	9.224791864507209	84.78205067263532	0
17.189725484657203	0.6915736376185738	0.005437690079783183	1.4501872403682332	80.6630759472762	0
8.181616397521259	1.0222555919138259	0.006271150702858132	1.3076054707455114	89.48225138911654	0
8.499766084655311	3.698536612300038	0.0018766217667714317	6.101091930332604	81.69872875094526	0
9.579740805484139	3.804549165900864	0.001959065969092711	2.606994027590972	84.00675693505494	0
19.343728933212294	3.680751125358476	0.0068072267827148135	1.4700906059108196	75.49862210873569	0
7.842268083978343	1.8928467761703334	0.0007043135766756619	1.3873771761033422	88.8768036501713	0
14.573591808688164	6.7652458833577	0.002772823437540428	2.8379534297861118	75.82043605473048	0
13.641962491860257	6.1976408957201565	0.001800765206155061	4.897007357426097	75.26158848978733	0
7.736223397009898	4.437829589348563	0.002286048904223432	2.5542380810340113	85.26942288370331	0
14.079563792746056	7.158431071208748	0.008309247323301686	2.6400703327799384	76.11362555594195	0
25.478166177380423	6.899048921192358	0.005445935936314923	3.7986043017846325	63.818734663706266	0
21.62895206735736	9.582216579313025	0.004901741639820394	5.088201970792858	63.69572764089694	0
24.41908885025435	22.065134278136384	0.017377090510237163	17.407408623979173	36.09099115711986	0
18.20245546005937	11.832045898664527	0.004851776529502805	8.259394277832161	61.701252586914435	0
25.008808049805747	16.668842312611286	0.01345406228087684	10.056749137985577	48.25214643731652	0
24.255748083490783	43.92123076325896	0.023505868456856455	6.958121452900014	24.841393831893402	2
15.593075390292796	67.90113924045377	0.04503758787506793	2.835009017947294	13.625738763431086	2
9.822813873512533	80.94283002222942	0.07371095480721007	3.286610179527858	5.874034969922983	2
7.0036809756084715	86.18468544939614	0.2000788400754505	2.9369334914310317	3.6746212434889056	2
5.450027984051464	88.24868112516229	0.28496757703790276	2.3937340765352357	3.6225892372131216	2
6.717793532464134	18.276856109557958	0.05975826553624133	0.5704528286151239	74.37513926382655	0
6.234601158187006	9.346149680011296	0.010566356691828527	0.7191972409598348	83.68948556415003	0
20.472886359336727	15.292997587912643	0.006854009942909716	2.6427780330049133	61.58448400980281	0
37.020336624580096	17.045559207135014	0.01802423783770285	4.367302249068284	41.548777681378894	0
31.539911334762255	23.124688416883895	0.017586134866382632	4.120714642417046	41.19709947107042	0
12.152769404482573	76.18652846838951	0.12632344566401893	3.2894373202673273	8.24494136119656	2
10.070846993247523	49.67446960155515	0.21648474132641055	4.339904078077753	35.69829458579315	2
11.4068291558584	31.37124021039328	0.05648968679367479	11.025537497567072	46.13990344938756	0
12.114315114588184	53.43521051431935	0.17479408387967235	11.711293135284269	22.564387151928532	2
13.417037195889941	59.29526797994128	0.2708601758393391	10.549948723359567	16.46688592496988	2
2.911554548758876	3.2939303953956105	0.022858534301946454	1.1057854876733009	92.66587103387026	0
8.96166264170076	5.131240034752828	0.010834407344980182	2.197099551644329	83.69916336455711	0
13.48264658410237	12.447275705765229	0.006274637885481977	5.471547074744147	68.59225599750276	0
26.69312725742392	29.644028827427853	0.04899603859298721	9.291944759325801	34.32190311722943	0
14.730533139458146	7.3070852884832265	0.0019741053982879372	7.196266467854956	70.76414099880537	0
9.105520967423764	5.64895774444553	0.005954946846411683	2.208101828413392	83.03146451287091	0
15.081168906951522	5.657995065933778	0.0035435815593785505	6.551130379464959	72.70616206609036	0
26.631419093763743	23.936673880977356	0.025659489686550272	7.051601867585227	42.35464566798713	0
26.3416274276035	18.451601508404472	0.027930773857891344	6.238397946118583	48.94044234401555	0
1.3079675770762653	0.6548596331674846	0.041599731845838324	0.2429918730063511	97.75258118490406	0
0.6177981256424758	0.5681591463666665	0.011092165175603162	0.09954053369193078	98.70341002912333	0
23.835837181159523	2.4883265834489614	0.0022846418214932376	8.350230519514989	65.32332107405504	0
23.72015083435329	3.296842850678119	0.005382816078484845	2.3517542186708393	70.62586928021926	0
36.793911245676746	5.894683414780009	0.0020310410471954103	7.037168891680366	50.27220540681569	0
51.43210486871532	21.851905507252212	0.014084673435969754	4.679828921257214	22.02207602933928	1
23.964538477776443	10.810609981284697	0.003132666264017051	3.992917453403405	61.22880142127144	0
36.15405922004117	16.730465983130024	0.013250951427735318	3.5630598479368296	43.53916399746425	0
24.472094054602554	10.752929196002308	0.006236325564600712	2.8688896262633956	61.89985079756715	0
41.2125865446429	8.12771368372151	0.0032118657330272556	4.373427459197096	46.28306044670547	0
49.0123355245841	15.508679054496938	0.010135473803562101	4.0286625837059615	31.440187363409432	1
37.93039530256895	18.718244939411186	0.015115909630385272	6.502506250469671	36.8337375979198	1
15.835184713218927	10.745840860821938	0.005269061554705972	8.871188292671714	64.5425170717327	0
34.81175856623139	26.22434274331639	0.01013097358845942	12.841535978558122	26.11223173830563	1
35.62209863446388	45.585369645918284	0.04882530477635217	5.276226926795828	13.467479488045656	2
13.253078775989923	78.39185963051342	0.09315399780854715	3.568318175568106	4.69358942012001	2
6.050798231476398	88.9781717419289	1.1225326127724256	2.0877424384300545	1.760754975392222	2
3.944082478112603	87.17444538800628	5.297531799056697	0.7299448583490361	2.8539954764753865	2
6.607610003035119	81.79995535641807	5.105911017566194	1.4832764061192338	5.003247216861371	2
2.1480262155010172	95.04163909170188	0.8439286323985113	0.5675650579898449	1.398841002408757	2
1.970081290681091	87.6388195858474	8.275754314853266	0.1725626422766863	1.942782166341547	2
5.40780495302297	89.79732763638215	0.22540806058840582	0.9367008388850472	3.6327585111214264	2
4.32809477707771	85.4409278114515	5.513818149853661	0.31533113042349514	4.40182813119365	2
3.900949200835645	86.89060824851211	5.2612437804460255	0.5618144861458908	3.385384284060318	2
7.2178007679831095	84.11209866242456	0.08266951013070283	1.0119889312098962	7.575442128251725	2
2.9877438548063835	94.63534169455907	0.11136144330008096	0.655676534881719	1.6098764724527443	2
7.760512961289242	84.15832096406385	0.1470245994253772	1.7073189820831551	6.226822493138363	2
6.423394701207603	88.45792742333315	0.4253426503085086	1.839831037760336	2.8535041873904072	2
6.117316882230074	84.74754956148361	0.01861871444154707	3.1296764866441533	5.9868383552006055	2
5.426169018861935	87.43820277680403	0.19269985216099433	1.4859294507791134	5.456998901393928	2
4.507553069464025	91.9399954373398	0.2036496618344607	1.4350525704148476	1.913749260946859	2
1.056689912143297	97.52649972275795	0.4077242841321541	0.5409200065881112	0.4681660743784766	2
1.854325155034178	90.75824885693686	0.11954067552571539	0.7635215594835917	6.504363753019623	2
11.097337532700372	74.32234567413819	0.008723226792362612	3.224012515151616	11.347581051217471	2
8.616661768710225	81.61510265468446	0.040141004999180496	1.607026572112544	8.121067999493583	2
11.467528469316834	64.75726649583802	0.026460268175261602	0.8447286606238776	22.904016106045987	2
8.872883277179415	85.98707064381206	0.06938903597303181	0.9992615276136312	4.071395515421871	2
4.921069038431434	88.29266317200705	1.8200668688038473	0.6425463187069442	4.32365460205073	2
3.7597994095621106	91.04683595868511	1.6080366654829439	0.5807546354183429	3.0045733308514917	2
5.431797267776279	88.9888128791441	1.7410675515749203	0.6644221096468274	3.1739001918578675	2
9.284400467767805	31.285269161977396	0.076547915831022	0.5653485519877488	58.78843390243603	0
10.077993629386475	84.78502467436094	0.4351226039308387	0.5361263996140265	4.165732692707707	2
3.310693757554626	91.23814706409782	0.9355653689205533	0.24243789339442356	4.273155916032579	2
15.096870607693338	69.45183853872314	0.04774417594422647	1.0246803319004567	14.378866345738844	2
3.553405653674704	91.88242544188529	0.5944260534877805	0.2122153216171986	3.757527529335026	2
1.8321489612889745	89.3132090356744	7.198922213715611	0.21475267065991516	1.4409671186611077	2
4.152740127242805	89.7997300175846	3.465381185112231	0.24238930738241185	2.339759362677948	2
2.0022029748453187	89.77966609921073	6.628964654228414	0.23669366084764584	1.3524726108678766	2
1.5733851562319268	68.03043769025237	28.315140664611356	0.1859445002631189	1.895091988641217	2
3.2585697393519437	70.09004882749855	24.067901709174087	0.22559794512808565	2.357881778847343	2
1.457296759637987	58.82743973326778	38.071219613245546	0.2104968288211317	1.4335470650275326	2
0.7826948205099363	42.36509186604372	56.054713439909165	0.06741253100004997	0.730087342537121	3
1.1426964096556687	27.932399479021786	70.01082035028182	0.07653505066003147	0.8375487103806841	3
0.9309417225788118	20.266578123743358	77.99169395131048	0.033330931909411256	0.7774552704579352	3
1.6463599763494625	31.994177154347298	61.840505465182474	0.05544844413675393	4.4635089599840105	3
10.992161855583689	38.05221751839254	31.8528782096889	0.20488681153063865	18.897855604804242	2
9.589258013822551	43.513733028741065	24.777884831199923	0.2520183772118034	21.86710574902465	2
7.122234408776144	45.20560494792815	32.89757705264052	0.23201853336632752	14.542565057288853	2
1.685276895152822	18.13409045011317	71.28958578758157	0.20251630797018244	8.68853055918225	3
1.9162532457033674	23.14739386933388	50.04153135653725	0.1557387374165956	24.739082791008915	3
1.1728235286445665	16.945886776586857	72.5867741970837	0.0811355088942997	9.213379988790583	3
1.0644790700225886	12.914045918285444	75.80124156361859	0.07882896788348111	10.141404480189903	3
1.8298090775778808	15.29710654211536	43.369047520126244	0.4113018332563721	39.09273502692415	3
2.2018106986876855	12.14663103013198	50.72811805319928	0.1285715062386443	34.79486871174241	3
2.54769440174674	21.695365505263254	59.9917280620097	0.3718450975035938	15.393366933476708	3
2.356586731696505	13.084930461013794	68.46773927184014	0.19209251795052523	15.898651017499041	3
0.39103799110908444	4.353664252059217	87.87397598136637	0.028544782623447146	7.35277699284189	3
0.17276371712721508	2.3334954000980317	91.91481846075811	0.040962178736878116	5.537960243279763	3
0.5779725854856737	5.985279825220912	84.01813622413316	0.04942349426708191	9.369187870893182	3
0.1624308058458643	3.5407864089368206	92.95390050957946	0.02413287733354096	3.318749398304325	3
0.23156727056472082	4.177344061755695	93.03524499249819	0.015622607817200623	2.5402210673641847	3
0.12078817965426053	5.433096914629741	92.17532826994844	0.010271288106089859	2.2605153476614563	3
0.22050962002880592	2.8982163199617683	95.38154863274205	0.013060751918450709	1.4866646753489197	3
0.11738006554541404	1.6829781742745562	96.26992122245814	0.010006062684837847	1.9197144750370556	3
0.10564693035901623	2.386528075768463	94.55370738552104	0.008488182146270186	2.9456294262052136	3
0.1298440246002196	1.8619307410385866	94.91159427541113	0.012056505295371311	3.084574453654721	3
0.1630470075803215	4.9227545858814015	91.31916471323262	0.02364408441444152	3.5713896088912156	3
0.16202512786311302	5.1691150055234365	93.0824168233421	0.0052739650023219484	1.5811690782690193	3
0.241316422846696	4.953025719204209	90.93234388093654	0.016575869483069834	3.8567381075294818	3
0.16896405710798523	4.676204273329727	92.75314847000821	0.008722176815950633	2.392961022738102	3
0.3806728869731153	5.569223766546375	90.6689880804828	0.0215400309547967	3.359575235042895	3
0.22206612909208878	4.3132042379323785	92.7642968784007	0.01323729597212181	2.687195458602697	3
0.1926975713178449	1.8778956521674657	95.81000820828564	0.02037811653142508	2.0990204516976325	3
0.1916188533756047	2.8711612282915406	94.54561710276748	0.027997909854937286	2.363604905710453	3
0.12031793360752566	3.223872218910123	92.31959380935977	0.03592713782585844	4.300288900296731	3
0.17886241332286412	1.9212636065586393	89.41652477401402	0.03347020514375624	8.449879000960703	3
0.20273063510699782	3.657025197941733	93.0407351089282	0.021465630299864764	3.0780434277232156	3
0.10378622916552009	3.0641290433339585	89.92963242190545	0.01914837967960502	6.883303925915491	3
0.4573833462510812	3.9054675823828813	90.65535610841302	0.018698177101732702	4.96309478585129	3
0.40567054409072734	3.580626333272422	92.56811838893016	0.01405878077657954	3.4315259529301247	3
0.5501097021787374	4.077750456341056	87.42123200110285	0.013938250011817189	7.936969590365529	3
0.40590100048131744	5.093894650491768	89.27839035538591	0.016723569135071146	5.205090424505931	3
2.9989036716585153	9.214232150657555	64.17400602160967	0.04865685229928054	23.564201303774972	3
5.898323447418632	18.157941287624027	52.6071026152435	0.25703841782122777	23.079594231892624	3
14.25159792106587	28.65957122136558	10.551599770401202	0.7635924865253891	45.77363860064197	0
0.36376523212108397	0.3320817446299745	0.06743735671395949	0.004244636084456898	99.23247103045053	0
2.822786369099175	1.3942071421308317	0.043650735675191676	0.3517929630209783	95.38756279007383	0
3.679211982441259	1.5006625202856476	0.02761636143687661	0.08872574798886292	94.70378338784737	0
3.91824223694966	0.8603710478958271	0.007900868197725073	0.025115063629503387	95.18837078332729	0
0.9589574462189575	0.4693839103312187	0.0059106147783834825	0.008882532238432734	98.556865496433	0
15.68881763597153	9.278223381569116	0.46042116551253526	0.13413933532994707	74.43839848161687	0
2.2638212941666467	1.0377915761120375	0.007734017949642473	0.03753292932006929	96.65312018245162	0
1.7606287858049148	0.11998864467856708	0.00039338894413980306	0.023809954719149918	98.09517922585323	0
1.7087553668666482	0.7202697195188559	0.006867224520723824	0.053958909260521826	97.51014877983324	0
12.220435817544729	4.112887271632049	0.12564898223219723	0.4022328620955583	83.13879506649546	0
0.9233433160900091	0.10831132894751873	0.0008850125978725932	0.06687989604568498	98.90058044631893	0
0.9605269137478923	0.12868589131655375	0.0005912678616679142	0.010077094963707626	98.90011883211017	0
1.668963465478323	0.48860243516843066	0.00043437780944209533	0.07453003797087955	97.76746968357293	0
5.966939856597463	0.5406095847795882	0.0004970575517267815	0.02285273433305991	93.46910076673815	0
6.66189298290846	1.3688520564210265	0.004643764811995915	0.22509156621014462	91.73951962964837	0
4.114766006433655	0.3695378134248158	0.002757816154140361	0.12637317420879948	95.38656518977858	0
24.557523536768826	2.1667725655275136	0.013266601831344569	0.3462526194783024	72.91618467639401	0
8.81988334982707	0.5599890797502021	0.0030296663858919146	0.14128948769730804	90.47580841633952	0
20.210488507882502	1.4380346191807534	0.016963791878638182	0.5428079916617771	77.79170508939632	0
9.240783809524597	2.3675283900744786	0.005022439342818901	3.304738046002699	85.08192731505541	0
22.058361811876864	3.1806472648213546	0.01645106503322484	1.7068320566932982	73.03770780157525	0
6.267214648358122	0.9238998038057993	0.0014113512673131928	0.6064037407653262	92.20107045580343	0
49.63632027290831	8.422379365097896	0.014521237682141981	3.7805938447315244	38.14618527958013	1
32.56713483199826	16.13980520306299	0.043803021309907146	5.30882735944159	45.940429584187264	0
27.942537429596552	42.13583194643828	0.1595737790739618	15.384941800190482	14.377115044700716	2
18.853439649258267	30.586522945110424	0.04727515949741054	41.393711271907726	9.11905097422617	4
17.117890484471307	31.07583679468537	0.029444072018592497	17.357052788545015	34.419775860279714	0
13.370423191932318	56.80967091354723	0.08459199795782499	17.659344226048983	12.075969670513642	2
19.143142200920835	58.389437431991844	0.043416205817537364	13.441333952970044	8.982670208299737	2
17.203804820705717	49.37208838000654	0.0337804599103537	9.615437851737536	23.77488848763985	2
12.383771538603447	70.31673073044473	0.1175388340203309	7.961501301030648	9.220457595900852	2
16.44072994590903	71.39527069460169	0.04872045151008142	6.39418217473362	5.721096733245565	2
10.962912931243025	78.45367385476759	0.23470702275802882	6.038160225389514	4.310545965841823	2
6.528465090468842	82.3731622111922	0.48945898947746586	6.756675087296247	3.8522386215652564	2
9.668822914438808	70.7948526492369	0.19390281655207034	7.794458462542682	11.547963157229535	2
13.699803482705159	69.86269312015145	0.019780916513399995	10.951047901887986	5.466674578742003	2
5.579869352105103	86.38510507785617	0.4843054842003291	5.5379889578559895	2.0127311279823994	2
16.64062633543744	26.357050076613298	0.004234170302010724	11.296171026607642	45.70191839103961	0
11.14532599028519	78.61647713103022	0.03484238463711211	7.393420274417774	2.809934219629685	2
4.688576369913503	87.09385220118945	0.8299988877052706	4.769997892967251	2.61757464822453	2
14.84567467878273	25.01767509001067	0.005308530908304034	11.013396072623808	49.11794562767447	0
16.983979404385323	57.74047765412023	0.014335173017077743	17.214355206363106	8.046852562114273	2
14.327970406110815	59.97417043499787	0.014712424188568758	17.936234173054775	7.746912561647953	2
11.515465285437926	75.5115354654288	0.02855775629257795	6.658040654788904	6.286400838051788	2
8.138015333147244	82.10317600089417	0.2224283251313011	4.323944207008513	5.2124361338187715	2
13.568715265042258	45.64411117555496	0.16811294099271562	8.290525754051687	32.32853486435837	2
6.118687264268796	88.81782189403489	0.6809416539944052	2.36734930028715	2.015199887414752	2
11.763562161876646	74.32052139518909	0.035681381358836174	4.070528521540812	9.80970654003461	2
6.283470958321299	87.3162879886699	0.8524912829588018	2.018399392412239	3.529350377637762	2
13.927394666607354	74.8432630079575	0.11780408094586618	3.7403023032382228	7.371235941251025	2
5.5735072164787285	88.72246412309029	0.8485010221623682	1.8036791456616446	3.051848492606962	2
18.362230301748244	28.383837631805047	0.008608632765402555	3.1742135948798627	50.07110983880144	0
21.56334003694434	56.07438592757058	0.11781369340821356	6.20512071075498	16.039339631321887	2
11.915581328970074	71.01614837366216	0.15758665523227894	3.7367522656674588	13.173931376468023	2
17.124411990773876	65.67610324432293	0.09636417025682639	4.211366093777071	12.891754500869308	2
6.769281345803763	85.83618285654984	0.33477357265553226	3.101346846951432	3.9584153780394393	2
15.991070834748733	45.887289491710426	0.06753876522864018	4.4214088010669705	33.63269210724522	2
17.811870825919513	65.21747575936962	0.474491781117065	3.2635825667615186	13.232579066832303	2
15.668678991104246	68.31382278486343	0.08774710544976415	4.569029884165705	11.360721234416868	2
13.919629900359546	60.5565934430664	0.7963943915806524	4.175952757714257	20.55142950727914	2
10.000443765705576	75.19801731865647	1.355393171849084	3.015459529172595	10.430686214616301	2
16.2383828648505	48.87032017563933	0.16814162478778139	2.7042586116416594	32.01889672308072	2
11.777412117983085	72.20062155656308	0.6207431826357764	1.4877404088615982	13.913482733956453	2
18.59648390630311	65.24639494633942	0.40221023659494926	1.3589071902464096	14.396003720516129	2
9.224137872192964	70.49628135525677	5.541544997703183	0.9138538985647121	13.82418187628237	2
11.61095922613997	75.64176463749904	0.3218079126323927	1.2242140850975813	11.201254138631027	2
19.24185921887703	38.723448011985795	0.09819678727986295	1.1451766146979536	40.79131936715935	0
8.32402687821982	79.89581891516802	7.2913675867038075	0.6474563991832074	3.84133022072514	2
20.44316691328689	66.73115389550165	0.7128840922414164	0.9894779437396264	11.123317155230424	2
14.866879405385866	76.84009186228758	0.17784029276842353	1.2328086444324693	6.882379795125655	2
14.021769866094505	60.666599093416984	7.89000016624443	1.009119369792862	16.412511504451217	2
19.914116677622225	63.604518021125564	0.964291041607842	1.0738432382532885	14.443231021391082	2
5.932500732706166	87.94646864481349	1.414611766385498	0.3719593736367324	4.3344594824581275	2
8.454834504212814	81.09852028350242	4.832014543980029	0.18934572203653627	5.4252849462681985	2
5.865559146640038	87.42961566754663	1.696084400087182	0.18392349754618867	4.8248172881799745	2
3.857532283283739	63.50063340053638	15.483013470406323	0.14345803675839292	17.015362809015176	2
5.324544279814478	82.50945610864767	5.392748106545057	0.21131613201207416	6.5619353729807415	2
6.844798664872688	62.31366787772173	21.80331243836993	0.7560009922692439	8.282220026766412	2
19.466106208487815	53.37483702576047	1.432594033449667	1.1646899800368473	24.56177275226522	2
5.893962849200994	64.75442421022075	10.437182564061526	0.8198739626774124	18.094556413839324	2
3.653487014727038	8.62694129624306	0.43150808045875916	0.35929169057023236	86.92877191800092	0
0.7542098515366134	0.3083438751221836	0.00030280117817917395	0.06226363756718583	98.87487983459583	0
29.445296671989148	5.573037771818157	0.012042622237466433	0.5561807825874694	64.41344215136776	0
13.95710372864879	3.403483011855323	0.0014023687698944418	0.21235952616278717	82.42565136456321	0
19.434450452560622	1.9553244219054773	0.0013382748478333224	0.5749768886932058	78.03390996199286	0
16.494096088576622	2.417393881591324	0.0013567736543792063	1.027298305405944	80.05985495077172	0
54.870585835599265	4.596780622628408	0.007378080678571337	1.3680726024507806	39.157182858642976	1
25.219219408167014	4.805386561138208	0.0056627377639069	4.6808293715658085	65.28890192136507	0
26.47826523050397	9.78311590740856	0.003972679094496905	35.15716942586803	28.57747675712495	4
21.862274699311705	28.854674607552155	0.05971271223561757	16.38731145014299	32.836026530757536	0
20.081798895204216	35.601016384495615	0.03332103001758463	26.596639916087355	17.68722377419523	2
22.80344941718969	43.562583604231705	0.4173258875789284	9.18791121660243	24.028729874397257	2
16.86679407670976	52.571234645060485	0.5847849174950186	4.560245417099011	25.416940943635737	2
14.995425541591228	27.370099828491355	0.15321140951071627	3.0045636032811256	54.47669961712557	0
