0.011676895129868248	0.016894250834879016	0.00020548016914232115	0.00012791692862691462	99.97109545693748	0
0.023798047945979426	0.013986856769554322	0.0001498408098803591	0.00010193686572493161	99.96196331760886	0
0.0031183067442511693	0.004702959898367529	0.00010022931550986539	1.4605638309824466e-05	99.99206389840356	0
0.0027128744253653828	0.004100945697058613	0.00014228988558341664	2.1586021136696407e-05	99.99302230397087	0
0.0034589953413994906	0.009284575224441205	0.0013479710457251664	4.113019925589188e-05	99.98586732818917	0
0.0007996193439134652	0.0016928838980844435	9.496983878859243e-05	1.0135896280482121e-05	99.99740239102294	0
0.0014324855266733434	0.0014384062318908994	9.281946597394006e-05	2.0529130125169598e-05	99.99701575964532	0
0.022302110747405953	0.011814232823818861	0.0003467458971384196	0.0001047504829618205	99.96543216004868	0
0.0029707930010888454	0.008965987803218679	0.0007548500699760239	4.620291339031159e-05	99.98726216621232	0
0.0033623600441895617	0.005832978400535375	0.0009417339783514346	2.3921316400607822e-05	99.98983900626052	0
0.005195573750711508	0.010108297328260275	0.0006319154824004305	3.524866917696111e-05	99.98402896476945	0
0.00407975733145435	0.005766021998756316	0.0007759615994326851	1.3715859100527769e-05	99.98936454321127	0
0.004027218864201366	0.0095913635778859	0.00045179539379762716	2.5050883916329114e-05	99.98590457128019	0
0.003977265809973471	0.004842065075008594	0.0005168027927652117	1.3798077715163712e-05	99.99065006824453	0
0.005636543224665471	0.011822846167289422	0.000592190040958908	3.0545129021716054e-05	99.98191787543807	0
0.00862708568475024	0.013953628863565323	0.0008974460213982018	2.3323364612763342e-05	99.97649851606566	0
0.006476881773941309	0.015976058290199092	0.0005415374501437862	9.013465339833064e-06	99.97699650902038	0
0.002984195992538902	0.02337402480103035	0.0007352459577088786	1.1505035571070868e-05	99.97289502821316	0
0.005344982141178641	0.04736889760685288	0.0011799288072109598	2.0884308205863695e-05	99.94608530713654	0
0.006237464001006843	0.044431474437655306	0.0017054196311719965	2.3187442088422802e-05	99.94760245448808	0
0.004185458747646726	0.02102612162931374	0.0006943713907675297	2.1147699542125967e-05	99.97407290053273	0
0.0030906846911096394	0.016585416110308636	0.001078892934986173	9.954656482056213e-06	99.9792350516071	0
0.0019993033132272675	0.012044399515146239	0.0007548155222686094	1.010858963638753e-05	99.98519137305972	0
0.0010787051137369262	0.0052277479488881526	0.00022061006288260867	8.511515240913588e-06	99.99346442535926	0
0.001191719279256662	0.004155481047854946	0.00025992434215349984	5.156932115485992e-06	99.99438771839863	0
0.002907588821459963	0.008535795812029387	0.0003981408793761656	2.302438682699819e-05	99.98813545010032	0
0.0030681216232733453	0.005821610007483079	0.0003404210843225297	1.495904794405299e-05	99.99075488823696	0
0.013823160547975501	0.022618071887533054	0.0013822356883621493	3.307545227043034e-05	99.96214345642387	0
0.006809595923887276	0.011119454737089689	0.0005571949224376621	1.4179824289483677e-05	99.98149957459229	0
0.002449273548707363	0.005243814560526735	0.00043761001354099423	6.807285951863074e-06	99.99186249459129	0
0.005210912994070918	0.013066700660478494	0.001977699905460358	2.2249409095465203e-05	99.97972243703089	0
0.003031399702857155	0.006033029293580688	0.0008867123553668503	6.379284523887743e-06	99.99004247936367	0
0.001437147994611852	0.005875828808648654	0.0004498875890836647	4.828799451682688e-06	99.9922323068082	0
0.006293334856592087	0.007969036506973295	0.00039094098340328073	1.3475826150129966e-05	99.98533321182688	0
0.0037474641537907144	0.005273667243772107	0.000293569122533546	9.625074399045857e-06	99.9906756744055	0
0.0012259339962163928	0.005932623385679158	0.001323096001026022	7.603890412432369e-06	99.99151074272665	0
0.0017369331976428452	0.00799826877422907	0.0005975340729673248	6.742399900518992e-06	99.98966052155527	0
0.00392161113216518	0.009263934251199462	0.0008490936705048367	1.4825384252932903e-05	99.98595053556187	0
0.0024787481003857876	0.006962400037203332	0.0005141974116038724	7.198190548302288e-06	99.99003745626027	0
0.001737083176919489	0.00514864492427769	0.0002931695551432861	1.2317668107560663e-05	99.99280878467556	0
0.00288691403796295	0.00960473938776004	0.0004910645108994635	1.736486277758673e-05	99.98699991720059	0
0.01103453287838519	0.013649989739802568	0.0012593395009037529	3.453240483399734e-05	99.97402160547608	0
0.00435189373324222	0.009283580529343739	0.0005002938482141946	9.824452396730733e-06	99.98585440743679	0
0.022365487666384968	0.020680565796331707	0.0005858630681715571	2.592549087080448e-05	99.95634215797824	0
0.02214680177278704	0.015533391258258991	0.00029331706308874064	2.6923051846414358e-05	99.96199956685402	0
0.00865995863772813	0.014045231998903668	0.00021944326769195662	2.005178216380828e-05	99.97705531431352	0
0.003068611097000037	0.009233326512229521	6.555823809199227e-05	1.2431028074853404e-05	99.9876200731246	0
0.00880589168668754	0.009853287594109847	0.0001766072999847017	3.33634132999374e-05	99.98113085000591	0
0.003672011285725445	0.006012519700726858	0.00012943674287923236	2.634531553554005e-05	99.99015968695512	0
0.006232702733020307	0.006599033465255678	0.00018664411194009288	0.0001128639072877543	99.9868687557825	0
0.010042722605175594	0.0053098210256963775	0.00018055069624178395	0.00016100499141756406	99.98430590068146	0
0.03787197935475585	0.021129368215887914	0.0003391784139295956	0.0012343248250638642	99.93942514919036	0
0.05241900524856339	0.012117733058304209	0.000336271815285437	0.0012492682283850465	99.93387772164947	0
0.051599079523510664	0.022894575030987227	0.0005686600369474643	0.001281401153228432	99.92365628425533	0
0.4019761275107692	0.10078031742418501	0.000425269383307052	0.0039134092941708835	99.49290487638756	0
0.0360374965492563	0.01290202359428299	0.00011509538195003345	0.0007416497178012905	99.95020373475671	0
0.058380780478087986	0.023762238074077863	0.00042329895835991385	0.0018302427552680596	99.91560343973421	0
1.5908155838953453	0.1463757714700212	0.0007333685683393217	0.0030559213214356256	98.25901935474485	0
5.6966524739226765	2.0098777766637497	0.006063822787260869	0.022140791215260976	92.26526513541106	0
0.9875229008622503	0.15040797771094064	0.0006210551593281862	0.00487999703890936	98.85656806922856	0
0.252686905623677	0.06343668687722262	0.0002865295543406525	0.0027641485240938166	99.68082572942066	0
13.253333896375791	1.427788933140738	0.0023181996243760907	0.017440814061287988	85.2991181567978	0
1.034402108464675	0.29587308679131313	0.0009056132190112518	0.004699961942662346	98.66411922958235	0
0.19625556541958372	0.028919371909912315	0.0010591699849012196	0.000817612411938561	99.77294828027367	0
0.016071808252082993	0.009466704427301999	0.0006751198211325587	0.0001073642598482049	99.97367900323964	0
0.010703485713367673	0.004788453221540203	0.00018005705003123834	0.00010460561581862039	99.98422339839925	0
0.003995809128376193	0.0033862588718704986	0.00019284361224890714	4.83482768560488e-05	99.99237674011064	0
0.020321818521767964	0.007101981031538653	9.517268996978874e-05	7.448121163313435e-05	99.9724065465451	0
0.010789135094737551	0.007483732253223532	7.403154789391157e-05	5.289022484976757e-05	99.98160021087931	0
0.0213488041447078	0.008140699858686345	0.00016708292843511138	4.635961305888705e-05	99.97029705345511	0
0.011377484643099223	0.005922133531957779	7.89642396519339e-05	6.737528483866752e-05	99.98255404230044	0
0.002385280448083645	0.004854109755255153	0.0003310008087443665	9.241996796525783e-05	99.99233718901995	0
0.004347122978210144	0.023580713672560025	0.00046717840752378756	2.574218805714102e-05	99.97157924275366	0
0.0067340973747016695	0.010722499943461632	0.0007944606568405534	3.4192139141282786e-05	99.98171474988585	0
0.00683920975085717	0.01572891785135659	0.001021085251514193	1.828943468631179e-05	99.97639249771157	0
0.002797076504565453	0.013159964688083704	0.0008056433518450168	7.783869693741107e-06	99.98322953158582	0
0.0019884212957164775	0.008079649412401076	0.0005455401755052447	6.550589324065053e-06	99.98937983852704	0
0.004423256124606552	0.015919225640263924	0.002367614504165934	1.07380796253153e-05	99.97727916565134	0
0.006409532713193607	0.017678608524155127	0.0011004377880148078	8.329222903995593e-06	99.97480309175172	0
0.0022024560397071245	0.008487121790558667	0.0004448675336301528	2.461781558921747e-06	99.98886309285454	0
0.003896145507005561	0.014797312443229287	0.001888301035045003	4.636726799420151e-06	99.97941360428791	0
0.005487744200515941	0.023675971881649563	0.0035643403720821737	5.4941203409723635e-06	99.96726644942541	0
0.004027552090119121	0.014974257925154999	0.0026639720617155265	4.342022952004817e-06	99.97832987590004	0
0.0037154572050375877	0.01585119093544473	0.004503298429584123	3.023170281964988e-06	99.97592703025964	0
0.003387484746807836	0.012596307279219088	0.003244293857371347	5.370569070964832e-06	99.98076654354753	0
0.0011870233791611289	0.007741792046750507	0.004930428014556493	6.363111655272069e-06	99.98613439344788	0
0.0013810328486194656	0.008260323209931279	0.0032305595972801256	1.9124428275349485e-05	99.98710895991589	0
0.0013512520884265279	0.010743442051383945	0.0066386829698407805	1.773087231430504e-05	99.98124889201804	0
0.001949916022642363	0.007349851952178266	0.008237521786745618	2.43332298383297e-05	99.98243837700859	0
0.002781257974759747	0.014800224196407231	0.022197305883381844	2.0965110663634276e-05	99.96020024683479	0
0.003051925234879117	0.006944007444477097	0.0062171566329081145	2.5043711821781335e-05	99.98376186697591	0
0.001529136264707503	0.003629556562080514	0.0018485065195296838	2.40107750068273e-05	99.99296878987867	0
0.0019423897355248143	0.0066756564432975925	0.0055842115376372285	3.0562345403649635e-05	99.98576717993814	0
0.0010676563395711405	0.0032609771359325087	0.002058873642429828	2.4616556211150657e-05	99.99358787632586	0
0.002142550663727428	0.007712504813391382	0.0061568747146489525	1.4429692853044833e-05	99.98397364011538	0
0.003203185976046019	0.008270661698981824	0.005216350490199093	1.6274604656758708e-05	99.98329352723012	0
0.0014234694521851094	0.0031346802535912165	0.0009808490527357897	6.394153417791194e-06	99.99445460708807	0
0.001249990942461288	0.001862037040249213	0.0005996406579813472	3.3033521487095426e-06	99.99628502800716	0
0.0008003766375814397	0.002413784611526092	0.0009124516061476225	7.29837778025141e-06	99.99586608876697	0
0.0006542043866008187	0.0032562996196109795	0.0006246886140609792	6.797080987462131e-06	99.99545801029873	0
0.0008311943163442623	0.0055410028885583	0.0006512452022761361	1.7047281758050337e-05	99.99295951031108	0
0.0016771631117045637	0.003422597978811306	0.0008206486900913795	9.985175354828287e-06	99.99406960504405	0
0.00380509725698144	0.005963632682544985	0.0010684498385042055	1.3218787006796391e-05	99.98914960143496	0
0.0032846575457907315	0.003765365778996313	0.0005714026063818583	1.3421483203287615e-05	99.99236515258562	0
0.0015764634489378155	0.00376067306507036	0.0007097525287377412	8.033910099731438e-06	99.99394507704716	0
0.001915414751736854	0.002814331148358481	0.0007686414864834508	4.7746650833611645e-06	99.99449683794833	0
0.0035910070732693583	0.004492815429017205	0.00047945260395858974	7.502727833440962e-06	99.99142922216592	0
0.001159017283429845	0.003636052440216542	0.0002162632467478805	3.940045687116075e-06	99.99498472698392	0
0.002983201656515006	0.00451106929812655	0.00022332333223418812	4.895018696613963e-06	99.99227751069444	0
0.002822493883072255	0.0034852896129113626	0.00024807057029715507	2.2058848342708058e-05	99.99342208708538	0
0.003000594048471945	0.005407418392535339	0.0007524753021094491	1.8651896029186217e-05	99.99082086036086	0
0.013427805090856929	0.017128849988316985	0.0013796247154597729	4.4118124591311335e-05	99.96801960208079	0
0.015405068225128875	0.005657894677240488	0.0011237843015339866	4.261250426931484e-05	99.97777064029184	0
0.04006241336784394	0.021419002752522343	0.0017823786426571127	5.817141597482043e-05	99.93667803382101	0
0.014729777032690343	0.009501170347033487	0.0010181959478571233	4.071146074787157e-05	99.97471014521166	0
0.02141011472946271	0.019045927808604805	0.0020756044023000717	5.336338693470107e-05	99.9574149896727	0
0.01019003380266871	0.012563884500369738	0.002034624272591146	2.164901033023496e-05	99.97518980841403	0
0.013732825051164766	0.01671220416533114	0.001350684727052665	5.144887229177095e-05	99.96815283718416	0
0.005130616386688905	0.013283401961638953	0.0008695747583840875	1.3687040106257462e-05	99.98070271985318	0
0.002267533717557148	0.012168460823712625	0.0006986787617603865	1.2156328941412317e-05	99.98485317036804	0
0.011620090907182773	0.01989125292556629	0.0006217556888412748	6.014103058101585e-05	99.96780675944783	0
0.00694138367891071	0.04108233427046814	0.001089786015329102	5.823710896302668e-05	99.95082825892634	0
0.006833621683247521	0.031222016828654588	0.0009524958851478855	5.793964782404219e-05	99.96093392595512	0
0.006873544568405643	0.045061120705657716	0.000985708987053779	6.067565265438143e-05	99.94701895008623	0
0.00757818551882708	0.03432321371462825	0.0019722272405129707	8.037393263580928e-05	99.95604599959339	0
0.020022906272845847	0.07613889258895339	0.001520189181693774	8.471166556181642e-05	99.90223330029093	0
0.008546272846831293	0.05485342434058225	0.001284727850473591	7.201422955213491e-05	99.93524356073254	0
0.007699527087762968	0.03515958235678454	0.0014147932332721127	6.944973244719581e-05	99.95565664758973	0
0.016876961291493426	0.06558327538445319	0.0011436917613564899	0.00010976744768728355	99.916286304115	0
0.009258996519936356	0.028143457888358214	0.0007477658793083055	8.222546311954892e-05	99.96176755424928	0
0.002247634651596818	0.012757481803352106	0.0008993235324946977	2.2219481493267846e-05	99.98407334053107	0
0.009328289234807123	0.017577062694484117	0.0005969077427268776	4.014023518040552e-05	99.9724576000928	0
0.0017100318132561513	0.007243551163848615	0.00018213674562262943	1.2117826185467988e-05	99.99085216245109	0
0.0037801086869382956	0.02236306912868499	0.0008052712954254701	3.821492477196212e-05	99.97301333596417	0
0.00480824441078418	0.02634800086233522	0.0004660556640915483	2.4465435021189197e-05	99.96835323362778	0
0.003686444210367798	0.018901327127456586	0.00043463198017090727	2.841171063677705e-05	99.97694918497136	0
0.0035121018553620673	0.014153565480498856	0.0006059280001133793	2.274502030536366e-05	99.98170565964372	0
0.006129807402548218	0.02364699284673276	0.001774495414106011	2.881330699144767e-05	99.96841989102961	0
0.008072050614192198	0.022456212506530536	0.0013095961024642523	4.709484660883881e-05	99.96811504593019	0
0.002247898825640732	0.0028045839788259958	0.000183148181521303	1.2369207191038785e-05	99.99475199980682	0
0.002256509905662588	0.008216230493977208	0.0006552740699787712	1.3483813857282813e-05	99.98885850171654	0
0.0007524433486046631	0.004112254314359297	0.000139873631098128	6.240067985943185e-06	99.99498918863794	0
0.0005583506939482636	0.00319601357320122	0.00029195561135529987	1.1657853013584993e-05	99.9959420222685	0
0.0020370794942097697	0.008136305691030585	0.0005403354688997797	3.2611248196124694e-05	99.98925366809766	0
0.001974526136726392	0.006616070265811551	0.0003178100096257839	2.339132682254474e-05	99.99106820226102	0
0.00394119914065736	0.01251632314058012	0.00046818707428184674	4.779865860039379e-05	99.98302649198588	0
0.03911274687711755	0.02360934736850158	0.0004791421481263181	0.0003488469201892338	99.93644991668606	0
0.006981467133601933	0.01017921431053019	0.0001901465429645154	0.00018679480918347492	99.98246237720372	0
0.006260636579949394	0.011769642378229535	0.0002315770408511238	8.634605481792154e-05	99.98165179794616	0
0.0059235084858050855	0.008770902411316353	0.00032183047406635263	0.00011438373323067722	99.98486937489557	0
0.004105009741939484	0.006946810960434072	0.00020758598222414976	0.0001050887324763018	99.98863550458293	0
0.002650826505020293	0.0031396207869066675	0.0002889001174106451	5.414967003938923e-05	99.99386650292064	0
0.006129663031710757	0.010302608862881273	0.0001700925602062078	7.797552900542333e-05	99.9833196600162	0
0.008264306566779954	0.012641991678531741	0.0004572062060941185	0.00019436901448760302	99.9784421265341	0
0.011240958752221879	0.013418627862904695	0.0006048088879080148	0.0001460780088893489	99.97458952648807	0
0.01181919895848815	0.01342168416523565	0.000826359768485026	0.00029200330427606386	99.97364075380352	0
0.08069579232893903	0.043049288046526905	0.0006371628461344762	0.0007622006293640915	99.87485555614903	0
0.08777203297930239	0.04656742163528041	0.00079734147655802	0.00104198078916625	99.8638212231197	0
0.07038830288622057	0.022850087975391755	0.00022503701320338235	0.0004380419823696872	99.9060985301428	0
0.05267141179191632	0.008313141454604775	6.284744937135831e-05	0.00042961117738365056	99.93852298812673	0
0.0794115213914969	0.01789983930096786	0.00010447928395272434	0.0016534318876325058	99.90093072813596	0
0.03527385009999731	0.005911495788833621	4.4754357718755264e-05	0.0009463403361954173	99.95782355941726	0
0.2620354795242039	0.03311412503767156	0.00010614216127892719	0.0036613596644102814	99.70108289361242	0
0.9278933100123661	0.08481952902820983	0.00016330476933682124	0.005873415875263786	98.98125044031481	0
0.08036112393012138	0.013785288090603623	7.422457739808307e-05	0.0038316644252392026	99.90194769897663	0
0.35357352026534694	0.031643001312630016	0.0001293877072308216	0.0031078091779772545	99.61154628153682	0
0.3082459303530375	0.020830773402925003	0.00010207081779784922	0.0024582364097740297	99.66836298901647	0
58.89527822349457	5.034071133905166	0.007692157658573946	0.11372314169967356	35.949235343241995	1
85.56463619149433	8.111395662086284	0.005691152537725812	0.06736112925012566	6.25091586463154	1
31.886714017632308	61.034940248518375	4.979423618353215	0.1936846872417056	1.905237428254399	2
6.670553301464375	79.3537731448266	12.761393087274229	0.42837834066688907	0.7859021257678993	2
4.024653426222762	93.40279693923881	1.3640275956854206	0.3762845410466853	0.8322374978063249	2
0.8588500841261868	42.17971342783454	56.34103535669539	0.22475632222040456	0.39564480912347805	3
0.22326459892342074	48.46641396474849	50.5653664394103	0.23651750756191492	0.5084374893558782	3
0.4588474293760144	63.525654614304926	34.79168983022826	0.27022444594029654	0.9535836801505092	2
0.9258279692457363	78.53643268775922	19.58980095459832	0.19042036527338818	0.7575180231233405	2
0.24080479211484432	21.664405769790054	77.81689483142293	0.03582600836035309	0.24206859831180702	3
0.15901066855126567	11.546487110819223	88.10351223838822	0.029107832583931424	0.16188214965735392	3
0.15278129294201823	11.992657938948215	87.61976550247556	0.02047343322069394	0.21432183241350405	3
0.08526224924099167	11.224661746193036	88.47813237352872	0.0217539376469471	0.19018969339030456	3
0.06084026906473908	7.72787895697042	91.9431855907871	0.026783110635565807	0.24131207254219433	3
0.046093273170769895	4.053191322490983	95.83078804682013	0.010292985067232488	0.05963437245088439	3
0.02591217169866909	4.377616594230795	95.5262754012553	0.008890915785827187	0.06130491702940555	3
0.05807476362737384	8.848934565705191	90.91171800428029	0.017733803160316506	0.1635388632268356	3
0.02193011090029561	4.560265124950763	95.32448021535619	0.004801860960589066	0.08852268783214504	3
0.03918101609998361	4.893593235611677	95.00164243939956	0.006592518990833987	0.05899078989794958	3
0.011800035072450117	2.5625219016314067	97.38739892603192	0.0050795243178109635	0.03319961294642037	3
0.02227419574579169	4.146614518485537	95.74887405333344	0.008450885979876562	0.07378634645538887	3
0.016517665097800775	1.8386265774632835	98.08892317211814	0.006327277042449997	0.04960530827831468	3
0.02952692681461894	3.473212604191815	96.41531047492003	0.014899886045343494	0.06705010802818528	3
0.011986714796958689	1.5538498137770227	98.39261879494762	0.009903683315559578	0.0316409931628424	3
0.021431124436303843	2.3955809131427164	97.46310711097112	0.017107516975400947	0.10277333447444013	3
0.026959399727793557	2.9448426997296666	96.93920986573656	0.033277305895979443	0.05571072891001149	3
11.84717635033052	16.347923636878225	0.5586561278341345	0.0634347796991233	71.182809105258	0
2.7224633528625226	78.83859387526167	17.865736369241272	0.18219533017908865	0.3910110724554479	2
0.7067751210917883	27.91414223982867	71.11105330671828	0.062270324272295195	0.2057590080889914	3
0.20221351598534867	5.600166984419081	94.12453051299067	0.01840666290946181	0.05468232369542572	3
0.008131057440042501	2.6531897898633114	97.2919795953828	0.01004486264237705	0.03665469467145778	3
0.010457253848969497	2.820782690748922	97.13167236541742	0.008597834001208617	0.028489855983484056	3
0.008253544158639471	1.7223176799403142	98.24151169536776	0.005363107735730824	0.022553972797575705	3
0.011106035708927778	1.7240388956598014	98.23624157981912	0.0046433893917266714	0.023970099420413723	3
0.0067383527625834135	1.6853578471382908	98.28222140938901	0.0024627636804287344	0.023219627029696002	3
0.007308449694753533	1.4225209497921716	98.55072573766618	0.0032590705946852743	0.016185792252211593	3
0.007305528199657312	1.8278103524688893	98.13422612192296	0.006321121149170331	0.02433687625929936	3
0.007769658081821153	1.7125926398674032	98.25485518514475	0.004922552008167862	0.01985996489785365	3
0.007684986637501464	1.047454395753447	98.92335413951811	0.009663453878882957	0.011843024212057043	3
0.009699676088108001	1.5344289750247861	98.41118088005001	0.00742041764814529	0.03727005118894861	3
0.011123670642378961	1.709861148739155	98.24164974164317	0.006036554739561022	0.03132888423573609	3
0.009807396889286557	1.2066955192498101	98.7494487958365	0.007591649713160992	0.0264566383112435	3
0.015085714358359481	2.1081511615356026	97.8185564709395	0.023462045863682352	0.03474460730285009	3
0.010363052335955693	1.4451288058118106	98.46481488782429	0.01536640656844588	0.06432684745950558	3
0.03469256634558922	1.324555035709072	98.5563127359459	0.02367088917424966	0.06076877282520348	3
0.027570592704973	3.1717696122210053	96.54200091625239	0.21197251345364945	0.04668636536796211	3
0.04538947911392362	3.0384219460019146	96.75567466614751	0.08812797847661852	0.07238593026003758	3
12.779887179612679	26.23961428810232	3.728548009509952	0.3715159319161371	56.88043459085891	0
8.032112271177198	45.861636691814276	37.522509840644574	0.4380230210968179	8.14571817526714	2
35.1121562032407	50.17374490543961	10.466715165240057	0.2800262156253577	3.9673575104542795	2
9.806491102775027	64.84942535979049	24.2180856712188	0.23115500124419844	0.8948428649714855	2
3.4932463759492958	80.33841807560937	15.502121288530635	0.12314493269371138	0.5430693272169769	2
0.6339508937841936	44.05275269006243	54.915787665025604	0.14560553739471507	0.25190321373305613	3
0.12587276841905343	20.595718593581033	79.0046271252564	0.11916093620480343	0.15462057653870137	3
0.06883289866127154	7.193628020934422	92.63711806288953	0.03725014619008296	0.06317087132469021	3
0.07168793681147495	7.708477348749206	92.06116551519992	0.04968944969098948	0.10897974954840375	3
0.05085536110541767	5.927291018083716	93.8039065845301	0.10021770816777062	0.11772932811300175	3
0.07485843651585028	6.918422063680795	92.75138870679885	0.11155364752493359	0.14377714547957052	3
0.08404050683896852	4.69225582324674	95.01777160245148	0.05728792632215187	0.14864414114067126	3
12.305166246856892	70.32707824479594	11.500338395590466	0.48066485914307555	5.386752253613623	2
0.45737370182173126	13.031792457427851	86.09678197703423	0.13501391338430196	0.27903795033189843	3
0.4243185943928264	9.132246763968913	90.11403210509788	0.11951641327392364	0.20988612326646225	3
1.8398780438447326	29.33849990510583	67.21183541920607	0.5014190963810335	1.1083675354623335	3
0.32264159901140754	9.813998186413771	89.15612175597177	0.4606441511783418	0.24659430742472802	3
6.322391316981254	48.01726173171797	22.168209281592087	2.3756053670793023	21.11653230262939	2
10.600871690392365	81.42964658532651	0.6300500137197401	3.3074021962898374	4.032029514271572	2
14.904581504474738	76.88295835239352	3.9807893776349847	1.6015240934802093	2.63014667201655	2
5.482744617780022	7.746482697659442	0.21666554420023007	0.3249344622649678	86.22917267809534	0
40.705063782562824	34.46726651184105	0.11287536602263859	0.5342690022881338	24.180525337285356	1
39.12915134763676	55.56961072311888	0.24329274254913935	0.5444225566209376	4.513522630074281	2
10.474805774169896	85.54354171866336	2.496332057013284	0.8191260049749068	0.666194445178548	2
5.237427527293013	89.62191994618047	3.4336885624954	0.982200374611416	0.7247635894196923	2
3.642257881744672	90.93573831111573	4.039125487833376	0.891200066948414	0.4916782523578266	2
2.40494876858307	67.33904977911077	28.88348002668138	0.4210193872407849	0.9515020383839843	2
0.8143890647997656	65.02457913698817	33.565498417035776	0.30487617405022865	0.2906572071260528	2
0.25005928060555405	40.16279445142983	59.032897373937985	0.2983896307556486	0.2558592632709874	3
0.1457609360031744	18.46969934703748	81.04436645701765	0.2049863692022706	0.13518689073943677	3
0.19061237916617074	30.215093816627576	68.71530880836222	0.2717328787148513	0.6072521171291884	3
0.3546260292727169	44.354627614494	54.47399369770556	0.472126757256659	0.3446259012710488	3
0.1763630715822185	10.442285946288735	88.87376230809208	0.08708036882264483	0.420508305214322	3
0.14695979842797802	7.984843792566437	91.69028024260267	0.0689342373501375	0.10898192905277465	3
0.05414153875945659	4.833170601796965	94.94953059057092	0.04024299538386669	0.12291427348879404	3
0.06195320120483141	4.185768696267056	95.59426273941291	0.08100592324893191	0.07700943986624728	3
0.03382696283650438	4.101016234270554	95.75729845421391	0.023230947229644677	0.08462740144938254	3
0.05933119298998853	4.61587385496652	95.12340631977561	0.03296748059455012	0.16842115167333496	3
0.031066501714958863	2.585854822917047	97.30446340808037	0.013574545785955709	0.06504072150167177	3
0.034083733834677166	4.111843041283016	95.76339815699781	0.021656707975392837	0.06901835990910608	3
0.02257539765401584	2.4941592253949008	97.432489760307	0.01396430137530373	0.03681131526878396	3
0.03387532321966753	3.4667021718314777	96.35373365603358	0.06292103761968039	0.08276781129559883	3
0.043432212676944595	2.5312411531472243	97.2491257581316	0.07167698705772825	0.1045238889864997	3
0.037938541843603485	2.3008965436454565	97.533242854728	0.0837590414227011	0.04416301836023815	3
0.11824955406574181	6.095205559520375	93.02898949377234	0.3571700115153449	0.40038538112618094	3
0.07063952728792752	8.614866682587225	90.85251175532169	0.29027827717830396	0.17170375762484166	3
0.09104048963044849	11.808420335758123	87.73549521210302	0.1378144260774422	0.2272295364309523	3
0.04846175668582028	4.005762458427625	95.79179070817165	0.056648424514049625	0.09733665220085534	3
0.05791570029129867	4.639354842733934	95.0607225794162	0.10819968056475318	0.13380719699382207	3
0.05431195399275578	4.203095148781689	95.57343601863674	0.07600956131480023	0.0931473172740375	3
0.030521388148139064	3.3855212681960234	96.45836375652166	0.0631605044945608	0.06243308263960559	3
0.07288400568285258	5.50984688963176	94.16449463228881	0.09913436543958795	0.15364010695698205	3
0.05023440621665704	4.467669041652201	95.24321715341195	0.08472245164939632	0.15415694706978816	3
0.04699635773674849	3.5852372834412107	95.90455543245857	0.14363137479996427	0.3195795515635201	3
0.031035151774972656	2.523504117168641	97.30364194905835	0.06526033355219542	0.07655844844584134	3
0.04504694621228116	3.7227146858991955	96.09225552806234	0.0647402366877601	0.07524260313843005	3
0.16873534003338103	9.831830700261895	89.47286130376433	0.25148539857214186	0.27508725736826467	3
0.12032768935380907	7.307770237294885	92.01525458367779	0.3115453103666902	0.24510217930682082	3
0.061919936414316375	3.344839803403253	96.3508010552779	0.14606385348060572	0.09637535142391748	3
0.1468003457279063	9.619661759183103	89.64139565720154	0.3251375260026161	0.2670047118848095	3
0.09870423660197203	8.629675496412153	90.81333403688203	0.2324829126816199	0.2258033174222259	3
0.07259563977979241	5.609195451851447	93.91240800511562	0.26811227554945644	0.13768862770368678	3
0.08852571176114107	8.425077559706939	91.20464953848165	0.15290158917073005	0.12884560087956515	3
0.04399729924124239	3.967665254420045	95.83333092024658	0.0903578740295025	0.06464865206262264	3
0.04838189607905803	4.517901767021257	95.09082882231299	0.17509658255654215	0.1677909320301511	3
0.025821626088355972	2.759111205034069	97.06232921758804	0.09007197001874337	0.06266598127078789	3
0.03213173840520076	3.324498604016451	96.45878890629174	0.06516922746039666	0.11941152382619645	3
0.06071120292359993	6.3295220484935095	93.29363572742928	0.09725291384170284	0.2188781073119143	3
0.07329261894465228	4.27121745830807	95.38020097853843	0.06997260088887179	0.20531634331999002	3
0.06173556194227835	5.352459228257071	94.34458378910327	0.1480723113277407	0.09314910936964654	3
0.057491426050730966	4.876791864824433	94.87975180769249	0.08104550352138433	0.10491939791097932	3
0.02560373117315917	3.4389806065900546	96.3959360051902	0.08286524340676488	0.056614413639833945	3
0.056343027192008274	4.653594479571624	95.02180344946521	0.13732460731566531	0.13093443645547917	3
0.11763225876701149	9.308909638300598	90.04953570778564	0.18598570701672085	0.3379366881300486	3
0.03154053735960002	3.8925289661418847	95.910049295731	0.0821147330694395	0.08376646769807969	3
0.0977072799132865	5.269638598521611	94.41573467322164	0.08430805900442666	0.13261138933902356	3
0.04702395717694046	5.331983604729421	94.44446608166486	0.08456984057757956	0.09195651585120132	3
0.033257339172331375	5.096603245338442	94.66225879072125	0.1327703410515455	0.07511028371642309	3
0.049668147495170734	3.847672758496485	95.91102076107374	0.10312121740993732	0.08851711552466963	3
0.06497041118160789	8.941197440436204	90.56916235295446	0.11374788571360069	0.31092190971412687	3
0.6060144753661414	14.193047374808748	83.97752908371153	0.1830051441289177	1.0404039219846666	3
0.5324137590886744	18.0862391514764	80.39979199680731	0.1419690554241598	0.8395860372034596	3
0.24122581435482757	11.70111558434349	87.79845225711738	0.06418950277064048	0.19501684141366185	3
0.9526149515363445	27.64536235917569	70.43835855556863	0.17573400860563482	0.7879301251137064	3
0.15233965002809274	9.724320137327869	89.75936462142096	0.08654843799380098	0.2774271532292721	3
0.08168617766194106	6.653008568037244	93.08119040884287	0.05787342739441759	0.12624141806352684	3
0.1278584896022127	11.256994311594395	88.24928221309598	0.174531555806385	0.1913334299010162	3
0.03942942780802755	4.308089369956297	95.5396184320658	0.04676864428420375	0.06609412588568175	3
0.03297258104694454	3.0099543306281817	96.84940457751186	0.03885258080902575	0.06881593000398777	3
0.042505931308750196	3.7874013421684283	95.99731188772944	0.09747771744775907	0.07530312134561551	3
0.05172442546671496	4.701674113876046	95.05514123540397	0.08856012118772127	0.10290010406554487	3
0.048689372382583085	5.611701904759122	94.10405079683824	0.1073896433821993	0.12816828263788518	3
0.04074135110380278	4.043172194218562	95.69269190784256	0.12532523529299897	0.09806931154208667	3
0.10332856976617652	8.959583357061629	90.54739801404627	0.14596270246155502	0.24372735666437798	3
0.058341228629713256	6.271662306510121	93.36621022674171	0.19179996303188365	0.11198627508655137	3
0.6109546025308781	27.304551745649285	70.21760805868173	0.8807025123065788	0.986183080831528	3
0.5703196433156741	19.906362474745183	78.44986754385678	0.6580479734108675	0.41540236467151154	3
0.279638120151375	21.27066093923889	77.48607186646332	0.6800205854425756	0.283608488703834	3
0.28359474406382645	14.123006991188653	85.22307874518258	0.15515562939751976	0.21516389016740747	3
0.16362480831711795	12.49014287696448	86.96255513669155	0.17203970585494907	0.2116374721718957	3
0.07263344895830591	6.840170585680072	92.84032737874261	0.15888303796638767	0.08798554865262742	3
0.08772881679328826	5.9825925869567955	93.56131065509952	0.2231945115356064	0.14517342961478769	3
0.06301346465505107	5.728554574419036	93.98848117025483	0.08756286518125941	0.13238792548983863	3
0.21967601984711219	11.838494125087164	87.48857049561639	0.15631797297708125	0.29694138647226537	3
0.03406549330698809	3.390982309625077	96.44361240718617	0.044827344601363416	0.08651244528039811	3
0.03782093261404252	5.595168601271036	94.20394640131498	0.0777376657883564	0.08532639901155482	3
0.03849323761248027	4.183018664258598	95.66093467744085	0.03926432580952141	0.07828909487854001	3
0.027145987593416455	2.672225640486926	97.17763775243256	0.0593381281856342	0.06365249130145946	3
0.1808547063396937	14.119350871332836	85.12238238685741	0.24904622155487785	0.3283658139151873	3
0.05451814805647338	4.621362531821159	95.08201472833527	0.07204411440854802	0.17006047737852867	3
0.17679880193680847	7.52751961666721	91.93142698788903	0.08263197204269992	0.2816226214642519	3
0.12353169403693752	5.668830444011541	93.99933652489904	0.0555555082963222	0.15274582875618395	3
0.07164257481797039	5.849988527441842	93.93144774871628	0.038623036589267294	0.10829811243464844	3
0.05426880692464052	3.8882419545053883	95.91409900461254	0.04225921274226231	0.1011310212151668	3
0.030622354885746474	3.331809538264927	96.47345001312766	0.05477565305077197	0.10934244067089287	3
0.03125295528635516	3.0235736799935466	96.79149255961022	0.04822713953867421	0.10545366557118752	3
0.08166574701013882	5.051846100959642	94.56747750212304	0.06596273171086309	0.23304791819631124	3
0.04704300429495899	3.3824207751418043	96.38869328176446	0.058865665866226644	0.12297727293253248	3
0.057270843184813354	4.271934829113627	95.47823804546289	0.06836482721917356	0.12419145501952261	3
0.04594526028095676	3.2305650747098276	96.50953742933375	0.0736542164512257	0.14029801922426174	3
0.3592313689713527	16.372384898985107	82.06758859763839	0.19029235507073838	1.0105027793344121	3
0.07974595807356444	3.9459152787667797	95.72740833782008	0.06221908162611482	0.18471134371346024	3
0.12307614558529584	5.0809383434081345	94.43193071357868	0.07701466155999287	0.2870401358678788	3
1.28188226133078	32.9353379499046	60.39150693287739	0.5334695863950826	4.857803269492153	3
0.6506093134912523	3.079624873373982	0.7460039870425363	0.18093362091036813	95.34282820518185	0
0.2189789723959535	0.2893038373840557	0.025597108274322662	0.009473320930007493	99.45664676101565	0
0.12161769484348851	0.15055203681363388	0.009181216546226964	0.0018674478571379413	99.7167816039395	0
0.0505928399236574	0.06029723622604192	0.002251287348247258	0.0011576496028512847	99.88570098689921	0
0.030637642544182723	0.07327458600156914	0.002305008972101663	0.0015160319695953993	99.89226673051255	0
0.1016504557248882	0.16544646522085404	0.008155253051432644	0.003140442448935955	99.72160738355387	0
0.03540418266532211	0.03320543090204512	0.0008644089223595618	0.004054339468381683	99.92647163804189	0
0.03350185766919113	0.017081129830455708	0.000985303999930429	0.002883427488417946	99.94554828101201	0
0.04702320269298248	0.030377701442457772	0.0005971588264224823	0.007860895666492524	99.91414104137164	0
0.08005317558340334	0.08828625595368589	0.0020847249731026497	0.010195435446846056	99.81938040804297	0
0.018360795160795276	0.04902636800775587	0.0028093083331806133	0.0038707624031240635	99.92593276609514	0
0.03240204896441525	0.04035875908985097	0.0007127487217879123	0.0017173084715038614	99.92480913475245	0
0.05063064064354184	0.09153471891103329	0.0024392638741641756	0.0034266022419383504	99.85196877432932	0
0.06398522107328539	0.12389800229068862	0.0016418797650557357	0.0034056405457253383	99.80706925632524	0
0.05043267859600458	0.050345003914374825	0.0008624721920931544	0.002613654270813626	99.8957461910267	0
0.09639572048469297	0.15594309004829413	0.001812340964065426	0.007059582523015721	99.73878926597992	0
0.16122623490425217	0.4848124825521696	0.004941572213057016	0.006928035081118245	99.3420916752494	0
0.27812724230512176	0.30439572817694405	0.0035814742016185143	0.00915073026378915	99.40474482505252	0
0.24141457714538192	0.18339741880875451	0.0008153234453540417	0.005938882494217807	99.5684337981063	0
0.4975468752581795	0.3216729878103378	0.002806246010260807	0.005112328810806071	99.17286156211041	0
0.6383589661957267	0.17149820940507424	0.0010815032812113636	0.004104846525659944	99.18495647459233	0
0.7580117968390723	0.15644684869775932	0.0013921051130891566	0.007051824268640767	99.07709742508143	0
14.542900616888302	0.6824561470753109	0.001200152627003533	0.0334244929139943	84.7400185904954	0
64.84448605384883	3.5552065938240682	0.0012656070301440335	0.035739394914426924	31.56330235038254	1
87.78204331090372	6.814851764584358	0.0032738288792523713	0.07753577630270791	5.3222953193299585	1
74.4058467082165	13.538994258469994	0.0031881900051863627	0.1458965701396555	11.906074273168668	1
64.88596369536444	22.340190030820306	0.011301593887160502	0.23517743513716266	12.527367244790938	1
19.861161692109945	77.08172413804184	0.39009555996928097	1.1778713656582953	1.4891472442206546	2
30.039995935066216	66.08053194468036	0.027811497878756617	2.0816473060834157	1.7700133162912455	2
20.514165791956472	74.80873640175477	0.07030975695560486	1.730091631285431	2.8766964180477124	2
1.9616610238999366	5.061328840820831	0.06055474602952892	0.7455717129612967	92.17088367628841	0
0.13769429195173802	0.12337705600745	0.0005941256780927479	0.006064738476646388	99.73226978788607	0
2.381177510653049	0.20303295088045886	0.0003597132384805271	0.02835523870262279	97.38707458652539	0
6.659758352714971	0.3862736378742609	0.0006214004786107434	0.021718562873982897	92.93162804605817	0
76.10255292414139	5.848923715956778	0.002621983078691067	0.5529582802067695	17.49294309661638	1
23.934456939555393	3.490470772342073	0.0009701948128667946	0.27044078336527716	72.3036613099244	0
75.88782378491858	7.394604049743496	0.0031293528165077396	1.1237704191116447	15.590672393409772	1
70.75682922573704	20.829839344381956	0.008328999569601224	0.8308242720984133	7.574178158212976	1
65.77585164288764	22.793249152571565	0.022417650337797038	0.8739604279121395	10.534521126290866	1
63.81878157608951	33.20653328973342	0.05360482435711484	1.140775811344205	1.78030449847575	1
23.260580013860636	74.88525820916784	0.08285429155848352	0.597469449445927	1.1738380359671112	2
17.11381430213988	80.76452124059257	0.0953644953796937	1.2966396979338999	0.7296602639539644	2
2.9238968072267504	95.5508976363595	0.4491219646782024	0.3060228738622016	0.7700607178733362	2
3.259897968350279	95.700060161688	0.16186904566133406	0.39719851152828917	0.4809743127721064	2
3.3794656010686293	95.13014302728399	0.05110903108498813	0.7874519846420408	0.6518303559203387	2
2.2540873198220233	96.49527111628846	0.36555822580490477	0.1755800705737161	0.7095032675108619	2
0.8552176883479191	98.51749516813365	0.12178813147880915	0.17603225536622003	0.32946675667339786	2
2.951352812642304	96.19627565264648	0.08070738991033186	0.1859723703572772	0.585691774443615	2
1.7890391347198398	96.80417878165831	0.6364527780446502	0.16613447983229515	0.6041948257448915	2
4.120301337940652	94.63970517567444	0.12312273103338056	0.5147938354040728	0.602076919947454	2
1.5951347374044866	96.82532234127137	0.6239826839836434	0.28553062591161016	0.670029611428909	2
1.0470084994505564	97.44020799996342	0.7398907476119765	0.24901305881852462	0.523879694155511	2
1.8248961690380556	96.82204299742445	0.1403181032556391	0.6603749121716809	0.5523678181101743	2
0.8347297781870896	97.84926306851982	0.3072032998799734	0.5458665073024596	0.4629373461106676	2
1.9629415765171934	96.30334164204275	0.7862579203955402	0.4436787529944629	0.5037801080500406	2
0.8857362135455616	97.41417833507847	1.0883909046119107	0.29764202736375733	0.3140525194002726	2
