N1	N2	N3	R	W	anotacion
0.10778399992507887	0.9771633651980625	0.1831050225348848	0.06582248101403884	98.66612513132793	0
0.0790463945118754	0.6236076467810548	0.19517299999263915	0.02803094325075342	99.07414201546368	0
0.21064717259684684	2.3686197020060966	0.14597899497881367	0.0909788320671992	97.18377529835104	0
0.12901231140443986	0.8303031752234995	0.4175400579769748	0.034603039966355005	98.58854141542874	0
0.23082555054896428	1.3657389800869189	1.0073801648460756	0.15632781771759982	97.23972748680045	0
0.37168518683997503	2.705221941689536	0.8263312170527632	0.09107202001869648	96.00568963439903	0
0.8048967138357608	2.3999655059493086	0.6635066530849394	0.14692766136144986	95.98470346576853	0
0.3012017825256933	1.2266480846660925	0.3609201757935415	0.055931326138352375	98.05529863087634	0
0.35066050636326673	0.9767018559260373	0.3323814051228932	0.048830950587351866	98.29142528200046	0
0.17413807344069154	1.5737752112575518	0.15467283872078197	0.026199091792314506	98.07121478478867	0
0.10650614102564425	0.8056257382501649	0.2839285743031432	0.015296618414164458	98.78864292800688	0
0.17847950005588084	0.45377268917735586	0.16618519605177687	0.03096889546416694	99.17059371925082	0
0.07267143080997239	0.3369496656091067	0.27535456301319416	0.006480738238745811	99.30854360232897	0
0.33148462813732127	0.7315708322956299	0.5638466982122674	0.001433954833246764	98.37166388652155	0
0.06169666565203551	0.20636056236023748	0.6694410009597573	0.003576331685526784	99.05892543934245	0
0.062107177397224746	0.059118371351283554	0.3685818000934716	0.0004097891749911269	99.50978286198303	0
0.32517953714917053	0.2881343563201883	1.4176888357001654	0.002704249916332023	97.96629302091415	0
0.15978035241928237	0.18651627428987236	0.5195769792395197	0.0032350753672769714	99.13089131868405	0
0.23426441951829594	0.32403275240267565	1.9255372605185779	0.004964876246442526	97.51120069131402	0
0.22126391582622043	0.34349459700463875	1.167011883830373	0.006759952778922885	98.26146965055985	0
0.5353276212513791	0.8702271417058906	1.5103141576939854	0.042114279843785886	97.04201679950496	0
0.43864207675458455	0.6295699670737959	1.1372193670468491	0.02612046335815085	97.76844812576662	0
0.7276391223825205	0.9800768162250758	1.1359184235521937	0.04912897620234905	97.10723666163786	0
0.7826627507057926	1.0926389365372517	1.9426989497611027	0.11131265259190219	96.07068671040395	0
0.21535368644686684	0.40881815156137374	0.7190938890729298	0.07479399275778935	98.58194028016105	0
0.3791779510035919	0.4633437834703445	1.0947471971693066	0.018671547300726184	98.04405952105603	0
0.17226940765271115	0.1661471018544894	0.3934879360078283	0.006215286209745281	99.26188026827523	0
0.10514252612089862	0.2482525491419604	0.06592982789114214	0.01641264811067957	99.56426244873532	0
0.10511760936690151	0.15315610747780042	0.06424962242470371	0.014823064265349125	99.66265359646525	0
0.6731088729160778	0.7759222114150123	0.14520594693795066	0.009531729187711613	98.39623123954324	0
1.1285142672234685	1.192865173062387	0.10175185393846797	0.017141380331618387	97.55972732544407	0
1.0223672005543416	0.8512431880305633	0.13601278933851857	0.04690646686028252	97.9434703552163	0
5.667084761095522	1.615992780612651	0.05644785898139556	0.09102182651258797	92.56945277279785	0
0.5794883250279587	0.2066721769053509	0.011695465367433044	0.011117711089479225	99.19102632160977	0
0.7928749818356826	0.27226297311326053	0.036136733440025284	0.010664972685928724	98.88806033892511	0
1.1754344082894819	0.5027967573159011	0.03600726582961771	0.034677131270587344	98.25108443729442	0
0.1919718261643133	0.09640793700911104	0.026517374440052515	0.009743093108666423	99.67535976927785	0
0.7024331887012776	0.23992985006237494	0.05120311550802331	0.14132787175971745	98.86510597396861	0
0.32193167438721454	0.2709267946609078	0.031491396061492885	0.024517051006951663	99.35113308388343	0
0.2661718232120244	0.32314795407196156	0.052863636569610704	0.07490652264609375	99.28291006350032	0
0.8040563168527338	0.5440147098161322	0.03847877001270597	0.05424666641238854	98.55920353690605	0
2.622175965645111	1.501909677847607	0.036892634059823015	0.1459063199305916	95.69311540251687	0
1.1473178771567856	0.6780694370367921	0.12329062474256906	0.05835234566558593	97.99296971539829	0
2.601678269204685	2.014260859036019	0.12659336841592472	0.10359715147331906	95.15387035187005	0
0.9377426100132898	2.2901376843085064	0.09060182634518865	0.14684802963604307	96.53466984969697	0
4.532038575228565	6.590108878074286	0.09204014007781741	2.446302658018034	86.3395097486013	0
2.5137133550248936	3.008520662244741	1.035975736064731	0.38635965000176425	93.05543059666388	0
1.1615662479492945	4.694841105164221	0.7057463344040253	0.17861246111039678	93.25923385137206	0
0.3362133996294531	1.6544881344106988	0.21722952531325118	0.15700055003467772	97.63506839061193	0
0.4419124732727164	0.774173343217031	0.09100301189447252	0.04640598764840668	98.64650518396738	0
1.00307366987688	1.078381839731115	0.17199695289707045	0.03589249081207637	97.71065504668287	0
0.37693547035431446	0.8480204202083073	0.273538120277477	0.06373698853323204	98.43776900062666	0
0.6214479322972823	2.7038685545987526	0.24730107723724917	0.01798490808790661	96.40939752777881	0
0.7680871461055955	1.5803864620943866	0.27931119237640023	0.09991444308248044	97.27230075634114	0
1.4617444044425558	2.616289159710298	0.3360841777721899	0.02257090237073888	95.56331135570422	0
0.3368345076008506	1.6976859568480722	0.08962709174756237	0.01231400289920542	97.8635384409043	0
1.3166003448083174	4.162831964783799	0.34613660764551446	0.0465262699276869	94.12790481283467	0
1.754815757339994	2.7290871581268483	0.32547578578988	0.06180951249404793	95.12881178624923	0
0.5249190962227256	2.9046755611715493	0.35670050194595143	0.050729554629059224	96.16297528603071	0
0.595262132154363	1.4664753653330633	0.05979566886527827	0.0924998374216966	97.78596699622561	0
0.8229661588491239	1.1441884186792641	0.2743157477116978	0.055910809602346546	97.70261886515758	0
0.16364733936844972	0.20663578217446388	0.06349852627855822	0.015183723477855357	99.55103462870068	0
0.38477059441354217	0.18230817960213191	0.05979601699361161	0.014134225336349294	99.35899098365437	0
0.3690283274577061	0.42690924640374606	0.16777483224783585	0.4625359808087349	98.57375161308198	0
0.14980196825730574	0.2720399248581025	0.09235150308261666	0.09287839360698921	99.39292821019498	0
0.3961778836871677	0.6376775446308692	0.3222631266458409	0.5354158027467534	98.10846564228937	0
0.5137595540073345	0.5255248391312444	0.1406684477022907	0.7308061747526237	98.08924098440652	0
2.097670924140902	1.9220884703564713	0.19256112306712042	0.9043822778476491	94.88329720458786	0
0.4231300707042973	0.5241060001864467	0.1804098173456671	0.6954790235895844	98.17687508817401	0
1.2032312904713678	1.3276240191126392	0.2618678218110126	0.20824886045764848	96.99902800814732	0
0.6605482326379147	0.6837216112302734	0.016197769024167183	0.09876569744332916	98.54076668966431	0
0.48595078556142185	0.7371413382096997	0.016782800824115894	0.17176560136501706	98.58835947403975	0
0.5835754265503609	0.9203429879403119	0.0073374736647524395	0.09191201545717063	98.3968320963874	0
0.4368679030783964	0.8170837164904089	0.07082917720080814	0.14013815442255317	98.53508104880783	0
0.42954725425823637	0.9388681726553539	0.19015711741347266	0.06254495959374445	98.37888249607919	0
0.1697546372234613	0.8854399949852845	0.24872614381811833	0.048237267455262495	98.64784195651788	0
0.45579723825595103	1.6610540670901834	0.033308775175268104	0.06840266246330913	97.78143725701528	0
0.31343580894083967	1.806315594508088	0.48740549509967573	0.1512003079128838	97.24164279353852	0
0.5363361400975866	1.8110379995801542	1.018466278000993	0.17594633250571554	96.45821324981554	0
0.5397525793135012	2.9900744816535183	0.7799247639419531	0.24957551934963496	95.4406726557414	0
0.3670886867814759	1.6697334148471725	0.4503088726232541	0.2925809082421296	97.22028811750597	0
0.21721597340023133	2.3810056368022936	0.42084846227478856	1.3095842550374515	95.67134567248523	0
0.47212742125092516	6.263182688563326	0.775961337271392	0.3992476081172587	92.0894809447971	0
0.1413275695045444	1.2479912447898518	0.43497028199320464	0.2841961314733747	97.89151477223902	0
0.20229277197075557	1.6254983349372927	0.695935489275791	0.6680399144121696	96.80823348940399	0
0.1469233353776445	1.0160859246923832	0.32035557398938624	0.13146140879960275	98.38517375714099	0
0.22000479321246563	0.4498092575632421	0.07446590775895308	0.22532391911729327	99.03039612234804	0
0.2022567727191371	0.6194749314341501	0.21282159227972117	0.43576047122742373	98.52968623233956	0
0.4969070500877216	0.9595669335287556	0.1453881841893286	0.1617968772758725	98.2363409549183	0
0.28418519558848443	1.1997726312376196	0.025058396764336736	0.11815358193543549	98.37283019447413	0
0.3864035257680062	1.0355274322552632	0.011982654936837856	0.19159592323714797	98.37449046380274	0
0.6334768735567438	1.9576724730247987	0.5667019383620769	0.22919061527090692	96.61295809978547	0
0.23587074415070663	0.20657594773930513	0.048939768394690684	0.05691681531616987	99.45169672439911	0
0.3706627136548111	0.20209583158768565	0.010062087970777973	0.04352710674770748	99.37365226003901	0
3.6825305994983024	1.6277093897058097	0.02893186500522871	0.1262506763279493	94.5345774694627	0
0.740444048917482	0.4660283488510597	0.010877366728325295	0.12091559931714065	98.661734636186	0
0.45894408198833014	0.4647394252065796	0.1760057251705239	0.11685027098633045	98.78346049664823	0
0.3095418319183274	0.20159214130118508	0.10789504244871678	0.008922287576050313	99.37204869675573	0
0.2046581221023342	0.10835644262618192	0.07639420058195744	0.014931915739296064	99.59565931895023	0
0.26692347016858975	0.354814562718722	0.1283492607342164	0.013763905117806874	99.23614880126067	0
0.11855338749620926	0.13880627689173	0.04666275526659134	0.004777511264795347	99.69120006908068	0
0.39799105037288085	0.8712201482768736	0.27141644817367716	0.00517657885075263	98.45419577432581	0
0.07066625328592381	0.062379833934387466	0.09292780858734531	0.016045082383382626	99.75798102180897	0
0.2474083409009697	0.2816271131463903	0.0633908550845266	0.005319325833520895	99.4022543650346	0
0.23288178444403704	0.1714478510756722	0.020582876691554505	0.04721473876753723	99.5278727490212	0
0.37963624914709837	0.3349189751342625	0.08631345992056239	0.010947849814723715	99.18818346598334	0
0.12573801296710715	0.19407523934442775	0.015870699571099926	0.032966260324952056	99.63134978779242	0
0.725126435922489	0.5339485685154186	0.2425239693337728	0.07377556167316551	98.42462546455516	0
0.09775597440942319	0.09650883082441974	0.048595515533604396	0.0047716531116055085	99.75236802612095	0
0.2250181309952132	0.18614360924653314	0.18383651086662794	0.01195664674062353	99.393045102151	0
0.0699542518364784	0.22501997654947647	0.17595909865690496	0.023820879083343224	99.50524579387381	0
0.1901299246547069	0.3521920573066103	0.13823980968892233	0.020995661601792268	99.29844254674798	0
0.2190665543853118	0.29668666032036806	0.3033597710826934	0.015572413244644461	99.16531460096698	0
0.19719817473754053	0.26995956533097515	0.11344867046191233	0.01150827300901493	99.40788531646055	0
0.4528888884382595	0.2347849216156897	0.29272386737316997	0.010226214374533126	99.00937610819834	0
1.2944421875743093	2.0715578973689484	1.3005434885095422	0.024511605609361855	95.30894482093784	0
0.3738634754142355	0.46285727924375775	0.8136620795268107	0.09254016689695703	98.25707699891825	0
0.42068240892554143	0.9272908730103353	0.7531134200768644	0.3240709792648129	97.57484231872246	0
0.47238919428649223	0.5804949465664279	0.32097128283615584	0.062478211969101624	98.56366636434183	0
1.0646568478169378	1.0810590771828734	0.9650841455984676	0.09061270760066199	96.79858722180104	0
0.6483539839847702	0.5084158866480621	0.6113843298622851	0.6539595008024125	97.57788629870245	0
0.3042946304484692	0.37114992382014894	0.1283504023276387	0.23407395074352735	98.96213109266021	0
0.4540927530910632	0.6421650906243208	0.4541748246184677	0.41661176384587195	98.03295556782028	0
2.684769613284408	4.220545189012239	0.6054766338843345	1.4649223087153578	91.02428625510366	0
1.022841947349568	2.612770040444102	1.345289961146588	0.20115883086470263	94.81793922019503	0
1.464342338991415	3.0341572580325105	0.6253658019239687	0.21885780194402393	94.65727679910809	0
1.9542798853114884	6.033024121773888	0.5827271929678145	0.07745363947166677	91.35251516047515	0
1.2992304488660675	3.1130406379011184	0.36775827658639054	0.04452016333632344	95.1754504733101	0
1.068141014140705	3.251921020475415	1.0498736340877397	0.06583302989055441	94.56423130140558	0
1.4148848885326188	6.334206852060668	2.052427313668933	0.03691419603906341	90.16156674969872	0
2.2066975812175498	4.353007014250849	1.6990329239565587	0.07276261625190958	91.66849986432314	0
0.7486610699909227	2.6102528010203843	3.7396080000705525	0.29127680355302515	92.61020132536511	0
1.0744438326039785	3.363710657157246	1.9821204373782293	0.1518562334231995	93.42786883943734	0
1.436150405220017	3.765156463034204	2.9329516557257085	0.6078557465150166	91.25788572950506	0
2.5654294346181934	19.27213145397767	8.858134308507273	1.200161554101105	68.10414324879576	0
4.826133295049482	24.8428941813219	4.68457191843636	1.3417978636122818	64.30460274157997	0
1.9429308262458183	6.859887494827165	3.6930423484889014	0.14448458284211885	87.359654747596	0
1.7998839058528608	8.736119139883431	3.630158720010377	0.09872342246944599	85.73511481178387	0
1.2462173621342438	3.9715245886815804	3.7268861039179075	0.2352415666029917	90.82013037866326	0
1.9424031654748601	6.041889412017523	1.3989010123177736	0.10101757675816281	90.51578883343167	0
1.910072212607899	3.242123082342579	3.273267840730245	0.044969497611927	91.52956736670735	0
0.9158223433590124	1.33923000900149	0.5040917631814605	0.05893389826867499	97.18192198618935	0
0.6020235253758853	2.6440339344825747	1.0890654411212888	0.04671532484906378	95.61816177417118	0
0.4066398385842657	0.9861646929345174	0.36293666017147636	0.011933175277065092	98.23232563303267	0
0.8217213879011779	2.677536787759514	0.39829514791338544	0.04050384046313849	96.06194283596278	0
1.1607280334849706	12.759904627156043	7.012656233746921	0.889978521586778	78.1767325840253	0
1.5542843690043022	8.407340812084112	9.662171669905522	1.4325090129184586	78.9436941360876	0
3.0905068190581892	10.29015046385371	6.92531915408751	1.5168504540291403	78.17717310897145	0
4.930365958964546	16.36267524798818	3.1995030375331157	3.0033076290439307	72.50414812647023	0
2.142335777557908	6.787693312880296	3.095527278061551	3.3184069909938585	84.65603664050639	0
7.300015946627313	16.975472095065015	1.6325008642767997	0.5176947564370202	73.57431633759384	0
7.44358446254826	9.949550662147866	2.8601972340861694	2.3529575346201232	77.39371010659758	0
24.72900552600545	9.127435124504995	0.42579393798790705	1.798435565376571	63.91932984612507	0
11.679678442125157	23.84967157697491	0.654900723562549	2.659470958755125	61.156278298582265	0
7.780407302623106	11.245232713088987	1.111236716874131	14.607506305270446	65.25561696214332	0
4.868984108536403	8.200596006929858	15.586738123021233	9.172565304038951	62.17111645747355	0
4.606442390051201	10.734268413577649	0.611378321212042	3.852660070001214	80.1952508051579	0
3.9540072998623668	7.52265201889578	0.36061374848826777	4.295146163791055	83.86758076896253	0
1.142983702931449	2.7461967179716043	0.13100177017876063	1.8375590547168454	94.14225875420135	0
2.9790303346361475	2.5361949291899046	0.3688657360400944	1.2607095798329395	92.85519942030092	0
1.190105782661379	1.845153313375093	0.21412817317091123	0.3121536224207772	96.43845910837184	0
2.264198312041888	2.404324698305002	0.6665807727787639	0.3455343722351637	94.31936184463919	0
12.239143128538608	24.196587295655885	0.16097813458341184	1.6872563057492365	61.71603513547286	0
4.56688389396172	3.8154673492931406	0.049352319504093765	0.4085526061370897	91.15974383110395	0
1.340618349776778	2.632807786262674	0.058352487971010024	1.1229191469975834	94.84530222899195	0
4.673948964553942	4.689542822685933	0.15220020483128321	3.7311484627534854	86.75315954517535	0
1.3914677618942801	3.755607658229737	0.2980158167187828	5.445824925798064	89.10908383735914	0
6.889511551623208	21.672138405855122	0.046433727909935475	8.349744894289103	63.042171420322624	0
12.834038648894932	28.002773757408438	3.564920449809779e-05	22.825198717099394	36.33795322739273	0
4.626118256926753	12.037567533304834	0.042715730670010214	4.6671113027711355	78.62648717632727	0
7.576623761757418	3.4047436993743267	0.0002732258970330543	0.9373283926969234	88.0810309202743	0
3.4657786036804334	6.041784055973382	0.13836287958682578	0.5648188186317433	89.78925564212761	0
35.57972978969423	36.96364981843644	0.02153574963885203	6.422158590723291	21.012926051507197	2
2.8040927205650283	2.795278859472451	0.15026839941107206	1.4984259305364926	92.75193409001496	0
4.815245887217722	3.2673701071632393	0.23802613361688843	0.9984578789048302	90.68089999309731	0
12.659015087163084	9.02358321289795	0.0037834857973308355	5.076081726007325	73.23753648813431	0
4.780336896370785	3.219571140511247	0.5141413086742818	1.4063621846772703	90.07958846976642	0
2.051361396524867	6.704087757473771	0.11321622328102883	2.006498188717956	89.12483643400238	0
16.626973462281292	11.463509919824038	0.0004677824722787293	33.88359297554903	38.02545585987336	0
3.2118532902118155	7.871216984101724	0.10536207406134449	8.15398134380902	80.65758630781609	0
3.7291408537426176	4.9648888171687355	0.042521016695114995	10.832942356526695	80.43050695586683	0
9.472179834571175	9.296474369641764	0.120960522821386	3.6794769283301583	77.43090834463551	0
5.858916645633112	1.3817277585634902	0.2506870085588544	0.5433165840206153	91.96535200322393	0
13.783262838698217	13.184830039652812	0.03857041800806636	1.2180766945338544	71.77526000910704	0
6.834841074643474	7.680930315054546	0.1358283554307828	1.1424734247928439	84.20592683007835	0
6.963118894509557	9.61074564570794	0.3045911212599785	1.457656288065619	81.6638880504569	0
17.318377460646982	12.503962277013414	0.00043643026948227625	7.797650259339969	62.379573572730166	0
17.070617121712516	19.850065918435263	0.0018410331957809732	9.913221635322397	53.16425429133405	0
4.727435499999522	4.886144673779107	0.0023013308425971885	3.9858068464672116	86.39831164891156	0
1.6984653104653806	3.1447229926026963	0.025633862346951017	4.373474551265482	90.75770328331949	0
25.324640069251885	18.883163029511795	0.0012761397148630465	12.829524096775003	42.961396664746445	0
4.765472594290431	8.386131236152856	0.046833424793617406	1.5995402387910367	85.20202250597205	0
7.154510147486152	7.505516165385508	0.07830668537909617	0.4872800578629402	84.7743869438863	0
20.566813779037837	19.30464683627521	0.053045706621326294	6.26681516147847	53.80867851658716	0
4.116663551761537	8.210189104789908	0.07994486802490124	0.7311197094908848	86.86208276593278	0
13.705495390810482	18.03575639832424	0.11268948813943126	3.8596053384082465	64.2864533843176	0
15.17548857641926	10.777884421410942	0.030409240440709646	12.878578251165546	61.13763951056354	0
2.756336959539984	3.7136562167635923	0.0017212651580273313	3.725522271394651	89.80276328714376	0
17.681697361708736	7.452852776487514	6.2446716033711174e-06	9.172858097930844	65.6925855192013	0
4.8094413932248505	2.9682960184652325	0.0829924660505844	2.1848993953063793	89.95437072695294	0
22.26729767199809	33.970146257432276	0.007966927629637039	14.756103226607351	28.998485916332655	2
18.81451749103456	15.461042553080528	0.0015977258341971395	15.101892341822754	50.62094988822796	0
15.912312788568928	22.83342499895251	0.03624903058782435	18.625741399263767	42.59227178262696	0
25.727235831227425	18.282673917790117	0.0008237179052824084	19.08663728011009	36.9026292529671	0
19.9943687270767	28.73196369141483	0.042331157866712765	23.984373852810684	27.24696257083107	2
14.090868302809541	30.74894387372582	0.0171752079138548	21.831548270769822	33.31146434478096	0
12.222211686036092	32.16876956968559	0.36590446190567977	38.011106022779764	17.232008259592874	4
2.1642377370104366	7.33687402218874	0.45119729982771445	19.35113742545562	70.69655351551748	0
2.315237904291633	7.939942201022525	0.001480103424189058	61.60796553119492	28.13537426006673	4
5.261628971593979	36.92054301415111	0.07417120411496728	20.621503335369127	37.12215347477081	0
11.523695976471144	27.061314910426738	0.0015968409319280707	20.520649530291113	40.89274274187908	0
15.872404746226017	32.361136512204155	0.03875397444284575	13.30510445049928	38.422600316627694	0
18.1584472059199	26.517563850943514	0.05708879761062416	18.18736477271502	37.07953537281094	0
8.355630498010092	38.471686466992985	0.05294643149508258	23.96530345093038	29.154433152571464	2
10.751753718874776	35.490524034236884	0.07583178478376688	7.891173117121294	45.79071734498328	0
4.362133683908079	31.765639052878697	0.2985749716927428	5.779975690349227	57.79367660117126	0
6.15969181668369	20.00588262232038	0.18078787065102653	4.693578173337735	68.96005951700717	0
2.6707007158142853	11.428028475606327	0.06138038767016463	2.279688337972565	83.56020208293666	0
6.936163782851397	5.5395952931391	0.24795745660115112	3.217249475311803	84.05903399209656	0
14.710527153157175	19.74235691436188	1.2701903373389624e-05	3.1989755112109517	62.348127719366616	0
14.532994672884216	23.114419643731328	0.03407557534452188	6.022914843352427	56.29559526468751	0
11.43367984219797	11.60775454498742	8.944484860217601e-06	20.69736651827154	56.26119015005821	0
11.744200666408885	13.777831284800488	0.008136700823056193	26.908354691602515	47.56147665636506	0
3.7690712432075073	13.873407778257507	0.057145557281662346	28.985423526864906	53.314951894388415	0
3.2488189788496777	9.379702178642164	0.42820901610375917	35.608759864762376	51.33450996164201	0
4.821698320714031	11.584505657508377	0.00012996979236922786	64.068952548446	19.5247135035392	4
2.2636810425692495	10.050852180424018	0.052173394537266736	32.81763209358181	54.81566128888766	0
1.577089988380895	4.808042874450182	0.1054776434313149	18.681539752185973	74.82784974155163	0
6.974866611748174	18.891976166943856	0.01842845998036515	22.057548738188174	52.05718002313942	0
6.4330287856716435	13.485893549352316	0.02382671117170731	43.501173961671526	36.556076992132795	4
1.4147285379116958	7.908462207724537	0.680446751680312	13.316818622228316	76.67954388045514	0
1.0390601754542301	2.367181647656327	0.027662215503257582	11.257283752841058	85.30881220854513	0
1.169228038386334	1.9711668603640924	2.819550328925407e-05	11.627359427468399	85.23221747827789	0
2.005510458923461	3.6524989912226453	0.11140032392335843	8.753811379349239	85.4767788465813	0
2.544603978725556	5.383384311178998	0.0035487693839734943	2.6493535130983688	89.41910942761311	0
6.370432514837004	5.460085358190919	0.001428090313331929	3.1230216868951572	85.04503234976359	0
3.1388829006273773	6.2074445600383195	0.0353158200866878	2.895284944214015	87.72307177503362	0
1.5079684277518293	4.393489838806654	0.01622602069456345	2.1065000738000816	91.97581563894687	0
4.294275579084285	8.737647964185431	0.044075485631481635	2.994958350518617	83.92904262058019	0
4.845510286463253	3.635917126151975	0.01248940792015953	6.294535275240623	85.21154790422399	0
7.135212913496387	1.359545870313941	1.5454348266993455e-05	1.8071634820605098	89.6980622797809	0
4.513699888506464	4.7817013638035855	0.022746495835214237	3.4955905716973503	87.18626168015739	0
14.43101485150545	6.598431742266962	0.0010722868584583335	1.5304216713208882	77.43905944804823	0
36.468077664223244	11.287965724162998	0.0021611121508464033	1.0142948904836655	51.22750060897925	0
19.702676231361764	6.9306422012793885	1.744890801409286e-05	0.36078149612634774	73.00588262232449	0
3.3510969052780823	1.915709263820204	0.08699314686131439	0.06970786536613274	94.57649281867427	0
4.492065370080706	9.111123226685091	0.1259294105535441	0.33128946908790524	85.93959252359275	0
3.9756711336401254	6.258644578763479	0.6834337912524261	0.21557909144606868	88.86667140489789	0
2.6696519976084065	3.094412148442787	0.7482620818324267	0.16664196378110308	93.32103180833528	0
3.6642752573464796	5.037179435709007	0.8591445620927427	0.13116943407996517	90.3082313107718	0
2.626032040183792	5.719969170629041	0.606527274168946	0.17696833149775332	90.87050318352047	0
3.8163918561667787	5.372780074226545	0.8350993403886332	0.23982681398411684	89.73590191523392	0
4.019480498480168	8.851721701677727	0.0600371831161233	0.22502886803275443	86.84373174869322	0
9.967871715116106	17.97402603389098	0.02767265027202536	0.47754966689288425	71.55287993382802	0
35.20934555648247	25.74880068925667	0.0962661607385819	1.1860376288778693	37.75954996464442	0
9.83553321255117	3.3520415851530863	1.2756429036060984e-05	0.5555442425681661	86.25686820329854	0
15.212205386975858	4.266164799415783	0.23728956063414694	1.5116684696770515	78.77267178329716	0
10.200614919901486	7.30589647533117	0.03819437873050477	0.39824198842793573	82.0570522376089	0
3.649460851480453	3.165744132648471	0.18058042528941082	0.3885981707076117	92.61561641987404	0
2.6185419912306234	4.867318352048938	0.02038867938093714	0.12161590378410186	92.3721350735554	0
11.371207052223628	6.449072209071903	0.028219008355406496	0.8162956015622133	81.33520612878684	0
4.473461145097304	12.233501544765328	0.6885410471947214	0.34550259605658556	82.25899366688606	0
5.178493317261188	4.334362280077649	1.3491133995748625	0.20608113814276183	88.93194986494355	0
3.9475566982983863	4.336005018821568	0.21740862613099177	0.14276226792397154	91.35626738882507	0
3.8124560864567894	15.957195799910936	2.2508533608870978	0.16459826873377836	77.8148964840114	0
1.9299257323924224	11.657910742391465	1.4997154418583394	0.12570251780373193	84.78674556555403	0
4.756694212274032	31.10698753210227	1.9367825941295265	0.4965650796178057	61.70297058187636	0
4.391918930975845	26.504695333037525	2.6165435440824933	0.29788257541642205	66.18895961648772	0
3.7026557461863465	23.0958850838919	0.905197879980329	0.3002520624711792	71.99600922747025	0
5.154559745329685	34.16231579315955	2.003770859929434	0.7033316175211625	57.97602198406017	0
3.4638130900607114	34.667745172639776	1.6753153197228514	0.943754406708459	59.24937201086821	0
1.3915256863211356	10.615807257677092	3.22388048419104	0.2272495619658065	84.54153700984493	0
2.126641335977073	15.830976715412422	2.9162698721948463	0.21988484023449606	78.90622723618115	0
3.53944267270525	16.04418171757502	1.8760478390520936	0.27394411709042205	78.26638365357722	0
2.5200919556899026	24.222686821785366	3.1089591528235285	0.37411744619229065	69.77414462350892	0
3.1313242820314855	30.166229971382858	0.9528231261543278	0.4028050526070348	65.34681756782427	0
2.606940474119807	23.991630633288036	1.838896307072006	0.22938875211847418	71.33314383340168	0
0.9547679333099399	8.629194696883701	0.9189052474032157	0.15093793986264212	89.3461941825405	0
1.4367423256067415	9.079643839225033	1.3240290534041628	0.4117584484132665	87.7478263333508	0
1.1851508130551658	10.764101327783528	1.021928855188662	0.1899203819087915	86.83889862206384	0
0.5282646251398206	5.13375251798305	1.5184091212629214	0.18221229316059875	92.6373614424536	0
0.38491008522866643	3.0906914134879684	0.5156430069017576	0.11859880099339447	95.8901566933882	0
2.5974569347177745	11.124781531477366	1.7927573917345274	0.4717808500487305	84.01322329202159	0
3.5859726157188674	7.207515070095267	1.7728048879426341	0.355762330457164	87.07794509578606	0
3.6266023068562414	5.012782960046156	0.6313455283797056	0.2738266970548275	90.45544250766307	0
2.8006077539231162	8.253687862782435	2.8519391357104533	1.010016879047048	85.08374836853694	0
2.792001298883582	4.2655142168221065	0.18014701352603418	4.157500670977712	88.60483679979058	0
3.1275514582021704	11.135495902884283	2.710885712157727	6.087380764119822	76.938686162636	0
14.378867160212708	35.359249270605495	0.05968263421382278	13.363392005434967	36.83880892953301	0
5.128262498956578	7.135778482807299	1.2109794540123615	11.28093017349498	75.24404939072879	0
8.323570492399428	8.042286750408627	0.8300315905859035	6.764250696662319	76.03986046994372	0
6.223300600885501	9.249328171544976	0.6899791755798982	2.665886989766405	81.17150506222322	0
6.570689435391374	9.163420573376364	0.4042069880892171	8.197754063807437	75.6639289393356	0
8.257670322152988	8.620557556972654	0.11914099810186954	20.010241292077772	62.99238983069472	0
5.057857611116353	11.1961597822709	2.5102835961782177	20.52496030587394	60.7107387045606	0
2.8333394923151864	4.856845595880089	0.14322923114110356	25.34134330202282	66.82524237864081	0
3.6951490222170293	9.212297801970632	0.1977034476075205	7.797214038534045	79.09763568967078	0
2.6935786852922217	13.94131017949421	0.5533629210166193	7.588238397328155	75.2235098168688	0
3.7753511622084743	18.92805168621865	0.05887249470435948	18.30447941860314	58.933245238265364	0
12.192514207174169	47.67026292345472	0.0982473063775772	19.35868715096459	20.680288412028943	2
13.268252013799994	31.463530226832283	0.0010840209535303686	29.489396840313937	25.777736898100258	2
11.470377397333152	12.051472585022626	1.2441105168254352	4.040728670691256	71.19331083012753	0
9.827792575185512	21.884812054850688	0.42216297065875935	9.693661945818828	58.17157045348621	0
9.577248338401978	50.194125519463995	0.08896090490661236	5.603495878256205	34.536169358971215	2
17.811765877916518	42.28931076915107	0.07946648649950862	13.105567896602524	26.713888969830375	2
18.73066591642608	48.96952433113271	0.0684062309101869	18.175754831569805	14.055648689961217	2
6.0312897705626165	14.624666272604022	0.10061522970177562	16.60564963108944	62.63777909604216	0
12.028442794151943	29.030177680563597	0.04708328503147943	9.308932948402068	49.58536329185091	0
10.668759981965344	49.394684611054906	0.15128378186212435	12.548447017115876	27.236824608001747	2
11.96488237666299	59.297244823975944	0.03786758945733096	8.283248602702718	20.416756607201016	2
31.214452827511145	16.9146777298989	0.01492856050311099	3.4748462271128053	48.381094654974035	0
11.776442458971639	26.552301250264676	0.07719364713401689	2.349029023537881	59.24503362009178	0
5.628666920799407	22.748425047458728	0.8685892830408471	2.440570164563105	68.31374858413791	0
11.146208646446611	48.58923027018976	0.6504956500612921	2.898052882575113	36.71601255072722	2
13.15209331213232	18.60609955341755	0.7984177672231224	3.629333305589317	63.81405606163769	0
29.025453061436934	55.14994146846984	0.1589215977135054	2.952937657805733	12.712746214573977	2
11.068356887962558	50.7988036010897	0.11260641683365405	3.9826732836367515	34.03755981047732	2
7.498150122084109	64.14228277673311	0.0678081810654273	7.812640972287784	20.47911794782956	2
2.078111770767982	51.203888619219526	0.3090332801800394	3.2086757160705566	43.20029061376188	2
7.053710116976976	29.818280581566693	0.13647876041010834	5.072717246117234	57.918813294928995	0
2.5707857383598007	26.19627668996766	0.2749947937906085	2.4452191107096213	68.51272366717231	0
0.7857285987662792	7.7008870291646545	1.9844289590768904	1.552695727776533	87.97625968521562	0
4.846160103193118	60.23775201546295	0.10504173770872387	9.510655909017835	25.30039023461737	2
4.995409415214046	22.329274989233426	0.09824930314134522	6.175200047370717	66.40186624504048	0
3.8484400024327723	29.374489151235846	0.054766906623594055	6.885922856935347	59.83638108277244	0
7.463560881660808	7.987928769489759	0.01701608251973872	2.493744418888004	82.0377498474417	0
9.197217778284134	9.218200694311403	0.05648161528580542	2.797234795708617	78.73086511641006	0
3.664035977913123	10.596937739389087	0.10285574800132406	3.612480871166214	82.02368966353025	0
3.956662983968441	7.582598541729746	0.04204227133863245	12.713122168321853	75.70557403464132	0
3.6785299586543143	7.4269307503719855	0.007828089852842291	24.768597547301173	64.11811365381968	0
3.2381013462346093	29.004373337542937	1.0264190960192094	7.962454259690428	58.768651960512805	0
8.551682276548481	15.488924055102721	0.1402707215885335	19.542600687267413	56.27652225949286	0
4.276417400640691	37.17537756562091	0.3660215378086695	17.578081296397436	40.604102199532285	0
10.463372490076448	43.655381774417805	0.34572141610948803	24.529277225886943	21.00624709350932	2
5.840179410475106	31.885577618233814	0.48105256074793257	4.647984875061226	57.14520553548192	0
13.674925365404667	65.34058196705416	0.04127354218136693	4.032969103201337	16.910250022158486	2
9.858507117351751	47.464924663796516	0.27955158754456033	1.9764714868837265	40.42054514442346	2
4.863254997682774	73.84720639578927	1.3262267407823138	1.0915468091540026	18.871765056591634	2
9.842948357633995	79.92075527606879	0.17303634675433435	2.4680272138026096	7.595232805740255	2
2.9462283082291636	18.914370820272627	0.7607972370198915	1.490354945257675	75.88824868922063	0
14.220409360307674	52.31858564264873	0.20217689688155405	4.536207728702894	28.72262037145916	2
27.625118884752126	48.24068209155029	0.32066630739067464	4.7467079344621546	19.066824781844748	2
14.506463952398931	20.67223366970828	0.061223996602111606	1.5880872063624139	63.17199117492825	0
15.66577780076434	70.35556386894312	6.226956556663484	1.5944125587080022	6.157289214921045	2
23.54593843997138	63.992171012542364	0.20822492483441515	2.6771451315837593	9.576520491068074	2
54.33038049425869	30.882401401722365	0.01981800902267838	4.753676702774923	10.01372339222134	1
7.977154259074198	79.02296156955659	0.3452861791145212	1.4627469560768582	11.191851036177841	2
20.421140751890576	66.73969457538612	0.207356094119513	1.1640488969724019	11.46775968163139	2
9.931462851428263	35.829945242628206	14.40332854979259	7.119682118206315	32.715581237944626	2
8.185525687357115	51.21748997255836	20.61515124718974	4.58876400814757	15.393069084747225	2
12.627318255955835	62.51261819532855	7.611503753239631	2.76146421561571	14.487095579860279	2
5.198442575625563	74.5450922323843	4.540613362114371	1.6937261132904586	14.022125716585315	2
5.365119115796493	79.38107371380674	9.44944153021555	1.85756158961061	3.9468040505705906	2
4.216554462412565	53.86488076544552	18.05696100233283	6.386592431682164	17.47501133812692	2
2.280817593077174	52.76993563964021	11.191156884446926	10.169039584137124	23.58905029869856	2
2.7358046189414833	71.23075627288723	2.912429901065819	11.463309362103004	11.65769984500247	2
4.128217035382175	50.24110762139308	6.198600008374028	11.92950589557966	27.502569439271042	2
4.4575596382962415	60.26513762749038	0.03755106342550994	6.540883722270505	28.698867948517364	2
4.8283927704359915	39.8875915100327	6.2535509017954976	9.68616002164797	39.34430479608785	2
4.00570264168357	49.70561725450699	4.099415214295797	6.841489576078532	35.34777531343512	2
1.9612942354553309	65.19250216230782	1.7627779197121853	8.239819374913687	22.84360630761097	2
3.264699691214581	41.93744135606764	0.017012219576267574	29.72419463112182	25.056652102019704	2
1.017055123748686	36.02853347902947	0.34150216133399286	6.4779745082609335	56.13493472762692	0
2.55246466960405	50.70711413211563	0.33987336409186814	4.678507184124161	41.7220406500643	2
1.2651068480202892	15.31261386648273	1.0506371885879118	1.340768291944598	81.03087380496447	0
6.002182095815427	57.30207108347126	0.2445794735151694	10.579208950572658	25.871958396625484	2
4.370282941815983	33.24901281688224	0.09281213180099865	6.973454148514543	55.31443796098624	0
9.944810911111384	27.143074802206492	0.025281318854135756	7.4093917758857595	55.47744119194223	0
10.952793535802412	36.574738951733444	0.052867284557449615	7.348953270941591	45.070646956965106	0
10.498431793892339	52.29307608284154	0.2490004761302118	14.045459060638626	22.91403258649728	2
4.530592489371562	29.544307937746222	0.09989843534206279	20.83735077372312	44.98785036381703	0
3.0263926486532795	52.90756860304503	0.9810216361640584	11.364832483552863	31.720184628584775	2
17.147323406186267	31.772108075061077	0.05511977628493154	32.819692102982614	18.20575663948511	4
10.266070465685507	31.581777851100895	1.0958196306507242	13.522645067570615	43.53368698499227	0
4.431006924791196	17.975963443641042	1.3861178453381455	13.371310537291878	62.83560124893774	0
3.3710317667765595	17.16042133372249	0.04380003423547447	20.279408675625508	59.14533818963997	0
1.8099145244599528	26.02330477285642	0.8562850191113405	12.600606501957746	58.709889181614535	0
24.25903675630136	7.201531639093194	0.00015816662125721207	39.94422380959908	28.595049628385098	4
2.867862006230374	9.027096018722986	0.12596481593444037	12.022188311229005	75.95688884788319	0
5.747989901030732	25.785755987421016	0.23487685163248762	7.036112062230668	61.19526519768509	0
22.459548576719367	4.229189519353895	0.0003613575738188757	6.8647036648026685	66.44619688155025	0
6.703504877539259	40.31328562094469	1.7946917381483292	1.248231337701163	49.940286425666564	0
3.8269892621221593	21.592486611233277	0.5321955741421767	1.5053559311385127	72.54297262136387	0
6.992818444350812	25.686612451076265	0.3010850994910099	3.270577109953934	63.74890689512797	0
5.18229982538302	19.207447473304512	0.35669437951866206	3.1581291007805268	72.09542922101329	0
5.141208869152071	15.979892094323917	0.057710468367989876	1.959847020294905	76.86134154786112	0
3.7974032717259245	22.249465138356843	0.5232168951280084	2.4829069453606687	70.94700774942856	0
5.508818901978322	9.108882104944518	0.013111903193192666	10.384388159809006	74.98479893007496	0
2.696911379210393	5.865360051666486	0.019985893413539454	24.433431140239563	66.98431153547003	0
5.020861089810688	16.302581784577487	1.550421699515294	18.395942718979537	58.73019270711699	0
2.463256265537316	7.827692844075021	0.3703007145146284	37.8758108699763	51.46293930589674	0
1.690926495971437	15.741388512120407	0.0722688061614228	48.51766996978707	33.97774621595965	4
6.737606728039436	9.224284747194252	0.5483034636223489	57.33869005567311	26.151115005470853	4
3.725934480670501	12.68467061403198	1.7564685501297725	17.596157560698135	64.23676879446963	0
12.496830723538203	26.244015405312553	0.025285462724730288	45.43953414869753	15.794334259726972	4
4.329936202760863	19.721636012985332	0.05246503769112044	60.406073783331834	15.489888963230838	4
18.478810313552536	14.70437601988146	1.1895329129606233e-05	57.78656476727191	9.03023700396495	4
13.078116775635836	17.8907737423299	0.042002886593173826	28.2210598821583	40.768046713282786	0
13.228076221991456	19.43152912431048	0.1762112566475393	28.983158329675025	38.181025067375494	0
16.27139876802783	15.769612180719566	1.2102595872101006e-05	45.17673137265554	22.782245576001202	4
9.410743626652005	52.874181092659214	0.6115105632646798	21.371133172165617	15.732431545258496	2
18.712482495306926	24.18343367620285	2.776775471944842e-05	27.139824374540066	29.964231686195436	0
24.644787086857107	39.76280479749872	0.06445348398800199	15.102528384913446	20.425426246742738	2
23.632111218960063	39.253351479184445	0.019633314466341763	6.473551018404003	30.62135296898514	2
5.9450062798034375	21.079400674968486	0.16190299369530384	2.0525425606859873	70.76114749084678	0
6.1605739890413105	43.44886413505954	0.044234563951180327	5.931747994323262	44.414579317624714	0
17.099266655722435	24.956331101291287	2.396136335022272e-05	6.992567846397418	50.95181043522551	0
5.029023468561438	49.665527667091496	0.08525877396401502	8.706834042748385	36.51335604763467	2
5.509643539142109	7.113421762325632	0.004651113960240966	3.7414779302305523	83.63080565434147	0
0.9619489282744877	7.741924847906702	0.07963516637742639	1.19826382136286	90.01822723607852	0
1.6046168408556585	2.1978539084427617	0.04538560046977604	2.332599065442846	93.81954458478896	0
2.892514591411014	2.3381813363990065	0.013077124468752307	2.4801270014623946	92.27609994625882	0
1.8902138854476718	0.892926653651458	8.794271334508648e-05	3.2624339529764077	93.9543375652111	0
13.052614554516714	31.147058411471466	0.1985057271068352	13.024080361371167	42.57774094553381	0
11.659966311840263	1.6872626624305018	1.1772728145169797e-05	1.384621492385643	85.26813776061543	0
