0.051205645343328096	0.01521836272301179	0.0003505600268039272	0.00013540538528437746	99.93309002652157	0
0.0729683081355644	0.031515426791266815	0.00011972510208304022	2.092491372478765e-174	99.89539653997109	0
0.14854763675834226	0.026914073553037567	6.760249628593197e-05	2.276370104057413e-174	99.82447068719235	0
0.06102788005497476	0.021726951167281475	3.3045743674653996e-05	2.1765192965437897e-174	99.91721212303408	0
0.1628482151314445	0.02603578200571826	0.00016276093501759454	4.341964962341585e-174	99.81095324192782	0
0.14778740322463668	0.020499329982186204	9.919593167912311e-05	0.00045326204554827355	99.83116080881595	0
0.4710109688417251	0.04258686905970535	7.495442098008413e-05	0.0012478041301475598	99.48507940354745	0
0.13464679608897512	0.02463926099068497	7.155824335377964e-05	0.0003047944173018619	99.8403375902597	0
7.904057360743097	0.22399983807628898	0.0002753075493138599	0.0013862296222212811	91.87028126400907	0
0.5018081636211683	0.04097953597884447	6.831646827200615e-05	0.0006120682467550118	99.45653191568495	0
2.0906916686413917	0.050111225399360804	0.00013135192683171563	0.0007653678696575029	97.85830038616277	0
5.390394735228289	0.1508236266845514	0.0002110058174954164	0.0008210195330396267	94.45774961273663	0
34.521443513208446	0.9701945278197998	0.0011935604530397459	0.0027003423207499202	64.50446805619796	0
48.20843998280564	2.262289009466285	0.002789361830060429	0.006851584582103257	49.51963006131591	0
31.31754217625548	3.857238236605013	0.0009163306090392677	0.007553360832691137	64.81674989569778	0
42.944320779204716	7.341943495386778	0.004518730362288179	0.03366939825291975	49.675547596793294	0
2.5458471930296196	2.1164012926699187	0.0021181237588993053	0.004406244658179526	95.33122714588339	0
0.478297209868685	0.4863371355440836	0.008034625508104928	0.0018917079493350653	99.02543932112978	0
0.3116662665719833	0.044624659950313894	4.879981104128055e-05	0.000981050424250248	99.6426792232424	0
1.142759263633647	0.17840792722838225	0.0008155598783972196	0.004062534500788382	98.67395471475878	0
0.4536759732837013	0.05060913137339526	0.00010111498575160623	0.004873940802433299	99.4907398395547	0
0.9790027579948464	0.18256048922284385	0.0007352638742883811	0.004746968757209211	98.8329545201508	0
0.15628677237698674	0.02765337469259054	0.0003110496403512107	0.002135646344242136	99.81361315694582	0
0.056366769138988894	0.04087051993008808	0.005659592722363865	0.0010262029303178468	99.89607691527826	0
0.27736674711550524	0.03178487781038065	0.00017159365826980156	0.0013343008690156171	99.68934248054683	0
0.2199885742889402	0.02598248743391689	7.358963870118912e-05	0.0004377834788839084	99.75351756515956	0
1.153882398286534	0.06699118950890234	9.135511390525935e-05	0.0007759556236323869	98.77825910146704	0
0.8520461823795462	0.2943395823531325	0.00043339711889187396	0.0029958490535055052	98.85018498909493	0
0.36844912672253255	0.1038431748221488	0.0002997986725524667	0.0022840481609611176	99.5251238516218	0
1.0520117779907028	0.17076806532399338	0.00016919449076662561	0.002587081262966958	98.77446388093156	0
1.2981791794589104	0.09974072146855995	0.00012523850807527796	0.0023623139645659666	98.59959254659991	0
17.7296940365527	0.32926423979256164	0.0004541812398227412	0.011981607765229265	81.92860593464968	0
5.119787576392355	0.2256750836382308	0.00024377299587519327	0.0026976465345900677	94.65159592043896	0
4.122959156190039	0.1729133873504544	0.0001712356862147794	0.0012517020680171964	95.70270451870527	0
8.265067546088696	0.2628201551891665	0.00038463227852890864	0.0013756808384410978	91.47035198560516	0
36.46631781210954	1.5595098149676396	0.0016937595967141882	0.01235851231482946	61.960120101011285	0
49.41104438693239	2.7400528568594176	0.0010795774386310394	0.010589686008259597	47.83723349276131	1
6.829079892243664	1.4714176780800763	0.0005596821528166401	0.00246776315270418	91.69647498437074	0
0.21860452219195867	0.4668419008587803	0.007632337378226173	0.0008707907105364103	99.3060504488605	0
0.20233278378835254	0.034259232049691155	7.673549659362924e-05	0.0035783185020120496	99.75975293016334	0
21.637259469341174	0.9638791125995049	0.0013932450007919906	0.014806645313694978	77.38266152774483	0
50.314282065974936	3.8676628643910798	0.0022237507451070035	0.045667691678136654	45.77016362721073	1
43.96849649812155	4.187206389371011	0.0015625014300495554	0.007637620185102026	51.835096990892296	0
65.19016115540519	18.3985323058755	0.003828516362317981	0.005041784344351709	16.40243623801264	1
64.13924733261629	27.201062759357654	0.007898127440621381	0.005352767279080092	8.646439013306345	1
68.45000100272813	26.918762153096782	0.0030038110202542352	0.0032364843838788237	4.624996548770966	1
49.55494675664499	47.833201593384466	0.009078510922042822	0.0038075521507464644	2.5989655868977564	1
27.959368426186888	64.42440308125276	0.025858866127375854	0.0045426980200468665	7.585826928412931	2
56.25468552288954	39.23067076569321	0.013528760750883566	0.005420353295263365	4.4956945973710996	1
34.17987273967874	55.2673350917853	0.00981215555655342	0.003844788252826244	10.539135224726591	2
6.71767433732553	6.692776635616747	0.15689304425730347	0.004883421614396386	86.42777256118603	0
71.18851745142477	9.1644314623473	0.004818970965212795	0.011781821812162706	19.630450293450565	1
83.27255802249766	11.511020461685519	0.0040470163067915475	0.006472732517468727	5.205901766992586	1
82.49318796120349	12.47322654324567	0.004093424992494228	0.012916907418134112	5.0165751631402165	1
46.911709104810996	6.008185173835763	0.0034941322903995417	0.00988966878713147	47.066721920275704	0
75.66173209325302	17.660048828119752	0.0019676606231615813	0.00800914577616217	6.6682422722278964	1
81.75107501898847	13.41726969662616	0.008491061107715575	0.015462194483958124	4.807702028793699	1
69.1394562858071	20.529239665062285	0.0073166702259496175	0.02542331408606532	10.298564064818585	1
54.788709992075134	41.12647967967051	0.02135143992555945	0.045690309443359035	4.017768578885432	1
46.60249405427819	49.26729622158225	0.03490897251082946	0.13677532677554036	3.9585254248532156	2
64.74948806130492	26.246922726772613	0.004455747134089874	0.09041602824230212	8.908717436546075	1
58.37374886460813	36.52773655556961	0.009700080370995878	0.05632147472565795	5.032493024725604	1
72.745857884879	18.80041731743087	0.008610084089281482	0.03002970769051068	8.415085005910335	1
52.02278710252513	45.959218955815544	0.032806712093823034	0.03785509093020823	1.9473321386353093	1
68.31995754571972	25.2442287827498	0.007947842576556393	0.03689686434249681	6.390968964611414	1
21.37312301622512	77.5412877173054	0.038594602472642445	0.018348805364246767	1.0286458586325966	2
38.038700685417496	59.71076378325729	0.1184019507783161	0.10468206838980806	2.0274515121570746	2
22.594481971282015	76.29722535239351	0.05257771794135115	0.10619445091124284	0.949520507471891	2
9.145334231815818	89.37355905333818	0.43915937200613075	0.041518848207303595	1.0004284946325865	2
12.19466444370708	85.14773375249707	0.12182344697640726	0.04375947847536109	2.4920188783440893	2
4.574540580616983	94.74261238470393	0.10005320636067436	0.0140247410203564	0.568769087298066	2
2.576514974835249	96.5890322074636	0.44367585007050925	0.019290457557727153	0.3714865100729157	2
2.153600740126457	91.1262110838065	5.061280428992599	0.04057732783384088	1.618330419240615	2
3.4101967605386654	92.67015878801813	2.5680010654910554	0.05865952637814577	1.2929838595740177	2
4.6849785761853635	86.77183700489817	4.185226166572111	0.15752192554083944	4.200436326803522	2
12.086562315664064	9.266365377926311	0.1837360727356335	0.026527309243481758	78.4368089244305	0
5.174742309331334	10.488175812033578	0.10335002228920698	0.02401665465452167	84.20971520169135	0
3.81615582029029	0.3641494730585789	0.0012923837920997272	0.005388768632409205	95.81301355422663	0
84.63641919211152	3.593091249053057	0.0016556158999301374	0.01567204981763034	11.753161893117863	1
90.83719044667555	7.857646914027957	0.008743476316283283	0.05768535571657777	1.2387338072636243	1
45.558997894752174	52.54448446717903	0.05060460601772052	0.3743782581203132	1.4715347739307616	2
29.1503255383453	68.45783919531543	0.37847632460718666	0.30894991590866233	1.7044090258234268	2
12.35103583917708	81.60768938896292	0.26403026262486917	2.9971594117341764	2.780085097500948	2
2.486148109664593	94.74370177786344	1.7994115822633894	0.29611852447262355	0.6746200057359742	2
2.414925147056963	77.36183138545428	18.513272816528982	0.41803175804148734	1.2919388929182638	2
1.4932814972758617	87.44592433880426	9.980685734977058	0.21215376046306933	0.8679546684797503	2
1.093740332228793	76.95321526637463	19.089045166630374	1.5653646724996066	1.2986345622665958	2
5.8590943595007685	70.75313583666204	21.363756861020853	0.5441861674772958	1.4798267753390417	2
6.468155581564178	61.24646040741653	27.74515851782494	0.4804926126625151	4.059732880531844	2
2.1069141170103105	38.23804269201164	55.69435364279294	0.19084244867582223	3.7698470995092985	3
1.307693170746305	30.22493552021918	65.88600493761567	0.050243305591351345	2.5311230658274795	3
0.39027163472790377	8.59876148725791	90.73643823215012	0.030823446950115713	0.24370519891395453	3
0.12988832002985576	3.693914314422639	95.83006977718097	0.017563590821730007	0.32856399754480176	3
0.08930431936123587	1.7026547050763137	97.8861724948096	0.005360070604790688	0.3165084101480674	3
0.14603794610558907	6.008233222495355	92.98249407698303	0.03134152843242903	0.8318932259835959	3
0.18673497514225695	3.6623798140042663	95.88627321881492	0.005636684331772828	0.25897530770678473	3
0.11542694927016743	2.9772411564306576	96.45115654299019	0.010173154318065434	0.44600219699091503	3
0.01919469115242012	1.9174489986223773	97.92781310395766	0.003722201895339656	0.13182100437222266	3
0.07342408658847109	4.336676537863952	94.2720056424828	0.034087357900730524	1.2838063751640556	3
0.11291306155109047	4.123275259267289	95.1452672776924	0.04288825257653069	0.5756561489127012	3
0.1520871491253396	3.0393913766665257	96.57123006501062	0.023717442955070445	0.21357396624244995	3
0.7122599800638584	11.269327814006655	86.52877033717755	0.057759086939545345	1.4318827818123987	3
0.41390326083647433	5.660563583740319	91.73261006063342	0.05171491119143153	2.1412081835983523	3
0.22237086359406855	3.733117130076174	94.54347403570084	0.03125035391563378	1.4697876167132713	3
0.2942357605600884	4.586423342232193	93.65780228735633	0.038062690933765214	1.4234759189176491	3
0.09964959755548831	1.98766015268167	96.67175685804675	0.02458269723687499	1.2163506944792244	3
0.2209436488339777	4.300452812670112	93.57427374668177	0.01929320164740898	1.885036590166748	3
0.8722374577197342	3.843481011182568	93.96739175283032	0.05175285873937464	1.2651369195279791	3
0.5800110297658874	4.63356053934907	92.92497773604809	0.008604291240458388	1.8528464035964822	3
3.7555739204179623	16.577066402757687	66.27123153992862	0.13535622590437132	13.260771910991359	3
12.735076221941743	38.321445249700744	39.6642583897105	0.19196658569071615	9.0872535529563	3
2.1912873434658553	37.84563760912225	55.42648924517947	0.18702389783544063	4.3495619043969915	3
1.3081474658379344	36.898476199861115	58.877210033206	0.5641962984485285	2.3519700026464325	3
2.7417674691477716	30.17803803272515	63.91799856653891	0.20203311050496542	2.9601628210832116	3
3.5393932906477814	26.129908007332105	67.55144369365209	0.3246206303155188	2.4546343780525026	3
6.104557196660386	14.946325420017226	78.219467274363	0.2802893051928849	0.4493608037665071	3
3.08321517421581	6.126649190160091	89.82185536485484	0.5505899097556679	0.4176903610135887	3
3.88518932219536	13.849593058073573	79.58071375345152	0.6873857044342836	1.997118161845269	3
1.3272234005132566	19.83486300950692	71.22774413970077	0.38248504584248477	7.2276844044365625	3
13.12511377845887	71.6819435917898	7.9486359544117295	0.6428778801274997	6.601428795212105	2
3.303267267335963	53.64203172603869	38.32306784662672	0.31967177040029976	4.4119613895983445	2
11.988615483941349	75.39358636690324	6.992688121426606	0.3302592250835848	5.294850802645212	2
3.0673123109996636	50.161599997534246	45.27742872824294	0.09140452413161279	1.4022544390915441	2
2.547133697183901	40.62038410878402	56.03128874396717	0.03673833021208402	0.7644551198528307	3
0.6298282317241753	25.05558480741932	73.6099742773922	0.04556892177551932	0.6590437616887946	3
0.9382478636091899	11.310699283012275	86.6958944102199	0.04098047895273448	1.0141779642059159	3
0.6716482311221075	16.80522763374644	82.09493965101726	0.02815061867365095	0.40003386544055497	3
0.09352906192137647	2.6808654744416414	97.06505413338107	0.02151230318344646	0.1390390270724631	3
0.7232939239686862	13.912091329718868	84.99176746471875	0.05508109921275806	0.31776618238094795	3
0.18290946783384163	9.877819029699829	89.21969584851928	0.04767383086718615	0.6719018230798719	3
0.23138744875295514	3.268183243264746	95.87271968715807	0.018387475545578152	0.6093221452786555	3
0.7247968946200296	9.130449224411679	88.2637051457593	0.04775351491703631	1.8332952202919688	3
0.487231505377167	4.803521888733083	93.72967596071643	0.04968103367829819	0.9298896114950118	3
0.4460218557567947	3.3598591102015867	94.89511054461494	0.08038285833937132	1.218625631087295	3
3.11372225065832	21.98464091132914	32.06772291978544	0.2676933783022257	42.56622053992488	0
1.745963386813092	7.094994075030282	4.547266055553123	0.12546154421415853	86.48631493838934	0
50.20748887951984	3.689635082601645	0.042756591497851416	0.07051124461497481	45.989608201765684	1
44.870126487425814	4.3766112363192455	0.018025125992954295	0.11413199070001831	50.62110515956198	0
0.1785286728297342	0.2862843484752467	0.017141952440048406	0.0013306018672292652	99.51671442438774	0
27.359143291388616	2.7926026325794724	0.0036896377597904918	0.008132607766637632	69.83643183050549	0
86.08267263081986	7.10094694133033	0.013209245520791479	0.048932647134127885	6.7542385351949115	1
79.0539528111407	7.7683326961909245	0.02041598692765033	0.04686535101810021	13.110433154722628	1
31.6918490434437	56.36393835689098	0.5762715854403562	0.23919590478728608	11.128745109437677	2
24.64040331668605	50.81316735924085	0.2122065204018838	0.30912139344522405	24.025101410225975	2
0.4586129107660836	0.2120582523027088	0.005168892738901922	0.004714582780821223	99.31944536141147	0
6.306866442440301	1.9133101700744073	0.003090048190402853	0.02640096205503363	91.75033237723986	0
0.22118582188619598	0.08038657405196639	0.0013843413213475483	0.0024868344999769473	99.69455642824052	0
74.06977050247512	6.44443148558859	0.008033150429501848	0.08391726239357775	19.393847599113194	1
36.86367342893638	11.043783030623496	0.026620576079033644	0.07195190406799971	51.993971060293084	0
30.687308206542507	3.9443715279688756	0.017321414178469892	0.25361886763717456	65.09737998367297	0
49.34299421948804	18.366203596810266	0.058609301569271244	0.6027493405753626	31.629443541557052	1
44.525726438853056	21.798765956899523	0.25440628050962677	0.45159181131960313	32.96950951241819	1
42.56994374622499	26.23801480425542	0.2074954857774237	0.23264351047882695	30.751902453263334	1
24.58635594535752	12.211179870133504	0.12543319208368214	0.2686411679276558	62.80838982449764	0
0.4096269401926825	0.2788473633109906	0.015239096731434382	0.03010222625795258	99.26618437350695	0
13.607711154404168	0.7537653298439262	0.0034620886937863984	0.09303379918528754	85.54202762787283	0
46.08779511849016	1.7480689025165794	0.004684629871844083	0.060207990500360076	52.09924335862105	0
55.478123632049844	23.2846381965189	0.010709474015302166	0.19727661008778963	21.029252087328175	1
36.41158654046269	53.99614985344544	0.20047872944661374	1.8181038869161157	7.5736809897291355	2
41.0981116242729	44.617121787921576	0.13101855690992745	7.272440502212674	6.881307528682931	2
19.541968686893355	64.33395266060225	0.6093967261854583	10.279096313879355	5.235585612439585	2
26.659922331175572	67.92674295942919	0.1458096329561889	2.6306999675871214	2.636825108851925	2
12.650554375929483	84.41286160611197	0.33634543342298473	1.2202745570079685	1.379964027527588	2
8.865154128449303	86.95396991368992	1.0783703007246106	1.1078015403785266	1.9947041167576274	2
13.815187270526868	79.98317269773926	1.2832829174872729	2.2119910307258173	2.7063660835207894	2
6.4611403686495645	91.16418846620978	1.4140992463459543	0.3043876726733938	0.6561842461213054	2
3.696934406377973	91.60570567176062	2.652931849954263	1.0230386494661396	1.0213894224409932	2
13.763143243839714	82.39551833162587	2.3397259045462433	0.6177350160380112	0.8838775039501658	2
5.62721435264627	87.36502748510703	5.105451141038593	1.1644818028832098	0.7378252183248861	2
17.594224857970353	77.08371771189613	4.316156664256775	0.2570093310890687	0.7488914347876755	2
7.54312240566251	76.61222706725674	13.920451620677174	1.0039100399715026	0.9202888664320736	2
4.616245888292089	80.22446760093257	14.015095562329376	0.7922988423423434	0.35189210610363547	2
9.381165493178724	78.18411423018131	9.229571836696193	1.3913611745459236	1.8137872653978298	2
5.425783341084716	83.34733879969572	9.177645612353803	0.29909647178452026	1.7501357750812456	2
17.059612836195654	76.79311113955237	5.021088719564872	0.27143161132477533	0.8547556933623147	2
5.280651471013262	78.63720009196993	12.717045325081841	0.6859669187931252	2.6791361931418307	2
3.5288949602609603	67.60886296628266	24.282480732648196	0.129190060271349	4.450571280536833	2
5.068487877031166	76.37493104170515	15.47189005916775	0.17746851398897281	2.907222508106969	2
4.413904055832115	66.52591087236229	12.786597534183889	0.06160643527588833	16.211981102345835	2
3.8837930349810117	10.06357068278232	1.4484271984415094	0.0337450990936294	84.57046398470153	0
0.054171850364760445	0.14144287331703323	0.013347491160700654	0.0027685997277042324	99.78826918542981	0
0.8455177875697921	0.19541639271341443	0.0009921849555639523	0.0020332912916877564	98.95604034346954	0
0.3575110191255044	0.029264541800181537	0.00022097835619053254	0.0004953436533057945	99.61250811706482	0
0.5246995521296789	0.06526866595204243	0.00031837510346867344	0.0013214163693756886	99.40839199044544	0
2.728743837319114	0.2559423896970664	0.0008343187484171032	0.004793525982995816	97.0096859282524	0
70.92363413594465	9.574331394360112	0.007714257351787825	0.06606207197764857	19.428258140365795	1
62.29549053117549	16.960976080467503	0.007523090021820667	0.07282253470072726	20.663187763634458	1
34.680385037291856	8.24171447368394	0.011545677664824647	0.10648081099435933	56.959874000365026	0
4.213734272480064	3.0781682061208753	0.050254562568476414	0.011513444957649494	92.64632951387293	0
0.14596395505826204	0.03235044550599107	0.0017461963202549395	0.0010940411679915018	99.81884536194751	0
62.45312557098931	2.2519415262055222	0.00590196980255689	0.07475668894408173	35.214274244058544	1
88.47085717161805	4.581221451960301	0.016356850719811557	0.13286144470778272	6.798703080994042	1
69.36389308287819	7.662803748032373	0.008296530218482203	0.24322723740717614	22.72177940146377	1
30.61291387763618	49.136403443902275	0.10987628220261986	0.32633802708065895	19.814468369178257	2
1.5242712144758241	3.232469932903856	0.0385167952034199	0.09062815117165576	95.11411390624525	0
0.0451488917736714	0.14297495939604135	0.009292447533060263	0.0013005522115156118	99.8012831490857	0
1.4037304652120213	0.2310811965245958	0.0012160667056496331	0.004038780329500347	98.35993349122825	0
76.31060716274678	4.139154445473569	0.030149693691713313	0.12139967398944455	19.3986890240985	1
24.93503749588149	3.4699323791805985	0.042655604402782196	0.028700481134818417	71.5236740394003	0
38.90771026340075	16.76040640332325	0.03523517272939559	1.183636032346059	43.113012128200545	0
51.607079089966824	36.07981312665014	0.12641052866818664	2.7572231536036163	9.429474101111236	1
32.90322208317305	44.60389694561816	0.4533629106049363	5.760696454046118	16.278821606557752	2
47.33438592531625	28.927115694358147	0.07007240306677398	1.0459475847201776	22.62247839253866	1
53.22880288761224	36.75683354976175	0.8198747756645861	4.3459997046134795	4.84848908234795	1
32.79937638156738	63.11902060013347	1.1172732507854477	1.2226062761013219	1.7417234914123927	2
20.909515922028273	75.25843420334958	0.5644785110356462	1.6950159930668933	1.5725553705196103	2
6.309352748669839	86.45925253771549	1.9897269029763902	2.2225722291452263	3.01909558149305	2
36.06055015679353	57.1049767634875	0.3798042212605604	0.5570604413961231	5.897608417062287	2
25.21629596626186	63.66553034397291	0.3775646321843488	6.007169411042241	4.733439646538643	2
10.091024742938313	87.27852607777224	0.5252192770738809	0.797005779916445	1.3082241222991178	2
20.367318699921512	76.73902994527222	0.6228870745952217	0.4324351276448357	1.838329152566203	2
12.539956040609852	76.3019208302011	9.24073080523733	0.7282190744354646	1.1891732495162564	2
19.559674477185435	75.33204993112116	2.518986394955979	1.4557249429158943	1.1335642538215522	2
12.011637848721465	83.89897730034119	2.727792452851227	0.7230489674347358	0.6385434306513718	2
9.17011422443286	81.17008212824959	3.1877341681376956	5.605197725378267	0.8668717538016062	2
23.980198354730245	70.23266609409137	1.9384800740087957	1.5756968551331394	2.272958622036444	2
18.282875434773644	74.89686462094073	1.6116150830343814	1.1784655936322381	4.030179267619011	2
21.505122774125518	5.163257058879158	0.0501203707831154	0.20596209006072683	73.07553770615148	0
25.777386630421212	11.572658832635861	0.04207148382957199	0.0950009823319774	62.51288207078139	0
0.8505052507229642	0.39136147849023584	0.038922060218789696	0.0018478630144179277	98.71736334755359	0
3.8615233690153317	0.529282353718496	0.002064346654030675	0.005249271108598399	95.60188065950355	0
51.83769599267275	17.736520366438725	0.02578233507201542	0.06546584610501585	30.334535459711475	1
38.83273745256714	21.264862978430035	0.027579470941372385	0.17373512775056527	39.7010849703109	0
32.91510431849144	48.915759129507016	0.11339530847793847	0.27688589741555114	17.778855346108053	2
9.031261022610867	24.421844975585046	0.07053959762028043	0.10836297079017472	66.36799143339364	0
0.22635159164158086	0.19598381592742475	0.0024673282678563703	0.0023893088187097048	99.57280795534443	0
10.706160586941623	0.3353983221735133	0.0007284944802497463	0.014002049698042914	88.94371054670657	0
48.83539529028203	19.07201522784138	0.04510123621754858	0.13061842891192382	31.916869816747113	1
36.13077928005254	5.773852748889399	0.0037831820535322823	0.19946540757595632	57.89211938142857	0
52.45036022880145	20.284984015119758	0.016736049933651288	0.20630734528546746	27.041612360859673	1
25.28379015854619	33.96252316874785	0.045697867344573165	0.10194317621558324	40.60604562914581	0
0.6637567647132689	0.2355522508049835	0.003599322130045488	0.0070115769032547	99.09008008544843	0
0.5340381250448741	0.18249288166209668	0.0010232159068917872	0.004673830858042815	99.2777719465281	0
46.39228707314352	24.55441149538284	0.01960108618965218	0.22666744256620788	28.807032902717772	1
30.828445062272834	25.3780695074544	0.09150194513355298	0.11411765657658736	43.58786582856263	0
38.04896234289784	33.3781006015296	0.18636922698425293	0.16209506335822912	28.224472765230068	1
6.731361095111776	8.877088125328752	0.04791833340726168	0.04780366129692223	84.29582878485527	0
29.338407767074276	9.076156113642654	0.025390455977470482	0.21233691775837565	61.34770874554722	0
0.055206645696057655	0.11364928871615125	0.009028662847852916	0.0016323770670296494	99.82048302567291	0
11.189595719784094	0.35435456654508996	0.0013578213452635048	0.012116152259933384	88.4425757400656	0
53.32439199445801	12.117150755512915	0.035269969587545025	0.07463434762718232	34.44855293281436	1
1.8619192608415738	0.2805469235925053	0.008293703322955617	0.002486683803480079	97.84675342843948	0
39.603506359818304	15.425463914357074	0.014193608269338139	0.1299767816590788	44.8268593358962	0
40.33498795916902	40.71120269171748	0.08099848372567198	0.5683919535066394	18.304418911881196	2
24.141820189295583	59.83037292770461	0.3215407089134557	0.37258102082835143	15.333685153257989	2
22.174894644293627	69.69011882586116	0.4390288517917684	0.8071100805692659	6.888847597484185	2
18.90393071478242	76.8762681113509	0.6365663859655394	0.6167519212630976	2.9664828666380227	2
2.969203852808102	90.46037733694581	5.0684621815797435	0.44214898100716404	1.0598076476591798	2
6.69794203054184	85.13762545759363	4.922396208096445	0.6733641735461546	2.5686721302219513	2
10.513922483295177	13.814633292458916	0.4158148138675065	0.046228422474339496	75.20940098790406	0
19.81228820570755	71.24704484755313	1.9540803127894042	0.6320441382645411	6.354542495685381	2
20.989322095883974	26.11653863447925	0.12987180881060428	0.1804487302149926	52.58381873061116	0
18.69025842714137	77.7309180883454	0.5011777246787541	0.2928828851526009	2.78476287468189	2
17.882530137594447	71.138426998257	0.7629646348931408	0.6482579471828966	9.567820282072525	2
9.99362015358117	78.0629232376601	1.0073549099475803	0.4805356172149571	10.455566081596178	2
20.880208051228642	62.24688829005284	0.310500236752054	0.6305909288801832	15.931812493086262	2
9.857418304458202	83.19338161010185	0.6967326266893488	0.1990280901911127	6.053439368559477	2
5.633493919939171	89.50315376943378	1.5296729191942848	0.29415791408263076	3.039521477350153	2
5.036213488632467	91.25746471498253	0.8871366108910672	0.20554039928391138	2.6136447862099987	2
1.99370494815807	94.45326721926638	1.596524587924855	0.12432342302689002	1.8321798216238039	2
0.8346098413969896	2.297668792008448	0.019517480361518708	0.02389273002073069	96.82431115621232	0
53.99676120817778	25.793960196376712	0.03440497269718597	0.05530990447475692	20.119563718273557	1
13.80992042035693	77.83161073113493	0.20710556499265492	0.14549583697319898	8.0058674465423	2
5.9080727931609704	81.61364415300116	2.547126576238045	0.1270530693766075	9.804103408223224	2
3.704134760763097	88.40950136361127	0.7883735368300537	0.21652879136217434	6.881461547433408	2
0.4498490847006599	0.4251252655212509	0.0027298668368639155	0.006340043505960623	99.11595573943526	0
0.0583708221699045	0.05862917102997981	0.0013204452979688607	0.0005468700059107131	99.88113269149623	0
0.1394433888839091	0.052950346020685206	0.00012162632013359315	0.0009382108878231137	99.80654642788745	0
6.214943228628142	0.5764603325340668	0.0010838477954183817	0.007173287955022325	93.20033930308735	0
0.0294057272726404	0.020952095164984804	0.00267017527898821	0.0007137628365652525	99.94625823944682	0
0.3059199736909394	0.04630392331951511	0.0007603141262765024	0.001338641431927518	99.64567714743136	0
0.10089363516963691	0.03686281143954388	0.0002579706712205059	0.0008260946342529871	99.86115948808536	0
0.38258893173055064	0.07228897647582613	0.0004411341583527364	0.0012426132815015853	99.54343834435376	0
22.44052913441639	9.299139515021398	0.016617696930013057	0.022716152457093266	68.22099750117509	0
10.820627273597875	46.90400327392155	0.3118133664365985	0.15145689573939133	41.81209919030458	2
7.639720181982231	34.89306237897682	0.06826476123722777	0.2097041281371157	57.1892485496666	0
16.55337772139048	67.0337413796858	0.3575568921535819	0.34993511753692613	15.705388889233207	2
14.590757153224452	81.69626654436605	1.1596326882995116	0.20366572027691712	2.3496778938330802	2
14.629189534086654	78.0061356081853	4.791270780484165	0.2554537363003098	2.317950340943575	2
1.046990187154367	81.80564111142041	16.38538368468615	0.2384192628143118	0.5235657539247823	2
3.1887522733261444	74.98055571198832	20.79249980455769	0.06943558211118389	0.9687566280166513	2
7.80029042030365	72.46448874738951	18.92808658105183	0.11870595529526486	0.6884282959597484	2
9.564890404970397	64.28800317283748	23.38281676791776	0.2359578321348809	2.5283318221394855	2
4.199857472676191	69.91603616722166	25.08113604089107	0.060179527348418214	0.7427907918626431	2
6.038593132987777	81.86251446665237	11.076390683311294	0.09029422277417957	0.932207494274382	2
2.8193915178894144	79.16812537591625	17.2226006199065	0.22878837619092562	0.5610941100968985	2
3.5096788696662022	4.134612198986469	0.19723633901039325	0.026799474800042578	92.13167311753689	0
11.75594790072331	80.58449068747002	0.48577863096594587	0.23330228688950194	6.9404804939512275	2
25.285028956169732	57.87240652724932	0.13392444716326257	0.0911189304154694	16.617521139002214	2
11.48887416339701	80.26404093031368	0.40725592220389195	0.1547525871603845	7.685076396925027	2
13.82068808425715	77.47963481234481	0.850527689942716	0.22864322686991267	7.620506186585402	2
3.2997317113345304	90.70466142686368	2.1407208729728255	0.173345404197736	3.6815405846312226	2
3.8286230439190674	10.715228498052504	0.05513287445932598	0.10536974170045098	85.29564584186865	0
0.1328086848181947	0.03656938606733413	0.0003454197423194462	0.002993409521093267	99.82728309985106	0
26.393098913877687	1.4658997043307986	0.0018361091973532638	0.10903701491483764	72.03012825767932	0
11.572082621480384	0.6400506364906322	0.0011565318729420521	0.03830917425100097	87.74840103590505	0
0.29697403960387797	0.17031114945751538	0.01879569424195376	0.005116354418100475	99.50880276227855	0
1.1656029486521413	0.18817303904179933	0.0015613048846782412	0.019701730001488196	98.62496097741989	0
5.5086702121419595	0.6441993126001893	0.003262990309338971	0.029600657748445818	93.81426682720006	0
28.08479842955555	5.306556020236225	0.09076591504810794	0.21232548532630702	66.3055541498338	0
27.02433331241606	18.9430723223758	0.055866920688721455	1.3446925656375444	52.632034878881875	0
23.979546081702416	34.02163829157581	0.15091572859283303	0.6303578057670598	41.217542092361874	0
14.470972340622806	65.17339418678195	0.1831057278668763	0.9295044217797285	19.243023322948645	2
11.207469753062457	36.244898515445065	0.32864172255246243	1.2335720277479318	50.985417981192086	0
30.78259996664432	51.05722539289579	1.5348673232299654	1.2476780365518298	15.377629280678097	2
15.3207956937321	73.83154595229003	1.3032360116078192	0.6286502845027783	8.91577205786728	2
5.835121195426727	86.65528075217613	1.9000551226713933	0.5933789247302437	5.016164004995512	2
16.13668096023673	60.014324888136926	0.912879777317722	0.7770070270090238	22.15910734729959	2
3.8283536533241547	87.4325074937891	4.457281929760781	0.1337049146204976	4.148152008505474	2
13.382138221882148	79.57630340066221	0.6161893044380768	0.3245019428019132	6.100867130215641	2
4.090364063294878	93.1150303727453	1.6999573166081836	0.06655519302774811	1.028093054323893	2
4.372748288209945	87.66183307254177	3.6568181653896263	0.1428076373328848	4.1657928365257595	2
9.265927418755837	80.1282322734502	1.0726506218223713	0.6314121163362827	8.901777569635321	2
3.090636407644071	93.45694107148417	1.472273279096327	0.16655302680912765	1.8135962149663052	2
6.013988465120809	89.95582081313775	1.207088449847204	0.1893790712231105	2.6337232006711195	2
0.603192461529021	1.1641584033476835	0.02455291905197307	0.005284123055859527	98.20281209301547	0
9.877441601642373	69.78539957233238	1.0515494217444077	0.18347584171131995	19.102133562569517	2
3.96742905843426	1.3119083603044914	0.01191586909029192	0.028731044782430295	94.68001566738853	0
12.972509467387406	11.58391093515722	0.0462477403638444	0.0670737169636735	75.33025814012785	0
11.568720899830039	5.845466154739977	0.02070488327214112	0.19246182173858906	82.37264624041926	0
0.3105511827794738	0.15702869168867478	0.017082592589217904	0.006516944160054088	99.50882058878257	0
1.5949509070208763	0.292404495007116	0.004048741790968072	0.014867927899764828	98.09372792828125	0
16.643149403400237	5.755959261763613	0.02409083956289488	0.10663073315556171	77.47016976211769	0
14.394571383974473	25.27867108330431	0.06740740434749751	0.26763275386969404	59.99171737450402	0
14.479112418827246	52.47379098341219	0.24490028971019256	0.89165815637168	31.9105381516787	2
15.436148641422157	72.06190939682944	3.933856244261448	0.4725680247373958	8.095517692749581	2
0.2552900987704313	0.7089006634304578	0.00791589597123905	0.005154055057214957	99.02273928677067	0
6.524378087546376	10.291079750832294	0.155337042904744	0.33584327466635155	82.69336184405023	0
0.06312952703461837	0.07246323908100706	0.0047933466569038295	0.020225537800198905	99.83938834942727	0
0.17818362333337237	0.017228273466801777	0.00023533382211085474	0.0017480691439444606	99.80260470023377	0
0.5861900968617387	0.042982001129971546	0.0003043450540508059	0.00971325451482233	99.36081030243942	0
0.7300803801199337	0.0665553768083617	0.0003807105080473837	0.01344897553546995	99.1895345570282	0
4.259580097883998	0.3790512485350362	0.002434019641159159	0.02658661370526553	95.33234802023455	0
3.7406384654390266	1.1223549683036425	0.002628375893592049	0.057664981221635825	95.07671320914211	0
4.745641953037065	1.1818165536141714	0.0021486404055548925	0.012154932213087947	94.05823792073011	0
0.33763810518385207	0.10985177332540765	0.000491637161763987	0.0029823503013818114	99.54903613402759	0
0.6433492543227728	0.14882725817160292	0.0012586384477812466	0.013668078066550023	99.1928967709913	0
50.92989932236789	6.207439824127216	0.006822890859196279	0.26999478097320145	42.5858431816725	1
17.046810832774153	17.46977324860336	0.16868396732315222	0.22917186035862364	65.0855600909407	0
14.77763220026162	17.811823906547936	0.4596696631140585	0.27273193108290494	66.67814229899349	0
8.035281630160144	18.557330710012945	0.173484956154814	0.136420498137515	73.09748220553458	0
1.1113547435926299	0.31256187818998993	0.0037598064251432545	0.01095823010188477	98.56136534169035	0
3.431123334730868	1.8212586587171273	0.014060936775425708	0.022784278631404305	94.71077279114517	0
11.035146223648868	35.58556898658743	0.4851606390441658	0.06577224583732387	52.82835190488221	0
0.051033531615919135	0.06336711817783132	0.009107091285563971	0.0008758827706122432	99.87561637615006	0
0.018410438493337445	0.027793915813469468	0.002323712463865116	0.00044834685526940713	99.95102358637405	0
0.11015643261368695	0.022532077431439906	0.000260288760627059	0.000233396922827286	99.86681780427142	0
0.7930170309807826	0.03987815319463502	0.00040696353973745535	0.0005336947586315029	99.16616415752621	0
2.809832389040568	0.23336791847229243	0.0012733378128519392	0.0022541680417874255	96.95327218663249	0
7.142182213460832	2.0393184089928544	0.0013928810260498596	0.0030431142367225426	90.81406338228354	0
47.140077513620184	5.6311710519570015	0.0032423004954380214	0.03245882707925371	47.193050306848114	0
28.6567521426935	12.908724222666331	0.004136037174552628	0.1136314720420577	58.31675612542357	0
6.916030815394433	1.7216966754779615	0.0014281028054915759	0.026364111350567786	91.33448029497154	0
81.9907581631821	4.9393699228962475	0.0033104371261234227	0.2762263130344862	12.790335163761066	1
43.73781828585174	46.78068630040937	0.061742998907615025	0.3920389780539947	9.027713436777276	2
48.075980303245416	15.746513532945722	0.028941150170361734	0.6775959856694077	35.470969027969105	1
53.90422947742828	38.23934551563454	0.10988772891150837	1.3141800293714019	6.432357248654276	1
51.31571281824579	34.22531335392648	0.05467076763702981	2.462765255798093	11.941537804392597	1
27.285587798201295	30.68594505599792	0.03214846837455016	0.5185280379339938	41.47779063949223	0
12.046472684191171	18.16391829508663	0.3372934344615654	0.16170549382421934	69.29061009243641	0
38.89890548247627	39.91383653539696	0.34773715230146385	0.3247468949331965	20.51477393489209	2
30.485841785037472	61.60188476773586	0.3509008118608082	0.08502680740060488	7.47634582796527	2
32.21779045930669	58.67421376499632	0.5023720749396765	0.07262140681332709	8.533002293943975	2
14.490850667273927	81.61700912725979	1.0383333067427367	0.2517880460936925	2.602018852629861	2
14.472654818425326	76.93595387025934	4.910317002889456	0.08007644758761388	3.6009978608382758	2
4.949182510229436	91.17851538502202	2.78606479178799	0.07284203525990499	1.013395277700645	2
5.964289374329326	89.008195708052	3.6484914272410087	0.05268223534728624	1.326341255030381	2
1.8434225103528965	88.89050299012662	8.826730076069582	0.0654727396857463	0.3738716837651559	2
2.118449775350652	81.77725908704531	15.230196026494408	0.039520855435899935	0.8345742556737472	2
3.0180140716945147	93.259366501139	2.868051466487892	0.032486929657598806	0.8220810310210096	2
1.4539117709412621	69.34375246920347	29.075405690714017	0.009887600351518047	0.11704246878972897	2
3.4814063732305507	81.33965826242788	14.859311706340774	0.04725179049361829	0.2723718675071795	2
1.9026618667476913	92.30031423089633	5.278967168883537	0.07668649353125807	0.4413702399411752	2
1.386049140262296	78.49160453074006	19.728531213656737	0.23637828070017208	0.1574368346407263	2
1.4181506584866415	89.51972702880232	7.578460777576799	1.2438554182911459	0.23980611684309452	2
0.3650404333424682	97.73721950296294	0.6113135741081828	1.194206472338831	0.09222001724757259	2
3.176657564236476	88.63119620608659	0.08019654801444423	7.726902539451603	0.38504714221089903	2
6.084034812389915	65.17947849369997	0.03485285133588608	27.050867793455552	1.6507660491186655	2
19.286660778273067	42.43934412567397	0.00747127465990919	35.748454296729015	2.518069524664055	2
11.918862553613467	12.550638413395795	0.03822956712619511	60.563836731053044	14.928432734811494	4
15.481162301675008	23.77161158525728	0.04445500003475944	44.240149484483794	16.462621628549158	4
21.902594783813033	47.4638147295691	0.03157597941938698	28.20497437584612	2.3970401313523584	2
4.985004679651137	10.494275738161459	0.011864149938901506	84.26530747164804	0.24354796060046005	4
2.64404218882186	19.37707177387668	0.02103197238678826	75.78776870236776	2.1700853625469163	4
4.7052057492988455	7.478027608783172	0.005535629288667972	83.7664183226355	4.044812689993801	4
0.7405246591582277	0.8250893305452325	0.0010261516910498893	98.2889292517549	0.1444306068505966	4
0.2853916386760342	0.6360815410376995	0.005115465195734876	98.2191633441769	0.8542480109136376	4
0.6244542190300186	4.341153018082175	0.016772801654892144	94.84784650799959	0.16977345323332135	4
0.8598561160329792	8.042630507931571	0.029399395611856626	88.96291502408819	2.1051989563354105	4
0.972630412266816	1.2515747003587114	0.00460419467530725	97.52739641092974	0.24379428176943274	4
0.22219138596371746	0.4802688644829123	0.0028694407455635853	99.19800969802017	0.09666061078762303	4
0.1267412445730238	0.5307493408142383	0.004313235038064412	98.94730194439764	0.39089423517705174	4
0.6870546677225655	6.0721263073769505	0.026357162795129094	92.52085385232242	0.6936080097829362	4
0.08903364498048558	1.0716779758822332	0.005006144649594868	98.78045560919091	0.053826625296775975	4
0.17448429571828375	0.8102385945350618	0.0016019447130967137	98.96714410320767	0.04653106182589102	4
0.9633549233756327	2.081701026025905	0.002923706683096454	96.7937263985488	0.15829394536658037	4
0.8886678994316274	10.546711781215347	0.015446294571286488	88.02375473697155	0.525419287810164	4
0.07114368737264405	0.8040114491800655	0.01123079575338891	98.65376939407595	0.4598446736179579	4
0.2586938005346807	0.43579561648825715	0.009831126990277814	98.97138304489582	0.32429641109095364	4
1.4165183331502196	3.363594623755528	0.003047207967006611	94.52419129398565	0.6926485411415908	4
4.590447885141985	4.067727116950446	0.003271976346484352	91.05393440435373	0.28461861720735154	4
1.4592501012395735	2.032373716038111	0.001095805333822441	96.37518160483201	0.1320987725564933	4
0.18140981334560705	0.8150997521929779	0.0014909439457389522	98.88987476623366	0.11212472428199612	4
0.9143079594236686	2.4868392557163577	0.004795540903505557	96.42931434325345	0.1647429007030153	4
13.038365235290014	14.268943468649015	0.017152367749905695	70.97797177861392	1.6975671496971494	4
4.680649665305479	14.046116950597899	0.010063004086366723	79.62965001706091	1.6335203629493433	4
26.4779960622096	10.746704615823631	0.039582960169374536	54.009415277616824	8.726301084180573	4
9.579019980964183	5.79671111715236	0.022539142988058668	21.76549209295373	62.83623766594167	0
33.62869593072165	5.651426690139274	0.014378870732603875	42.34565687662399	18.35984163178249	4
