N1	N2	N3	R	W	anotaciones
0.7643103060208283	1.0637623074815712	0.046773704872187016	0.010798502072682634	98.11435517955273	0.0
0.016971366924828285	0.020063675919158447	0.001792057823287219	0.0009221888779734341	99.96025071045476	0.0
0.04291493653835627	0.13277295721633198	0.00402829324525928	0.0011620229580574645	99.819121790042	0.0
0.276081381451903	0.3382529204186878	0.004220026311336348	0.011887125340041917	99.36955854647803	0.0
0.006659868490523841	0.008334422910056379	7.395067468189612e-05	0.00026957779939996816	99.98466218012533	0.0
0.055968573524246425	0.029934904588761226	9.20204357725582e-05	0.0009032214741057498	99.91310127997713	0.0
0.11546188544343493	0.017562299311801824	3.1291916331351254e-05	0.00046119807187999513	99.86648332525654	0.0
0.0492349507355781	0.0835921944444314	0.002669460838134466	0.0003481108012037675	99.86415528318065	0.0
0.02519027369795671	0.011936433055919411	0.00042070175846700697	0.00028826831788393093	99.96216432316977	0.0
0.04496959121852879	0.027103569270242704	0.00036136556957196603	0.00011887492477266922	99.92744659901689	0.0
0.11519345394357591	0.05996472638116672	0.00031675779136613845	0.00016502367507965042	99.82436003820881	0.0
0.7630831926896922	0.014828453555951896	7.285018290940088e-05	0.0004710259157098948	99.22154447765573	0.0
0.385693089550149	0.026097938956748282	9.074096659288482e-05	0.0004015665105504778	99.58771666401596	0.0
0.7722739941315482	0.3834567275257899	0.003858287152926985	0.0003544238140074279	98.84005656737573	0.0
5.376219281889838	1.1295733763720655	0.002344537409260761	0.0013441571206592282	93.49051864720816	0.0
12.710945706209205	0.6325254567322012	0.0013020333458040561	0.0013960340364626799	86.65383076967633	0.0
0.5478173452448207	0.17367718803779084	0.0010174616516731654	0.0006519386726343132	99.27683606639307	0.0
1.5962842604507081	0.0915005975170176	0.00017359825563404614	0.0013408072115932838	98.31070073656505	0.0
2.7101169896157034	0.3432376363529728	0.0008638856880697981	0.0030140488902229944	96.94276743945304	0.0
0.17395533157449863	0.1102447687945127	0.0017557696923920585	0.0015797742427046387	99.7124643556959	0.0
0.04756543249579681	0.06112908672979455	0.0019097148316997708	0.0006494560323517866	99.88874630991037	0.0
3.470554713220913	0.1836691162905325	0.00033894838134128824	0.004445692139644863	96.34099152996757	0.0
2.2588352596329506	0.1861939323993153	0.0009726794635004654	0.011895272716619755	97.5421028557876	0.0
7.396678954498309	0.3572578948130848	0.00022158721701650612	0.010078181021243452	92.23576338245034	0.0
1.0658143757713952	0.1880975973935382	0.0011574985545368894	0.004189021845330648	98.7407415064352	0.0
0.22455713498952773	0.11986370988232482	0.0023129259167502495	0.0016350283218659193	99.65163120088954	0.0
0.04475639997519255	0.04231116498661047	0.0021923436780797298	0.0006273002598906405	99.91011279110023	0.0
2.1064406397009874	0.21921869535896019	0.0009246875264626399	0.011507942238585154	97.66190803517499	0.0
62.96730778948869	1.3380356696221802	0.001235961374118225	0.010801264439855377	35.68261931507515	1.0
72.23275334173047	1.374942443129411	0.005720476048235663	0.00561316411669908	26.380970574975183	1.0
86.38006004920912	1.7538597559151288	0.002697819345189671	0.003396080111387571	11.859986295419171	1.0
87.77357819464383	6.385390562045033	0.005932303113156571	0.005211183951026824	5.829887756246947	1.0
72.36159825718931	23.581174741279497	0.021064384658733334	0.01396893174518658	4.022193685127247	1.0
62.36387906191422	34.55938082674834	0.058113022592739316	0.008556374132608971	3.0100707146120986	1.0
19.21820103988864	78.17343016691446	0.03564697889425581	0.007577365978846999	2.5651444483238053	2.0
86.45667156147155	6.974854846179497	0.005635197939116233	0.014935449336595377	6.547902945073219	1.0
28.074484815450006	32.05693249733128	0.03338720789652873	0.039022290528635	39.796173188793546	0.0
71.74072570821187	17.05682342855953	0.012823162320097593	0.022491926339803837	11.167135774568692	1.0
84.87975388626603	13.379954323419895	0.013562384030034721	0.0027196635990352643	1.7240097426849965	1.0
48.190835346729486	51.010462183381186	0.026979218721402916	0.0014008119494563268	0.7703224392184767	2.0
40.00537108124382	58.55812693603079	0.31488580916071346	0.007068234127340248	1.1145479394373452	2.0
17.983441286910253	81.18699687530743	0.2301494314986303	0.005761502617372589	0.5936509036663149	2.0
5.343512992569275	90.74733435846338	2.7894366197327933	0.009065557794376209	1.110650471440198	2.0
4.495990954771924	91.90368302121361	2.2037273534831923	0.016546818792858572	1.3800518517384075	2.0
7.7912211955796575	90.90795883289734	0.30020994083300007	0.010925469119191112	0.989684561570807	2.0
3.2303517314623242	89.6101292980757	6.131619966088504	0.003991695835314634	1.0239073085381374	2.0
5.2548563281372855	90.06034934711877	2.821381819023536	0.002143806566638264	1.8612686991537606	2.0
4.836248103249238	88.88888185132573	4.932625720999736	0.0018448171438861726	1.3403995072814345	2.0
4.775548743355479	92.69064913748464	0.7563246146259738	0.0014019375712425244	1.776075566962668	2.0
2.3670643622790983	88.14503975389539	7.037912509909433	0.0008958797284861853	2.4490874941875953	2.0
3.565614201480919	94.00871212549168	1.1406914532142465	0.0011290326159139495	1.2838531871972363	2.0
1.1000290547722942	84.05726225963724	14.088895423986347	0.0011031229733673017	0.7527101386307588	2.0
1.88763430459854	83.45332777627988	13.688393644300453	0.0016961560706823052	0.968948118750458	2.0
0.8766590410990479	85.50596169923938	11.981870467013998	0.0035247192705864607	1.6319840733769753	2.0
1.8514167023585721	91.56798478541151	5.882761354053182	0.0018641434490535114	0.6959730147277001	2.0
1.062151994449812	93.65381786506293	3.454857294617178	0.002071793272357531	1.8271010525977183	2.0
0.7807293862921107	84.89387505503413	12.416243705542355	0.004598128534972588	1.9045537245964324	2.0
0.7140089178860805	58.98858353979427	36.325134586292634	0.003520445996010651	3.9687525100310075	2.0
5.764317667203358	86.9470235506904	0.5473874399730669	0.03066664921909351	6.710604692914095	2.0
2.51182298008293	82.27896774949241	1.5049228670597203	0.041293333896767745	13.662993069468184	2.0
9.024050136476692	76.42118377002191	0.08339724092671531	0.15553745356084234	14.315831399013831	2.0
12.217860339533331	50.96710679422522	0.07743810542262383	0.02667480451718842	36.71091995630164	2.0
0.3958672451681511	0.6828076457732143	0.05181404863396748	0.0043204078029433	98.86519065262172	0.0
0.17958068408835437	0.09296291376499483	0.0047832492233842285	0.0026654313073114977	99.72000772161596	0.0
1.1904601216977868	0.22227180285025253	0.008872346899969389	0.010517380605953594	98.56787834794603	0.0
4.111084678135963	0.1405116448970944	0.001975429932451294	0.0034828558214219417	95.74294539121307	0.0
44.31701982557726	2.0318946403679585	0.0019420519104214075	0.003016110700064254	53.64612737144429	0.0
79.40229383749528	4.85681732941592	0.0030027778049631342	0.003348714350748366	15.734537340933096	1.0
62.70461114503091	4.364576972876356	0.0016858097160785054	0.0024103671792402573	32.92671570519744	1.0
6.572925605395998	1.6238525948521099	0.00677597799310314	0.0008722369879423946	91.79557358477086	0.0
81.05866104549553	10.95338483168778	0.015743982776714877	0.001059654115005639	7.971150485924981	1.0
18.916600664731384	79.33047048640071	0.10669873752021078	0.00021647976250833474	1.6460136315851743	2.0
30.696711596331035	68.2560449733652	0.09508036630844338	0.00044780419598126355	0.9517152597993317	2.0
4.948607121176315	93.8547164362776	0.7332315661726209	0.0035371329804054193	0.45990774339304646	2.0
1.2975782566398282	94.83769279397465	3.3892386853259975	0.0011574479595838174	0.47433281609993994	2.0
0.4333073024487214	92.25689421577633	6.973043327696344	0.0009151354250667963	0.335840018653548	2.0
0.9950701517562612	91.29153512473881	7.252109541912813	0.0017801779276369434	0.4595050036645145	2.0
0.6214933580623206	89.7012724106383	9.250838710023695	0.0013687245940757274	0.4250267966816023	2.0
0.43032126375044916	82.06846608008756	17.039857122553258	0.0015356686109661718	0.4598198649977785	2.0
0.08758598652739427	45.82483983052726	53.89464526701584	0.00047158299466968	0.19245733293483383	3.0
0.060772287689451227	29.987586673942207	69.78936192812573	0.00032953934031128144	0.16194957090230105	3.0
0.06485154673244165	36.572938660549184	63.14720596091343	0.00030934852930910385	0.21469448327562762	3.0
0.03977296854642192	22.458139332632467	77.30397758535194	0.00035870046405987754	0.19775141300510782	3.0
0.03214493784710167	10.349165023433992	89.36737064279501	0.0001768499822622863	0.2511425459416435	3.0
0.021777149352324103	12.545704790558403	87.01738369836136	0.00019244989138176202	0.41494191183654205	3.0
0.016528828704491128	23.04436297592524	74.65860978086964	0.00040118761931345003	2.2800972268813124	3.0
0.015913810637416342	4.263460200753187	94.95710354776668	0.0001643397293602314	0.763358101113346	3.0
0.014709207387848894	4.744545372110854	94.56139575192124	0.000256103415261556	0.6790935651647857	3.0
0.10030279652394054	16.257708059834577	81.77735772067872	0.00023046721489056375	1.8644009557478587	3.0
0.0880069020189831	43.222165903545964	55.63159260698093	0.0005438811992854668	1.0576907062548535	3.0
0.014703668241006546	5.017788153065917	94.63829498196284	8.598156721109121e-05	0.3291272151630245	3.0
0.01442442308078735	5.63329953995301	94.10616163079281	0.0001167468951492539	0.24599765927823575	3.0
0.013881972859835275	19.325690887843546	80.02888346690712	0.00015501908883520753	0.6313886533006653	3.0
0.003898504940097898	2.668928432375177	97.09665552927379	3.865985290784691e-05	0.23047887355803479	3.0
0.0038947684863634593	2.708085216062156	96.7261549235326	4.2735513643590494e-05	0.5618223564052365	3.0
0.00257989326201546	0.6276570480886421	98.70070296174933	5.2867032835483654e-05	0.6690072298671621	3.0
0.0035113569002350677	2.7059394716320035	96.93911910623505	3.51443312950379e-05	0.35139492090141605	3.0
0.004747974861425423	1.8012389049495376	97.54401505837478	4.4012056463086056e-05	0.6499540497578015	3.0
0.0034628199041967793	1.3685831804274875	98.33652989007543	2.9260315457365885e-05	0.29139484927742815	3.0
0.0024158588583339377	0.6193079770490532	99.08868070419786	4.148420485246693e-05	0.2895539756898965	3.0
0.0523550825188175	1.3409888963448724	98.38469552056021	5.285643339135317e-05	0.2219076441427069	3.0
0.016782673652788693	4.221626249769233	95.62261483959381	8.981882668161964e-05	0.13888641815747152	3.0
0.007794289782822344	1.718056649748067	98.25631685575549	4.305180301155594e-05	0.01778915291062413	3.0
0.040066305133517416	2.467608102232669	97.4265088179171	6.679790950945914e-05	0.06574997680719852	3.0
0.06774549765762469	5.429190560357339	94.40374119750712	0.0003693694839054094	0.09895337499400307	3.0
0.013155872457134975	1.96576428979894	97.98898084145434	0.00011435289525083097	0.03198464339432981	3.0
0.009137591059457734	1.6626066797318897	98.30270493798156	0.00012874446801437473	0.025422046759065228	3.0
0.006681775738442791	0.7568013667730555	99.1201247862757	0.00025205235517844504	0.11614001885761399	3.0
0.0060510111452065085	1.4598902199744583	98.40439099524166	0.00034416681089798767	0.12932360682777033	3.0
0.01209610705770921	2.075664312621846	97.66963336022609	0.0006779072839334994	0.24192831281044394	3.0
0.07713133404746063	3.245227375788514	96.47095493748782	0.0009657322841991672	0.20572062039200187	3.0
0.013365967574892078	2.1987589160099072	97.59890050646732	0.0006784924948576271	0.18829611745302152	3.0
0.01144500487024221	0.9251335097915067	98.93132726190316	0.0005679563588935125	0.13152626707621018	3.0
0.013394080062051531	1.2175511195325477	98.68743768666374	0.0005823511055398124	0.08103476263612362	3.0
0.004645862945826991	1.2173670413704818	98.66470254884348	0.0007429253933079074	0.11254162144691511	3.0
0.06938074380634025	4.292081233976312	95.3577147343239	0.0018901798400170605	0.27893310805345073	3.0
0.009327894559354375	1.836546068407193	98.10166431778043	0.0017227233726368597	0.05073899588037053	3.0
0.014535845878181991	3.4229660413037486	96.5147026030047	0.003097894376184294	0.04469761543719027	3.0
0.01622687327920043	2.577369383945328	97.13349568004523	0.002955664053254889	0.26995239867697207	3.0
0.012260726428650953	2.52315537169886	97.29824759284872	0.0012422403088430385	0.16509406871492227	3.0
0.010066685376412459	1.205402965638335	98.60884474937885	0.0009653275799823368	0.1747202720264407	3.0
0.018032517369379556	3.14475865812264	96.68396530846992	0.0009889276429325357	0.15225458839511605	3.0
0.0068683971161336834	1.549330964431805	98.26059269771666	0.0007854613605487678	0.1824224793748575	3.0
0.008389980547033863	1.4899845571484112	98.34959000615852	0.0005708043781621151	0.1514646517678704	3.0
0.011294128924033163	1.3977719207196169	98.40899702638069	0.0009188217426514427	0.18101810223302173	3.0
0.011163175137298753	1.8620671317698982	98.03047235675378	0.0005887144885390776	0.09570862185048368	3.0
0.011643155795388004	1.9960060014031173	97.7524501315867	0.0007300685567045839	0.23917064265807725	3.0
0.004566110198332357	0.9571990717851435	98.89847098156237	0.00029161511892125826	0.13947222133523468	3.0
0.006115413526911226	1.3635843542924158	98.45132915182951	0.0005926458830067593	0.1783784344681661	3.0
0.014053433134117168	1.1699910450436224	98.58290555327255	0.001090867314826968	0.23195910123486163	3.0
0.01596766236336165	1.6915456558091715	98.05673899310119	0.0008171446118725651	0.23493054411440648	3.0
0.022961451049964162	1.8801935344001284	97.92351985620925	0.0029470525838765863	0.1703781057567641	3.0
0.4039676131717479	20.73373306564679	77.38352557796807	0.015399337730801873	1.46337440548259	3.0
7.992436527357574	80.46707246276968	3.7370040507815423	0.04386868879948114	7.759618270291726	2.0
47.2548009531541	34.250115395530095	0.30003151303874614	0.045011590159130296	18.150040548117925	1.0
43.98197796005612	49.571972416544476	0.16181924946602677	0.03468848343377316	6.2495418904996	2.0
21.42542275100103	75.76406042809016	0.4045825799792806	0.010944899866383466	2.3949893410631296	2.0
19.462209147885677	77.36696962605293	0.46152564273855756	0.04310480359383655	2.6661907797289897	2.0
5.6380786206158415	93.45497659596604	0.17585204573660132	0.039460451130799025	0.6916322865507222	2.0
2.798612810466042	93.6563325799004	1.5129788024552253	0.032703324323989	1.9993724828543387	2.0
5.764315412030994	71.9413542420696	2.9444502939398047	0.0069154177256331665	19.342964634233955	2.0
72.38391554221299	16.511902770990826	0.03244193016815713	0.08362680705777467	10.988112949570263	1.0
55.08161093055315	43.930690966521716	0.08968381458980311	0.023061124316223817	0.874953164019116	1.0
38.85178055221728	60.63231880932952	0.10826475896278055	0.018554347642374097	0.38908153184804495	2.0
9.023096366050035	90.40767747245356	0.4375778320669548	0.010490073937423287	0.12115825549203829	2.0
3.030080695924741	96.41806516167902	0.3185030462426457	0.021031421266422927	0.21231967488715286	2.0
1.2330866728008651	97.96198760761324	0.3835924764268178	0.020054237554662867	0.40127900560438723	2.0
1.1886323482551202	96.78635471155535	1.676252771052654	0.011363256402226324	0.33739691273467143	2.0
0.6721575506271036	92.6461659525558	6.408889488715755	0.008280125050416044	0.26450688305091713	2.0
1.1920811120374304	89.7966465872427	8.532318780611073	0.021289553467954303	0.4576639666408379	2.0
0.39157211044910273	94.42002292736882	4.884378462822291	0.040930894701375765	0.2630956046583802	2.0
0.4647836614050472	79.32569281091291	19.988854479923713	0.05677642204378649	0.16389262571452992	2.0
0.4845913386171221	79.11506902153383	20.071143966354864	0.07572323677553598	0.2534724367186588	2.0
0.7287488749178644	74.33532239480087	24.64522802604334	0.09550388973723362	0.1951968145006913	2.0
1.3672287262721412	92.08962650290322	5.480425447219683	0.41946997928160884	0.6432493443233431	2.0
1.329580447665422	89.72514463084784	7.4835426774690434	0.6939614189352501	0.7677708250824495	2.0
4.012572767528687	92.4036926671822	1.3569945974300144	1.4957821890165022	0.7309577788425995	2.0
2.9021093059460314	92.75478275127827	0.6591846729800939	2.976445675671454	0.707477594124164	2.0
9.281016052733795	82.36622069523844	0.15354322795242634	7.401822416351211	0.7973976077241268	2.0
19.85299359935737	70.4511391326013	0.07023724907988349	8.443182815340936	1.1824472036205322	2.0
7.191116906366836	32.58670649657339	0.13289977837933928	58.8277381160665	1.261538702613939	4.0
0.6317284580174121	2.0572947254763765	0.0067004360187354305	97.21533148606524	0.08894489442224557	4.0
0.15838924211439187	0.28437660953133514	0.0006887045626855031	99.52189503995335	0.034650403838219726	4.0
1.2302259655420038	3.5887150638062963	0.0058771173957452745	94.97064088210215	0.20454097115380787	4.0
2.014409126451396	2.448397371233958	0.0035272153845224345	95.38391210187754	0.1497541850525726	4.0
0.4361504848386875	3.052963476845041	0.014393555592787273	96.33597264898025	0.1605198337432447	4.0
0.9061587617920303	3.3754834631564763	0.009691721028702678	95.47099619228834	0.23766986173445517	4.0
0.18019633180541686	0.5405776438223214	0.012687177529201928	99.0162600150176	0.25027883182545896	4.0
7.528998876774466	18.643544958534584	0.056945978846715116	72.78706117806466	0.9834490077795703	4.0
5.099999797583521	1.9065449574251225	0.002872627224261866	92.45195348033188	0.5386291374352096	4.0
7.384134077390633	8.562382854024287	0.040533563593336396	83.29349040439004	0.7194591006017143	4.0
12.159116450070307	20.21495928783906	0.03681097312447493	65.69145942548218	1.897653863483995	4.0
38.11321843106011	23.36785932329421	0.017163083719886115	29.586944219222822	8.914814942702959	1.0
26.733506441752976	36.505490077227044	0.11008155390815483	17.782592867067002	18.868329060044815	2.0
3.2269667993633027	1.9102219720419433	0.07848563127871544	0.2719554139932173	94.51237018332283	0.0
93.1235638069714	2.6448259135238827	0.00342618079431528	0.5961987481432232	3.631985350567167	1.0
66.78512066594932	27.892605030486823	0.01235695374266247	0.8503257743960183	4.459591575425173	1.0
55.73736145575511	42.99166633538403	0.02349646118436825	0.3122633695888827	0.9352123780876184	1.0
13.703913429238856	85.46808957619037	0.023390281006839334	0.28696960047178777	0.5176371130921376	2.0
17.254250214369552	82.07976085979062	0.12150754524937853	0.23723954188808885	0.30724183870237765	2.0
5.840986941194752	93.55567434145303	0.16712295776919356	0.06462066422483292	0.3715950953581866	2.0
2.2116788936267904	97.27511413160862	0.28856150176263684	0.02207648925291996	0.202568983749043	2.0
4.571479140731642	95.01109093718202	0.1330423924858642	0.031564907889857684	0.25282262171062836	2.0
2.587337911498122	95.85243916396685	1.2244496637425637	0.030560296603819218	0.30521296418863486	2.0
1.9585489794414725	96.90878052107888	0.7089204813810283	0.031124493320866232	0.39262552477774887	2.0
1.5219829640015894	98.11814603559324	0.17076177894523242	0.015773170436163664	0.17333605102375005	2.0
1.0035620300736006	97.52330108614852	1.3124295890317965	0.008076329011548929	0.15263096573453191	2.0
0.7925093375753258	96.97242300023973	2.0332132157617124	0.014676895275148562	0.18717755114808246	2.0
0.9337656785484569	93.76761000439767	5.048368031299062	0.01761329037675937	0.23264299537807098	2.0
1.7127776337421463	96.38500590063298	1.5031263318721484	0.06802305577542499	0.3310670779772888	2.0
1.3017598280331102	97.23210387002793	1.0748672311461607	0.040273418158409145	0.3509956526343858	2.0
0.4146833847615096	98.33436805515771	1.1503574118999487	0.006175230006677856	0.09441591817415507	2.0
0.3900584809038041	96.70235857482388	2.777381717782937	0.007497751159452764	0.12270347532992944	2.0
0.44292566300871633	97.34178994690282	1.9536229752814054	0.011753222386431022	0.24990819242061363	2.0
0.22364036577406946	94.64033797761961	4.972386266850471	0.0032904375909295963	0.16034495216489267	2.0
0.34139508798398827	87.50090721418809	11.95811416781083	0.005717760617111194	0.1938657693999792	2.0
0.30001778527917633	88.99214244958745	10.351388360218102	0.005287886721339984	0.35116351819393976	2.0
0.06729047706200941	57.67550816371817	42.11421874449139	0.0034186778105801505	0.1395639369178478	2.0
0.11147116356008178	83.67205454283092	16.0332262721083	0.0063129230999298845	0.17693509840077615	2.0
0.08334140297280318	72.83806257340707	26.99028339941732	0.004410415972432344	0.08390220823035471	2.0
0.05673546305306359	42.67335884320623	57.20687938465676	0.003578500205641489	0.0594478088782902	3.0
0.04681232785373103	46.08044977142757	53.80233521858987	0.004574940341188557	0.06582774178763746	3.0
0.016278278226407875	9.872851809918535	90.06958430258959	0.0029577352482392876	0.03832787401722684	3.0
0.09395616226037444	25.7937452350677	73.84550356854916	0.030787328808992948	0.2360077053137653	3.0
0.06996006252844528	65.65722429659692	33.95908700564371	0.02033123846761441	0.29339739676328286	2.0
0.10356288285844689	59.376569367321444	40.31234333455683	0.017936843316368883	0.18958757194689768	2.0
0.07875229380519226	41.55990025874823	58.21852190880675	0.0190344672752817	0.12379107136454623	3.0
0.025184422020967063	20.292857741188456	79.64930425876713	0.0027988746879418656	0.02985470333551359	3.0
0.017188105515889476	5.531448226852252	94.42405731795394	0.001967970651726403	0.025338379026204165	3.0
0.01582343891228614	11.945549288338754	87.98767181093203	0.004672934143167166	0.046282527673748027	3.0
0.02679243354366166	3.904347855101741	96.01157501890522	0.0038882404089940524	0.05339645204038609	3.0
0.023225199693362036	9.81536880917535	90.12604973056301	0.002457708574928647	0.03289855199336204	3.0
0.07755391061093823	2.5949496592336745	97.254030727126	0.017161306722804463	0.05630439630658246	3.0
0.019313399962734134	1.283592842156498	98.67658676307272	0.004655602128093827	0.015851392679967668	3.0
0.025999226997587575	7.831084592220154	92.10513127312362	0.0035072643172803677	0.03427764334135872	3.0
0.02028829293990628	2.089695205647549	97.8314912769319	0.007509345691762359	0.051015878788875126	3.0
0.0202174956299163	1.5985517850793707	98.35338374480219	0.007306081105954529	0.020540893382555856	3.0
0.03551883123298621	1.9771627207043316	97.92425774632414	0.009833805261838795	0.05322689647669958	3.0
0.0108239044407212	1.2620156913665763	98.70429722254337	0.003173630403509007	0.019689551245792657	3.0
0.01345924119138495	2.5846555884905267	97.36677305434107	0.007974711166228228	0.027137404810800056	3.0
0.04753114250104891	3.7300298914855654	96.16810927060837	0.01014944743115433	0.044180247973851894	3.0
0.010763760724690367	4.248613935674304	95.7081474284606	0.005400345686777033	0.027074529453656525	3.0
0.11432003018575446	4.490583501220707	95.08963668101885	0.2070059808167602	0.0984538067579533	3.0
0.0355320725684915	4.122736111686978	95.79310927101916	0.02507686935421077	0.02354567537114608	3.0
0.014022062444107747	1.0355790797637625	98.83335123080029	0.06718661541917659	0.04986101157265651	3.0
0.021621877572865086	4.24576894680059	95.70221854727873	0.009976843838422874	0.02041378450938381	3.0
0.017257302439931746	1.579300891291226	98.36615067565869	0.010313030191117543	0.02697810041901802	3.0
0.006436358560278105	1.9365132762754786	98.04251231549505	0.0016564754160859369	0.012881574253115466	3.0
0.0057114093514128534	1.312751175824946	98.66311160624605	0.0019453879990867541	0.01648042057850559	3.0
0.008608936750103479	2.4098392735155105	97.54904921696748	0.0035464397652566508	0.028956133001653308	3.0
0.007733762535588404	1.6144987453721769	98.36170317308238	0.0013412876658563352	0.014723031343985674	3.0
0.007590045614615319	1.7527127385320016	98.21897162636765	0.002554419021568354	0.01817117046418476	3.0
0.014424250154082162	1.741260431592791	98.21324068270353	0.003181790264432627	0.027892845285178016	3.0
0.013751732388922168	2.658509384206308	97.31139160224195	0.0016188923145288722	0.014728388848288042	3.0
0.011089284030631225	0.9046453555232246	99.05198587680347	0.004418027668567658	0.027861455974099374	3.0
0.02429429376034409	3.3349519120133584	96.59116514378938	0.005755846653358002	0.04383280378357162	3.0
0.022136285779295547	2.6301133332919804	97.31223587457927	0.004412609564734992	0.031101896784730094	3.0
0.024687982628811705	2.3725330315617192	97.56958429318789	0.006518953630447741	0.02667573899114639	3.0
0.2459846306703661	12.139299800709395	87.43351709567236	0.026030838812026617	0.15516763413585155	3.0
0.024473471309194805	3.5807913530563895	96.3705128882116	0.004060354232408666	0.020161933190403065	3.0
0.11260705468944683	36.79460299361737	62.86614817770191	0.02541790700464595	0.20122386698664227	3.0
0.028175191774406753	7.36227126903254	92.57265739364077	0.0026329261118729066	0.03426321944042466	3.0
0.03390219307599202	5.2051140423472235	94.7288666879453	0.003544545248360667	0.028572531383118535	3.0
0.045308832160785094	24.465988447660646	75.4057516737327	0.005885394407549069	0.07706565203832992	3.0
0.032122459348543686	10.974671394709818	88.95764965059027	0.0025679772540683167	0.032988518097292585	3.0
0.05624001017850616	6.2961442834087515	93.54604398849918	0.005371869115295383	0.09619984879827746	3.0
0.035291691954649346	16.909321037095783	82.96395131255142	0.006848234327840947	0.08458772407030124	3.0
0.023871006122269167	2.7581928680319097	97.17096696538849	0.003117357550855192	0.04385180290648324	3.0
0.042315905832046155	12.173562516994338	87.72760621167134	0.005653637236060929	0.050861728266205754	3.0
0.014040761314694969	2.0993342931248824	97.85407877343198	0.003732475829771326	0.02881369629867503	3.0
0.031576293133713774	4.099579433596422	95.8076185278462	0.007899072237099868	0.053326673186565435	3.0
0.06356805312724029	12.101622386553569	87.76552592004988	0.011246701478485057	0.058036938790824597	3.0
0.03284701612681231	4.1958123723818606	95.71933855790017	0.0092277098939374	0.04277434369724846	3.0
0.10556990711778176	29.646990535282093	70.01266003660167	0.05032738530996042	0.18445213568850286	3.0
0.1610513435690336	32.45160704496573	67.02685103951833	0.02875305123255438	0.33173752071434165	3.0
0.06465737639228077	20.509330487680117	79.32320667446481	0.012331629090402849	0.09047383237235754	3.0
0.023293762441922702	6.179743461034694	93.7210136229212	0.020560470286738994	0.05538868331545516	3.0
0.028423843514211247	22.448213233800097	77.46913208022804	0.007994403818187317	0.04623643863946045	3.0
0.03734210345513291	10.629623785765117	89.2559579950584	0.015736603671572636	0.06133951204978825	3.0
0.05069001736720403	12.304366092811234	87.56619645258661	0.013468210148152752	0.06527922708679952	3.0
0.037283927765015025	14.740989211868868	85.14611419398328	0.010359972789607812	0.06525269359321687	3.0
0.03570835974845256	7.468538943051593	92.43084512583283	0.008788904163555213	0.056118667203544005	3.0
0.0460587953292409	8.2345523160469	91.63252215277676	0.009404493901329402	0.07746224194576737	3.0
0.09204862201352532	13.760313510771493	85.96978585349687	0.01884774167495239	0.15900427204314538	3.0
0.11082148617375576	9.112070010455039	90.47418898223236	0.02385398186875023	0.279065539270088	3.0
0.6422520744332835	25.51514952896012	72.71632875944796	0.01039973246423788	1.115869904694401	3.0
6.859012458178217	10.955105992497897	7.915359952079736	0.09505242970368231	74.17546916754047	0.0
9.854703923686243	38.439480959988174	10.89552315252624	0.049674202040933965	40.76061776175841	0.0
40.95600213203897	54.43734307052828	0.2237156231641264	0.21852318777749094	4.164415986491137	2.0
21.359193121829623	75.51525247787555	0.5562059848981871	0.1133333096146614	2.456015105781967	2.0
3.741256490578647	93.86051891202712	1.4211906592398218	0.042918280711332094	0.9341156574430828	2.0
5.984125357274138	92.944073647807	0.5256291424401597	0.04006123951310005	0.5061106129656104	2.0
1.4148012150958367	96.88083774193039	1.5045881238231122	0.010908392935520931	0.18886452621513458	2.0
0.38191524664481075	95.62339175342701	3.799116129164875	0.01096783985188056	0.18460903091141942	2.0
1.8109164250109617	97.18526050095389	0.7894321338787105	0.0365747518073028	0.17781618834913265	2.0
2.3679803044753784	96.24688668562025	0.9204746704854732	0.09046316000206034	0.3741951794168454	2.0
0.6262687625810612	98.43272963358332	0.7705997512937086	0.08131005802467207	0.08909179451724887	2.0
0.6532404239823875	79.75062853587238	18.97991931804399	0.38894763306504015	0.22726408903621168	2.0
1.7338792360049406	94.86567291066112	1.1774571858897582	1.7612829142561606	0.4617077531880179	2.0
2.6066809888010014	69.38878599306231	0.6763401646974496	26.921416050375317	0.40677680306391417	2.0
4.013782870957371	74.60329486111864	1.0834388349408657	18.878859326208687	1.4206241067744259	2.0
4.499735391162693	24.321442627630397	0.06668351943459937	70.75101381746178	0.3611246443105289	4.0
1.1504541597862707	5.709295526096883	0.008632066239604818	92.99660933076717	0.13500891711007706	4.0
0.23935522557609104	0.9714692560890557	0.004410339206533532	98.75313867519672	0.03162650393159726	4.0
0.22172587209701336	0.385470056191114	0.0020993687036223864	99.36016983938056	0.030534863627702927	4.0
0.10812549333118501	0.18536226351728888	0.0009376992333886803	99.69129816274712	0.014276381171024626	4.0
0.365687546117813	0.5488909699137515	0.0012532661012898325	99.01165402750807	0.07251419035908238	4.0
0.17710020517825734	0.29358209261501894	0.0016173421090526809	99.50665352471	0.021046835387690747	4.0
0.48911207598450945	2.2626489884763465	0.003458575950421207	97.16278451910465	0.08199584048407371	4.0
0.1253188621574986	0.1371914604421993	0.0004734006697331986	99.71793102044742	0.019085256283133498	4.0
0.13802104256080108	0.12776335297276825	0.0025184383202908746	99.71319850356564	0.01849866258050315	4.0
0.09602705105532001	0.13012966920782135	0.00045145016478547855	99.75390851408604	0.01948331548605707	4.0
0.3636949665033001	0.1849831132729406	0.00036928451652976405	99.41186146270596	0.039091173001277325	4.0
0.07459770589012409	0.09896357948119118	0.0004970164407000828	99.80769859437655	0.01824310381141484	4.0
0.106108301878035	0.19234619776501846	0.0010673193462998412	99.6707476625259	0.029730518484758883	4.0
0.8978969175492065	0.6495343120402239	0.00045383298541969093	98.40009423452436	0.052020702900773874	4.0
0.2402480623302059	0.15909770295349487	0.0002185138242820955	99.56080036013452	0.039635360757503305	4.0
1.1710485608808985	1.046128300192354	0.0014581884439281887	97.57918509477855	0.20217985570425367	4.0
0.8673756691287933	0.7773196546790418	0.0004686652728286048	98.29466093800934	0.0601750729099865	4.0
0.41544420254565273	0.2901404078925534	0.0008856858436262564	99.16444889875542	0.12908080496273458	4.0
10.711785098174591	10.777468846760172	0.0067695308262840015	76.09351606431531	2.4104604599236397	4.0
41.83964794086552	3.3612053263626436	0.0011985409674863977	52.38161642253871	2.4163317692656365	4.0
26.134516409471598	2.863106051720065	0.005703405423379107	70.40141607930381	0.5952580540811608	4.0
4.040468181580223	7.332196600978951	0.010019796957619847	88.36088008962697	0.25643533085623643	4.0
0.41812041428384233	0.5262165164147743	0.0015127595691531658	99.00164507938179	0.05250523035043729	4.0
0.41856528634690887	0.6854060333005664	0.001238921620312034	98.86080299517906	0.03398676355316481	4.0
0.6844666393754372	0.3340725577851641	0.0011318362771971864	98.94691895458959	0.03341001197261664	4.0
0.25649570254106097	0.1520094473910635	0.000557372924968888	99.5763195145548	0.014617962588105732	4.0
0.6475372614900552	1.4070581286581145	0.002756209742627769	97.85562627842978	0.08702212167941636	4.0
0.804145929409508	0.21170496137706418	0.0002478007973129407	98.94204999421436	0.04185131420176489	4.0
0.9624731772794319	0.4009279203499189	0.0004790600607257009	98.59237205769857	0.043747784611353695	4.0
1.231208684365455	0.5936326618276558	0.0011630057721126327	98.12367791938992	0.050317728644860824	4.0
17.99747931562649	13.718320445541563	0.0034775105321616056	67.69278968534587	0.5879330429539192	4.0
8.310996360271833	9.998339088310052	0.015988198480581448	81.42043390175328	0.25424245118424355	4.0
5.61649397578923	60.71206143685337	0.03491141617171693	33.15585454198226	0.48067862920344223	2.0
7.373396329899029	45.39725501517193	0.0546220290132665	46.654734979499395	0.5199916464163745	4.0
13.210768902052356	44.831555285718785	0.06672750607594016	41.08278692437485	0.8081613817780648	2.0
11.533344364984147	38.968857538066	0.008259989044465899	48.91445085344885	0.5750872544565405	4.0
28.63132969575708	24.574755158552207	0.015494752548026477	45.93349220871244	0.8449281844302541	4.0
14.026320022578616	77.64577256987462	0.07418624429014885	7.006779719871119	1.2469414433855206	2.0
5.916042982888822	5.0128789181843425	0.35902521789980557	1.1094389190070884	87.60261396201994	0.0
92.18761954051747	3.9450032838742315	0.015431069011966623	0.22233014508872379	3.629615961507598	1.0
81.26635461278453	17.192027242072278	0.020598872474533715	0.20230872851908305	1.318710544149591	1.0
56.891893621503655	41.57197981178289	0.023789164522226524	0.06102133127248737	1.4513160709187471	1.0
47.43525321442954	51.77373960429912	0.013628274193569002	0.36211445978480605	0.41526444729297074	2.0
9.488833481217645	90.0973687621402	0.05277456253973038	0.11111967618056809	0.249903517921842	2.0
13.32554492476864	85.29449169442232	0.025279516553980586	0.9790980911702034	0.3755857730848555	2.0
10.895633656219982	85.93152461378166	0.022959928196046083	2.9283744034772634	0.22150739832504504	2.0
10.272899732580898	88.68898083632031	0.017827281944487103	0.8756955159818354	0.1445966331724855	2.0
3.019872286006312	96.75285137573155	0.038597609822830566	0.12141738238867444	0.06726134605065993	2.0
2.4481148431714543	97.32978801528957	0.05654166601785878	0.08730306906339405	0.07825240645772537	2.0
3.7289013121198975	95.91011299225434	0.09649762155220323	0.11682534997154394	0.14766272410202044	2.0
3.2756922018924355	96.48884201772319	0.04499816560687505	0.06233557718523762	0.12813203759227337	2.0
1.1048667838519466	98.53208573613065	0.23525310838963331	0.032123413844714434	0.09567095778306753	2.0
1.4667322865841377	97.76659769523522	0.5519413166150744	0.03928764117938441	0.17544106038617716	2.0
2.7156642861020255	96.92964791191933	0.14009199740093725	0.024489708512959306	0.1901060960647562	2.0
2.9014147312338574	96.7682088880824	0.13894796415601948	0.018958083831006455	0.1724703326967189	2.0
1.7300465018352036	97.90770710261597	0.23754747680619442	0.015657882117318302	0.1090410366253117	2.0
3.590036278680663	96.10858030665044	0.11046496499761542	0.040792604717341883	0.1501258449539704	2.0
0.7303340839390455	98.78696500855462	0.3749899475021455	0.015495859233179046	0.09221510077099988	2.0
1.1154741650558198	98.4371973987176	0.3368081952989328	0.02098755441726838	0.08953268651037083	2.0
1.7463779110473687	97.38318957438956	0.6775400444429832	0.022111215861227187	0.17078125425883614	2.0
4.3204076053858795	95.21965081334058	0.16863326685073604	0.056138936010407994	0.23516937841241803	2.0
1.93303851580518	97.9003144126226	0.07521903970760947	0.020140165419489143	0.07128786644511909	2.0
1.0949895803555696	98.42018334242758	0.356860979074172	0.014825609587551731	0.1131404885551263	2.0
2.1140475119627506	97.35046721210597	0.2504818746471399	0.042009241646113867	0.2429941596380159	2.0
1.8453698973551949	97.5902836936779	0.42396169088659885	0.03730991425293263	0.10307480382738023	2.0
1.3467293540012557	98.17509113515823	0.38865731920116997	0.016937188304159103	0.07258500333520623	2.0
1.5129731335902457	97.49169080767979	0.7863260921199778	0.02434418728602126	0.18466577932394665	2.0
0.7725254485337233	98.8512929655387	0.2679337730141529	0.017986368853979688	0.09026144405941842	2.0
1.952771267742377	97.46587678855909	0.44911440957567844	0.024042684656626852	0.1081948494662382	2.0
0.8461496867875491	98.5287615545811	0.5196402737471074	0.017519197996363613	0.08792928688784499	2.0
0.5571345422603204	96.60344356319645	2.722714692764936	0.0215898698570421	0.09511733192125571	2.0
0.9320871488659861	96.52719972453113	2.4120419326176625	0.019213549691905325	0.10945764429329553	2.0
0.6050808954915385	96.58466868147946	2.614745266207982	0.014164600127480829	0.18134055669354318	2.0
0.5780905725618537	97.65785495316682	1.5843329327688858	0.020008020821123282	0.15971352068130415	2.0
0.49764706005731346	94.7480799462252	4.54750876480331	0.025177518581998543	0.1815867103321625	2.0
0.7560557676020535	97.52701427411236	1.5581505754481921	0.015300759903713674	0.1434786229336941	2.0
0.31138977969955267	97.44339270198856	2.1682085186858475	0.006976300197185459	0.07003269942887928	2.0
0.1359780587940877	95.57717805904952	4.150966430670431	0.00898968985584865	0.1268877616301209	2.0
0.365343058389829	95.7042783742182	3.765277571486439	0.011973389072482035	0.15312760683304202	2.0
0.32019131932278355	96.40775633022206	3.1729385768221716	0.015675235345568014	0.08343853828743428	2.0
0.2773069746713548	87.46064750463952	12.148826846493908	0.007425013998348044	0.10579366019685475	2.0
0.5476884891111696	88.20626208041944	10.988342723296322	0.02249794329944148	0.23520876387362744	2.0
0.42482690784672406	90.6105407613582	8.680223909047708	0.018687740774623245	0.265720680972745	2.0
0.4359027867588265	96.66640721736998	2.6232460383357563	0.010228326528262971	0.26421563100716716	2.0
0.25074751052930216	94.4189902927252	5.158821957496611	0.007097063765136223	0.16434317548377775	2.0
0.24227105815944877	90.25603471479558	9.371922870065385	0.009500729537131686	0.12027062744246317	2.0
0.31212458086483624	94.82790489750204	4.776327363773991	0.004513761623083917	0.07912939623605389	2.0
0.16338618378816874	93.17697941662648	6.56796655239661	0.010488557640034962	0.08117928954870135	2.0
0.20918913822848004	79.92170035892487	19.522405099217522	0.03056616820346411	0.31613923542566236	2.0
0.34873098477123543	91.57261489888401	7.858349793142073	0.02322070322077159	0.1970836199818895	2.0
0.2948532704775445	88.02624652142822	11.540015361652038	0.024555553874057563	0.11432929256812321	2.0
0.21278264390510454	91.5648979230091	8.101582347511375	0.019111231088374467	0.10162585448604963	2.0
0.3662258200120172	83.04516689325115	16.270760197440076	0.03048406487653679	0.2873630244202324	2.0
0.6717527403774175	90.80211017051208	7.729989094925288	0.1359719700868947	0.6601760240983079	2.0
2.2648578034116915	79.64123463993931	15.518414029487124	0.2688435722092348	2.3066499549526456	2.0
0.8578217557766968	1.5828895923274688	0.12716872091326864	0.07097650988357176	97.361143421099	0.0
0.4453507918190704	0.44546018667589987	0.009752139724975815	0.034041314758204676	99.06539556702185	0.0
91.2904582800681	2.3120762446838317	0.0006972212264591952	0.3805054779891006	6.016262776032531	1.0
82.31367694513207	11.528882768333514	0.014787575314701224	0.7043720986532414	5.438280612566475	1.0
60.537424479327974	37.65323372427002	0.0448705518279886	0.10930049729931779	1.655170747274715	1.0
7.258871972772179	92.16032276950536	0.115426869976559	0.14573612602961467	0.3196422617163116	2.0
2.139833339800393	97.59675333413273	0.127298989224382	0.026948097600903036	0.10916623924158832	2.0
1.878092527603658	97.58807038669305	0.42087464255177776	0.013656302444675828	0.09930614070683351	2.0
9.069604317550375	89.87279398446499	0.09087592100854239	0.021537059992391777	0.9451887169836973	2.0
7.054927989740613	92.59053345162968	0.045863202804591566	0.043659102217535224	0.26501625360757003	2.0
2.715142770108753	97.17037683833696	0.023472661007020564	0.011817979752207738	0.07918975079506087	2.0
1.4723708602268328	98.25553991050153	0.16547154292746738	0.012094809235905429	0.09452287710827673	2.0
1.2553706378957008	98.34463157175529	0.26883761436814135	0.021724609206999475	0.1094355667738542	2.0
0.527083680407086	99.14450989035682	0.12970240099788877	0.055307857891870954	0.14339617034636218	2.0
0.497637641388336	99.11624684064098	0.20165720145826865	0.059608415774279104	0.12484990073813615	2.0
0.3886605308835237	1.5431344647035652	0.06760864303740331	0.0174230156925893	97.98317334568293	0.0
11.385617748365515	0.6695048266604028	0.0017353909797033706	0.09097965141513988	87.85216238257924	0.0
75.15609039370707	9.570124983693008	0.009677335265718049	0.3062991158053432	14.957808171528866	1.0
