N1	N2	N3	R	W	anotaciones
6.0954313271516085	6.73953604192481	0.008945981145172397	0.06358716759399623	87.09249948218442	0.0
0.11340855875528581	0.08422825494116501	0.005284739003829166	0.005671493449411098	99.7914069538503	0.0
0.17187597464864282	0.03929701965217175	0.0024691464061384213	0.002119366104970532	99.78423849318807	0.0
0.3852998857670565	0.054280706928152775	0.00017002776349949502	0.0014365421750962403	99.5588128373662	0.0
0.535652658136711	0.07410885453293245	0.00013263479356835387	0.00047333425561854137	99.38963251828116	0.0
0.49547399206862797	0.10283069600795329	0.00024275707984835267	0.001847660335428343	99.39960489450814	0.0
1.5329319909890768	0.27839232445296397	0.0001720343438016418	0.003095437654471966	98.1854082125597	0.0
4.978691070713433	0.5679396204849413	0.00020718667975343056	0.01112996619119204	94.44203215593069	0.0
4.081393233681438	0.5497787554387081	0.0003451956046473953	0.0068983857034056505	95.3615844295718	0.0
6.63067052189279	0.1464086737210025	0.00011156940899034824	0.0035307437182040785	93.21927849125902	0.0
7.976991332543159	0.3930716269633705	0.0008600058372574167	0.012242569810078329	91.61683446484614	0.0
32.83784533925022	1.5249302995412035	0.00048594205317755703	0.016966791991426186	65.61977162716397	0.0
13.509719133551599	0.268869178484676	0.0004491628845060778	0.01443007101801184	86.20653245406122	0.0
35.640273644387776	2.1060753081846157	0.0005806163811884379	0.016136363441555567	62.236934067604864	0.0
49.8715665744811	0.8346117726110867	0.0005030867833315245	0.012960103326154309	49.28035846279832	1.0
22.7654230242341	0.35828369597589765	0.00036161821656652596	0.005799097088689086	76.87013256448475	0.0
3.5664849614272667	1.1567368349805531	0.05027100130499627	0.010017214120819561	95.21648998816636	0.0
37.52144007040919	2.189499852252239	0.0011767669171251752	0.018549814445391992	60.26933349597605	0.0
34.68402337790068	1.1500880476458464	0.0023131928205713565	0.024765840797602127	64.1388095408353	0.0
30.203223618290636	1.6793940875175588	0.0016800427147021016	0.026162944375679405	68.0895393071014	0.0
55.07247073981536	0.8283578098756978	0.0012560992896861415	0.03720594336475983	44.0607094076545	1.0
6.6779734144848195	0.7709678393160315	0.0004569584438020023	0.053356178360643484	92.49724560939471	0.0
59.515894984733485	2.3709381101728133	0.0003782850879055302	0.06797460909025725	38.044814010915545	1.0
52.7019495014733	1.9896415534553562	0.0006630788816766009	0.12455326751262626	45.183192598677024	1.0
75.458673094856	4.622944807347994	0.0011402777847253755	0.2738113907039766	19.643430429307298	1.0
82.72729566170575	4.289806362899426	0.019571151963554665	0.27342470489747095	12.68990211853381	1.0
80.69688570197697	7.099904404026542	0.0016237517632257613	0.06001903469074495	12.141567107542517	1.0
81.17079732202926	6.670802966003446	0.010153718663540867	0.06537449431885191	12.082871498984888	1.0
66.18916397585512	20.99682452783971	0.11747228149779354	0.2513978492626574	12.445141365544718	1.0
28.374312052546237	7.460007778824242	0.02601372138906225	0.025884711077456518	64.11378173616299	0.0
83.79017721011176	8.888353401668487	0.026512873954450077	0.0538721877155329	7.241084326549796	1.0
51.644986170028254	4.9622932565164595	0.002061855669218196	0.12176296287914866	43.26889575490692	1.0
73.00449664409439	13.574225697876932	0.027342913343968236	0.1160138834965442	13.277920861188184	1.0
60.59673546439522	32.13044696967158	0.04668785930029818	0.06355761749238988	7.1625720891405065	1.0
66.05855699634887	30.364429789588463	0.04690264288787722	0.0814118969057874	3.4486986742689982	1.0
76.85437659509975	19.096253100722702	0.04859785532572676	0.08286072948304596	3.9179117193687536	1.0
32.849064028331924	63.72225702018143	0.14640337306547563	0.08906260757291845	3.193212970848242	2.0
43.14197550339442	53.84122133864586	0.09223106086341915	0.3207055515738814	2.6038665455224237	2.0
38.32669834783238	56.12663794987317	0.0824083224053371	0.17358054063821735	5.290674839250893	2.0
41.96270748880983	46.67943655014783	0.07256367843849074	0.46667143740497613	10.81862084519888	2.0
37.443300710635704	58.64415385023772	0.055157469610880624	0.1655832528386617	3.6918047166770336	2.0
43.68843651729121	53.96887952914484	0.05487240623248747	0.27302695166212976	2.0147845956693353	2.0
24.607350968535886	62.20248221009693	1.642484198894765	1.6461031566966957	9.90157946577574	2.0
45.719183887875054	47.36824157571131	0.11143186568006569	0.5777856723237529	6.223356998409818	2.0
15.944712776423836	68.79850351900828	2.7333410186256386	0.43316434849805785	12.090278337444191	2.0
18.7459290018426	74.62091978792299	0.21391461350470437	0.24141013221612148	6.177826464513576	2.0
22.981321076180993	63.143552149373505	3.3028143300035104	0.2911480179063006	10.281164426535677	2.0
23.686794056888818	62.242928266857334	6.365356564301651	0.7475550944892585	6.95736601746294	2.0
6.324816169967987	87.03641259139671	3.333419152304499	0.3017509441932177	3.003601142137593	2.0
9.97122556988618	84.24257920241185	1.4644116806777474	0.37733041937020967	3.9444531276540262	2.0
4.760073084017133	76.93917137896553	15.94696552390088	0.18560696086052253	2.1681830522559444	2.0
2.02046948241209	77.4307301475578	18.935238392437064	0.11349487257651981	1.5000671050165202	2.0
3.721261127004956	72.1393222661331	21.91889331106976	0.2818114607601366	1.938711835032033	2.0
7.094733921298141	72.23478090189312	16.41654469126203	0.04201728549216161	4.211923200054571	2.0
2.9827415529147023	54.692226423876086	39.503557426417636	0.021808666094553276	2.799665930697005	2.0
2.0463407395514865	72.57724371789519	21.619733747195887	0.01904304454361017	3.73763875081381	2.0
1.0679211585726982	57.341398648428644	39.52714237000301	0.006799655475844818	2.0567381675197898	2.0
1.6303467225583796	48.90951881032018	46.96792142453081	0.00753805319612564	2.484674989394514	2.0
1.1630521805270373	55.68303477069582	42.08030211028607	0.006956020548765034	1.0666549179422957	2.0
1.5406681617624183	49.53882059878591	47.47927857827789	0.009987189225117824	1.4312454719486591	2.0
2.289772786284784	46.49730966836758	49.327826112329056	0.013629106091489086	1.871462326927087	3.0
0.9104720452582874	56.63407321147774	41.46211845567848	0.02127061135895124	0.9720656762265422	2.0
0.8402887985114085	35.98536422455932	61.23377234998372	0.010603736820224308	1.9299708901253387	3.0
0.31844998306385175	20.57075397198802	78.60519619213534	0.0062155813989721465	0.49938427141383146	3.0
0.6562492456779941	34.16375703554504	64.25448736476119	0.00988889721650421	0.9156174567992642	3.0
1.017844426659108	19.145902281284577	78.66041382163021	0.007002269360460021	1.1688372010656547	3.0
0.3379129370229591	10.285386614870653	88.89551187068749	0.002527636536835585	0.4786609408820689	3.0
0.5848602911685657	9.233859178100078	89.69839706334965	0.0031269045707210973	0.47975656281098733	3.0
0.1384999077356902	3.7417597329492285	95.69384336869837	0.0007097285461048384	0.42518726207062646	3.0
0.2293430470334128	5.367031448771194	94.18609822966721	0.0009336348175216179	0.21659363971067527	3.0
0.05284691182841452	3.2845685920385637	96.41783379054473	0.00040332799814623996	0.24434737759013392	3.0
0.01919027364780705	0.9037810004698739	98.90608038004454	0.00030875350648842573	0.17063959233129838	3.0
0.010267153388936396	1.2575676421452453	98.6550476377615	0.0002362511834124741	0.0768813155209132	3.0
0.012472996103460102	0.5400406757922246	99.37806572748723	0.0001593036418309249	0.06926129697528029	3.0
0.005095287968074661	0.5481379348505492	99.3929058621271	6.432126734839556e-05	0.05379659378693156	3.0
0.0037193043460821695	0.34854544122573017	99.58354297920164	6.218428571448929e-05	0.06413009094085248	3.0
0.006122284063368768	0.34041780442132274	99.6011824651801	9.915986639954747e-05	0.05217828646881503	3.0
0.004165210733010409	0.2641493456096977	99.68310728378404	7.01957777288824e-05	0.04850796409551754	3.0
0.005401567285555233	0.272591638676124	99.61044199187138	9.404625252068885e-05	0.11147075591442478	3.0
0.003186809543895195	0.16213661222404263	99.78030175815307	6.409793287073618e-05	0.05431072214612686	3.0
0.004718938316347587	0.13994410717173394	99.79064989515192	8.140964607112911e-05	0.06460564971391299	3.0
0.0032611590470305886	0.16204557579478127	99.79798125084164	6.632032227649858e-05	0.03664569399427641	3.0
0.004082782860996415	0.19030160287368184	99.76865316573425	7.6611597967731e-05	0.03688583693310477	3.0
0.0019276777084090838	0.08833800732906841	99.87930203602942	5.318692664544453e-05	0.030379092006436445	3.0
0.006514092398208335	0.2065616714964174	99.72917247087985	5.410929722872961e-05	0.05769765592830029	3.0
0.005511445804752173	0.13288111742245431	99.80542380578623	0.00012682625534623748	0.05605680473124153	3.0
0.010416209497511127	0.1585136957566849	99.75833250011786	0.00017379460260712044	0.07256380002533232	3.0
0.006301004019483064	0.11486145686786327	99.7952694938047	0.0005464582164357824	0.0830215870915258	3.0
0.022502471098869544	0.3364509941755048	99.32488032088128	0.001952849135375174	0.3142133647089975	3.0
0.047837747179385805	0.4531055046221565	98.21959519985244	0.011570034354372821	1.2678915139916478	3.0
1.6423368098223732	2.150448946889573	0.8963450593912058	0.0344204407764403	95.27644874312041	0.0
2.093659783242413	1.2442545309051594	0.1523710869453189	0.007851739135783634	96.50186285977132	0.0
7.336512537710751	0.8324062007003619	0.016841372792654342	0.033997980132292854	91.78024190866394	0.0
79.02875795045607	6.039981843039259	0.0258121696510949	0.023969073314378305	14.881478963539191	1.0
60.76577072511904	10.370394018985714	0.39719878329789987	0.034968189135320495	28.43166828346203	1.0
22.725279831687235	30.792825948365234	4.145045865821008	0.20184044267993806	42.135007911446586	0.0
9.958772724195844	56.240964912448845	12.277896823296304	0.4608127468008911	21.061552793258112	2.0
12.156965405485227	61.270466489420464	8.18745626436725	0.2737645984880314	18.111347242239024	2.0
3.7021066258342312	67.35241270791064	25.483085223289265	0.0865083183882699	3.375887124577574	2.0
3.580702291605232	81.0586289188464	11.46555692970223	0.09724601590944351	3.7978658439367057	2.0
2.1709247045917865	48.21106867591398	44.87920126003214	0.06850763962321557	4.670297719838871	2.0
1.9015412843764865	70.16414343591978	25.694276430411517	0.017799670154308014	2.2222391791378913	2.0
0.8068783598483935	76.1787019909814	21.548505551403615	0.048128685149728276	1.4177854126168652	2.0
0.44964801885646793	47.20193522541571	51.35296888174105	0.02211199513624422	0.97333587885054	3.0
0.2126713529760176	33.30623404601659	65.63131173861353	0.017545080829991018	0.8322377815638617	3.0
0.4793296017275379	58.83093455329731	38.78242267118313	0.03230553627366582	1.8750076375183535	2.0
0.9656354839585487	50.19370143145372	47.51218032261539	0.07947608597277317	1.2490066759995597	2.0
1.8974113674360076	76.48701241237765	15.694657363156905	0.07398085243416552	5.8469380045952954	2.0
5.925622090752173	15.182616398452552	0.532755306838035	0.04628176909081501	78.31272443486642	0.0
27.207358722257464	40.5855714933103	1.6973795970449366	0.10596761040620131	30.403722576981107	2.0
10.396302140769057	38.92426551906556	39.84065389078179	0.022432934100801313	10.81634551528279	3.0
6.829279640602963	45.26325408424956	36.1870811107491	0.04065445630698501	11.679730708091384	2.0
3.2145890094813883	53.938538579738285	39.65710989035174	0.05881570172562025	3.1309468187029657	2.0
1.681880071685762	44.865203774529	51.7963953021177	0.021675854043152785	1.6348449976243926	3.0
0.4240404873578213	32.54001866644553	66.20673028796995	0.030440489308134155	0.7987700689185642	3.0
1.7209979726370346	57.74474268018265	39.27942454097547	0.05472618370247465	1.2001086225023796	2.0
0.3958634360204213	30.724752871188947	68.28239337886406	0.032509564228353334	0.5644807496982274	3.0
0.7291114641920837	31.336498612643187	66.35574989402205	0.02815560547170167	1.5504844236709907	3.0
0.8913764171381582	47.01466083068988	50.835045046609665	0.04196151655184595	1.2169561890104528	3.0
1.931314444188129	30.609762640019454	65.28569322557115	0.04267132861911778	2.130558361602141	3.0
3.3871865303153523	81.34164200597331	13.696912061211759	0.02151113472644254	1.5527482677731277	2.0
1.0186447400119587	38.797049444815286	59.735285954736604	0.015220450952589934	0.43379940948356954	3.0
1.9308562004695466	42.05295825183747	55.00204366243828	0.09686262263435134	0.9172792626203519	3.0
0.9975046974669558	30.29696020016699	67.53000595619997	0.02359301943569656	1.1519361267303927	3.0
2.5152714673694567	39.67010596021965	56.8912407020068	0.06229628586914583	0.861085584534952	3.0
0.9453954938949263	43.096721506927416	54.72431271405882	0.030146234108481693	1.2034240510103589	3.0
6.027220377279851	65.66132662888555	23.862062351184367	0.052543954310144844	4.396846688340079	2.0
3.788301042952759	75.54610018292401	16.820478962365808	0.05308303375210368	3.792036778005327	2.0
1.4967803069429262	62.592793250544545	34.63347665107018	0.02111009269084829	1.2558396987514968	2.0
4.893524886442488	81.81437015342614	9.243719355276525	0.05221672380903718	3.996168881045794	2.0
2.946810926654796	81.27233268885655	13.397269647293234	0.274375451870105	2.109211285325304	2.0
37.254885290072146	52.445227969891285	0.5689783875406079	0.42009490139801026	9.31081345109794	2.0
9.099924914853409	68.39668129271644	15.650023135868041	0.2404750031682707	6.612895653393849	2.0
5.530841247701031	84.15031627006451	6.5324314848539915	0.16580055485809134	3.6206104425223815	2.0
5.828311221294064	74.80880484160319	16.366599312192793	0.19807774005723358	2.7982068848527044	2.0
0.7384622345906291	54.8966111895091	43.57587865541091	0.08839716156180794	0.7006507589275471	2.0
1.8835768736656668	49.25208912972246	46.60089226631279	0.132934891787424	2.1305068385116757	2.0
2.3698355329145273	75.85287646312044	19.872893630247464	0.17424485504368747	1.7301495186739064	2.0
1.084719394042738	47.18066524398449	51.236396643298946	0.053118195227062716	0.445100523446758	3.0
1.0762398659868175	45.8227872445991	51.97473980564457	0.04712867121299304	1.0791044125565208	3.0
1.1023095423911111	48.14044144019255	49.77403828402959	0.058946577187454406	0.9242641561992951	3.0
1.428067874806095	46.99723918485372	49.499035028962815	0.13059676495339773	1.9450611464239753	3.0
1.2667719949404443	64.25514047039069	32.64205818463356	0.3545829681629321	1.481446381872384	2.0
4.927660199138704	84.85626771769518	8.483637933626962	0.31812035572211433	1.4143137938170287	2.0
1.6159051697509828	60.55131356397555	37.17710905691282	0.3225332470540553	0.3331389623065991	2.0
1.2805229689707536	63.70217896200218	34.01885565133125	0.3549109599701957	0.6435314577256346	2.0
2.470384395089093	77.44629143323834	18.816449167653715	0.6784703072145958	0.5884046968042441	2.0
8.288749212933475	83.97086903787307	2.0564914132488834	4.464639323014455	1.219251012930116	2.0
14.675092817003973	70.1619212005083	4.756404858692078	8.759931778888888	1.64664934490676	2.0
9.790981735965113	65.86120752332066	0.4270538089005209	22.24810953229514	1.6726473995185838	2.0
8.711832309371438	71.38601129294645	1.846416714814654	16.1614981714187	1.8942415114487643	2.0
18.861529255686214	52.02933382620143	0.08319091309094087	27.20735530848187	1.818590696539548	2.0
19.210236309084753	52.82749791073809	0.10129931746035578	26.663391227808187	1.1975752349086135	2.0
15.101536029171445	34.15022985229438	0.05312209486016231	49.300480930120216	1.3946310935537842	4.0
9.275419756686947	52.200275692471756	0.11506199080668525	37.161563284025924	1.247679276008693	2.0
10.908370434711939	17.224346201213088	0.059104200970724864	70.72257217505185	1.0856069880523986	4.0
8.153881784701921	32.659387264984694	0.021429910837754744	58.35897437593513	0.8063266635405144	4.0
7.348180299498512	61.6115635146931	0.8026992202405868	27.64642127546544	2.5911356901023597	2.0
4.87607443722478	43.134931507615434	0.2908400639380202	50.81188845308503	0.8862655381367466	4.0
8.856940553193168	73.34878674127808	1.1809405624988574	11.716858210587132	4.896473932442752	2.0
15.128145455062878	65.86153768472637	0.8454070602301019	11.209114208991263	6.955795590989392	2.0
12.71582470222213	76.56310716454023	0.7369272178920692	4.641956063919468	5.342184851426093	2.0
18.65259447622771	68.00940758058167	8.36908763724674	3.119478211540873	1.849432094403016	2.0
10.282344493056472	80.63918464553663	0.4660548778198213	5.4425942045744735	3.1698217790126084	2.0
2.2197888884851484	92.93225600525801	1.5725440987471058	2.1623207134751623	1.1130902940345557	2.0
1.6030977294503579	86.37906897820031	3.517458608644989	6.223372028158547	2.2770026555458163	2.0
1.9517336338192408	90.20089123952671	1.3573345729448856	5.808089522632346	0.6819510310767871	2.0
4.887156814575571	83.11887303214482	4.267929413897466	1.423434732409216	6.302606006972954	2.0
27.400795325438555	28.543771430884814	0.18651551928068483	1.8139162713532269	42.05500145304271	0.0
7.759411162845002	85.55811982486085	4.046162859302038	0.5683607533180879	2.0679453996740134	2.0
3.7476579313114806	87.28129007704779	7.932562641528265	0.20939994725763314	0.8290894028548238	2.0
16.483111367919914	75.01988164918386	3.6149551104017923	0.6402010139398537	4.24185085855459	2.0
4.961892977598757	83.53012487507782	10.78953448170252	0.1710552051829908	0.5473924604379234	2.0
2.568113386152657	66.70999006145098	30.301712914547302	0.03289487746680274	0.3872887603822545	2.0
2.915060511016123	68.62229261928366	27.431663097165615	0.09355823046179548	0.9374255420728203	2.0
0.5447873153117465	45.9505443133019	52.98586407196515	0.035641701137575185	0.4831625982836224	3.0
0.8707300292434935	55.82969469914419	42.84356546844508	0.04841944457041194	0.40759035859681364	2.0
0.385463542804022	34.56034766546205	64.7308322005897	0.006944544580766713	0.31641204656346195	3.0
0.162246887186575	31.79088081747364	67.96751425795381	0.00865492939652615	0.07070310798945087	3.0
0.07695330204473871	18.52528626169993	81.30939565757734	0.016458257105456103	0.07190652157252374	3.0
0.0931945002105244	28.891372698646776	70.9203426701465	0.00396360872577404	0.0911265222704189	3.0
0.07230167805775482	19.747117472220605	80.12607930509598	0.00675624337550872	0.04774530125013611	3.0
0.034278967706096036	11.299815443991887	88.5840032670521	0.007575747466560417	0.07432657378337242	3.0
0.026672232568965126	9.455296060167836	90.44752023076396	0.0123403938939656	0.05817108260526666	3.0
0.02232157313105664	7.13290461087485	92.79643037132618	0.0051226837899756485	0.04322076087792755	3.0
0.02733485808451499	3.5757853807582167	96.35205986729058	0.0050705978577070985	0.039749296008973	3.0
0.01934675499960524	3.624826887084725	96.32732463505491	0.0018275917582232287	0.02667413110255692	3.0
0.007277598213964405	1.1113567109957945	98.83635739989278	0.002170601537139882	0.042837689360330035	3.0
0.014365568797083068	2.9827250184822875	96.96483836525726	0.0028186825750759694	0.03525236488829588	3.0
0.00899180191889305	1.9213695461634193	98.04615506004774	0.001816511268534654	0.02166708060140872	3.0
0.005830519212901067	1.0107479991889987	98.96898717651912	0.001066882870591274	0.013367422208387058	3.0
0.011469949173791119	0.7947392124179945	99.1727231117175	0.0014513268699135097	0.01961639982080353	3.0
0.003428343136356965	0.5353877693538139	99.44064933666827	0.0006852876734371069	0.01984926316812698	3.0
0.004262033792818642	0.6029495397518352	99.36807216637379	0.0015830332307335765	0.02313322685082604	3.0
0.004695757725831277	0.5473338234356853	99.43551702654445	0.0003297828514728412	0.012123609442562746	3.0
0.005031254186367813	0.5770938762372273	99.40410234691018	0.00033909008732765347	0.013433432578889319	3.0
0.0010514652590627026	0.24570472215632772	99.73522330686394	0.00039334009023215085	0.017627165630432137	3.0
0.0017305931785206517	0.532543294765944	99.44219165107081	0.0005506359710067915	0.022983825013709103	3.0
0.001350163770221877	0.3285738587957539	99.63022200091169	0.0006682437375589534	0.039185732784781775	3.0
0.0012029446526699659	0.222931838562614	99.74806450407783	0.0003437960901965301	0.02745691661668471	3.0
0.002943737397765693	0.37639500667970605	99.5643961488509	0.00042649409091218926	0.055838612980694854	3.0
0.0018671959752966298	0.23497559240534485	99.71658718290166	0.0007228165467120065	0.04584721217099594	3.0
0.004287458683764872	0.30143369100018075	99.6012034525869	0.0007411861346223076	0.09233421159454201	3.0
0.006839033648871813	0.2801211234453616	99.63470845630069	0.00023215704457245486	0.07809922956051904	3.0
0.004251873986231344	0.21939405180920976	99.71152527592295	0.0008599529415476636	0.06396884534005547	3.0
0.029685361514342628	0.5079433758370842	99.35106020016329	0.0008213631757106451	0.11048969930956469	3.0
1.3943076199773023	13.550465079950818	70.04185064502326	0.012703376514882935	15.000673278533727	3.0
1.6192792604183186	18.323804579044598	76.29092774933689	0.018334005096353006	3.7476544061038424	3.0
0.45552111201064993	8.264098787398924	90.02159162609212	0.007727127319076654	1.251061347179227	3.0
0.791692571785419	15.198438923349341	83.34367254940882	0.009178749597361016	0.6570172058590736	3.0
3.485819681413992	9.192742356381608	86.46068025798537	0.008131771213524428	0.8526259330054763	3.0
0.7211459401068303	11.670698426220294	86.29095214812577	0.013290116306778193	1.303913369240315	3.0
0.33432418596486785	10.106902720474022	88.6982332130278	0.013166394926523411	0.8473734856067814	3.0
0.8387890733884136	21.7015292519958	76.33323274916579	0.01672264007986365	1.1097262853701073	3.0
0.24142807158130594	29.833436831909033	69.06321752234179	0.025873824838218956	0.8360437493296426	3.0
3.5827837172184935	19.92824943260817	76.08341635169637	0.009202428346635923	0.3963480701303371	3.0
0.6605721927589469	29.384916823853715	69.35067125414459	0.031405368161847545	0.5724343610809235	3.0
0.673012303146644	17.784286918129435	81.34324344287847	0.014246712703752903	0.18521062314168674	3.0
1.7728212059717519	20.25328327855317	75.73843590699386	0.011074310297332666	2.224385298183889	3.0
4.234266533928051	39.31924236901292	49.28417833071693	0.04298099051654764	7.11933177582555	3.0
3.812259396006959	32.93015255543595	60.86992792231951	0.016014982886292207	2.3716451433512793	3.0
1.1847690566174847	33.109999311150965	64.8939305323787	0.02993399569112014	0.7813671041617277	3.0
1.25714810708903	45.82233240827129	51.381973083935236	0.034730968520591966	1.503815432183844	3.0
1.2145907706378032	24.10784228741373	74.39746681914731	0.02241181651556082	0.2576883062855906	3.0
0.1684713223528876	18.559244700639695	81.16767222610179	0.01772479723942511	0.08688695366621443	3.0
0.12079014274335527	18.827156364112536	80.96121501865288	0.007994724603315533	0.0828437498879125	3.0
0.03967377030546151	7.693265162418647	92.21659952902492	0.0030854619944374034	0.0473760762565238	3.0
0.03658483490409296	4.6822774944094325	95.23191192573825	0.004134268152807836	0.04509147679542743	3.0
0.01982389445450981	1.469939411838947	98.48622814015847	0.0033443432921789005	0.020664210255903745	3.0
0.011022661928362612	2.078747688515995	97.86843627674993	0.0026637920973750593	0.03912958070833706	3.0
0.03329448635062148	1.6512817590016085	98.25614315296548	0.004526256970216814	0.05475434471205648	3.0
0.008845111257687797	1.0088000626117615	98.94590619895742	0.0012220825858803176	0.03522654458724832	3.0
0.014182309428013953	1.4633017850430734	98.4602982776925	0.002852677675472625	0.059364950160946506	3.0
0.011220292108624358	0.7108265878399822	99.22865258761713	0.004074921775863129	0.0452256106583978	3.0
0.006176617059321313	0.45324189421883576	99.5014194395173	0.0011463784378633844	0.03801567076668378	3.0
0.0024368894515001747	0.3311001612511478	99.64506331413652	0.0007123893657201735	0.02068724579507609	3.0
0.0027813073325840755	0.48402642324503997	99.48625814145589	0.0007695870532983261	0.026164540913200245	3.0
0.0015350745770670367	0.1997107152414377	99.77572495995881	0.0006992561014224216	0.02232999412125587	3.0
0.001990771088473335	0.17925277152537597	99.79346664491257	0.0003918713853855618	0.02489794108819907	3.0
0.000906736061306495	0.20804943481184304	99.77032719417551	0.0003087778011009103	0.02040785715024936	3.0
0.0011865331698353541	0.17010209398798426	99.78570486945284	0.0004527926339995204	0.042553710755338627	3.0
0.0016275099055305259	0.2937967371270206	99.66936943727875	0.0005172292122056735	0.034689086476503705	3.0
0.0022999701391515186	0.2206488582350956	99.72135900195006	0.0005778093188388923	0.05511436035685396	3.0
0.00163155076577441	0.16564831346163922	99.80496250173744	0.00029625472612960076	0.027461379309029595	3.0
0.0016759413907905902	0.21842766791692936	99.74523736419174	0.00031205804478777764	0.03434696845575333	3.0
0.0015809591539915385	0.1595494239618496	99.80057326566538	0.0001838958498001048	0.038112455368979455	3.0
0.0014973599105131844	0.16028873071056077	99.789213758293	0.00021013936336136587	0.048790011722556925	3.0
0.0022230076026108114	0.14519168202350463	99.80016012017963	0.00013533821051766115	0.05228985198375301	3.0
0.0007725281497679363	0.13799405816394247	99.82561589668015	0.00010787542158388967	0.03550964158454771	3.0
0.002330041371848633	0.15196024527793955	99.7946283723514	0.0003261396410659093	0.05075520135775928	3.0
0.0015453112487447847	0.10363794278187985	99.82192288249931	0.00012915180731162235	0.0727647116627462	3.0
0.002232524750567622	0.16857205384691423	99.7746257968347	0.00023351970405946192	0.054336104863761794	3.0
0.0009074321080156583	0.0714036703817009	99.88566652080102	9.158785048046335e-05	0.04193078885880135	3.0
0.0014457454350903921	0.11802710471167047	99.83551536895102	0.00013267161978450562	0.044879109282417014	3.0
0.0020496196100153533	0.1179475631544029	99.83468449005325	0.00011873769919543052	0.04519958948315148	3.0
0.0028405111122491544	0.18464792567969693	99.70401338271762	0.0024702542205977457	0.1060279262698535	3.0
0.0015681072227597557	0.14107117696479085	99.79831991518125	0.0007969785007179907	0.058243822130466145	3.0
0.0016319647389841	0.07816460922935582	99.87911236563605	6.885126508551798e-05	0.041022209130532006	3.0
0.0017232124441711669	0.10943984174871656	99.80190422919522	0.00014713730022404962	0.08678557931167405	3.0
0.0010395062953864258	0.08579329227019385	99.86948274908578	9.014799206401663e-05	0.043594304356568365	3.0
0.0018412247062748978	0.12392902726777817	99.79504391116532	0.00022786119636979571	0.0789579756642507	3.0
0.001276150262539789	0.10033474743524942	99.8147581148317	0.00010236370636031689	0.0835286237641512	3.0
0.0027647391925033557	0.16567473401055396	99.76700814788651	0.00021238390150795253	0.06433999500891883	3.0
0.0070403565086233225	0.18811799223172868	99.67914697354162	0.0002777399768396536	0.12541693774119908	3.0
0.01045239286561849	0.2737553979795277	99.59960865898198	0.0004702527374404662	0.11571329743543066	3.0
0.016007355691497444	0.39589572184032495	99.45736457184002	0.0009337876780350349	0.12979856295009923	3.0
0.006707917775226031	0.25098812876369075	99.67186155729372	0.0008392161284377364	0.06960318003892323	3.0
1.6552560243525896	17.20925897179518	20.06579435588657	0.014762202060300506	61.05492844590537	0.0
12.486375042407625	18.64713836050485	62.93257890022878	0.027475206071177632	5.906432490787575	3.0
6.31738470675845	22.759208772190526	55.19175875272562	0.0979815220269656	15.633666246298441	3.0
8.806618933296429	40.947780595482826	32.36580788001866	0.17724348828866868	17.702549102913427	2.0
5.706658834680274	50.066683710608906	32.038347399211915	0.17660366293328653	12.01170639256563	2.0
15.831423471717395	47.95057151850943	1.5274230328785683	0.16671347283909005	34.523868504055514	2.0
2.183172029426267	4.458198793294416	0.037413523306885986	0.031654368884857675	93.28956128508756	0.0
39.9284147704585	44.26772363111206	4.676630823808447	0.3944298766924834	10.73280089792851	2.0
39.57892594005922	50.91460419687009	5.072775942923763	0.2545116008234506	4.179182319323484	2.0
13.124285886391752	71.93458489925543	12.014704196390584	0.30988715617683377	2.6165378617853987	2.0
0.76601553570117	72.80949505107202	24.861738220432052	0.05953741033562562	1.5032137824591267	2.0
1.567684565729487	71.99472019111406	22.40094192275576	0.1388934048283519	3.8977599155723595	2.0
0.645550713386712	56.111998599278664	42.41695343549934	0.07206739730391902	0.7534298545313529	2.0
0.6105403109723565	79.94682582943801	18.11047995113812	0.08399910742402344	1.2481548010274937	2.0
0.25389634825872504	48.00044576252225	51.14299593635234	0.0227274499680188	0.5799345028986749	3.0
1.0810533879653077	70.6406065964173	27.334454680341675	0.05601078935242229	0.8878745459232888	2.0
0.16334322474360274	34.07137522111803	65.5221601054473	0.01551861623398538	0.2276028324570707	3.0
0.4337980415534672	55.584986422797286	43.00099678096362	0.046250990933185555	0.9339677637524443	2.0
0.18606231960637648	33.45216171128011	65.94814917601332	0.011846337718856629	0.4017804553813475	3.0
0.32503921919325435	32.7495808050829	66.09246620206805	0.025249550236380317	0.8076642234194177	3.0
0.16311910496214413	27.954640344712107	71.50871126255998	0.01112920983294494	0.3624000779328105	3.0
0.4654414887054762	52.36437661857424	46.474173692419775	0.03811882497967831	0.6578893753208321	2.0
0.28150919283965226	51.95442449393888	47.198266947188685	0.014242201847777957	0.5515571641850128	2.0
0.19419294789335553	36.757486985501295	62.65214753521677	0.019803749910209157	0.3763687814783632	3.0
0.12625990829113778	28.13552200233616	71.45012220445442	0.006922528181852788	0.28117335673642413	3.0
0.2126554621416303	42.00451339764805	57.45218398587819	0.008481199232259725	0.3221659550998719	3.0
0.06279779198919247	26.738391084088647	72.96346937844604	0.006030388657818967	0.2293113568183165	3.0
0.04582808940332324	20.2810835413071	79.55763997786558	0.005283605472486765	0.11016478595150866	3.0
0.06832258552750392	18.23381993374259	81.58855293668168	0.00625200269278374	0.10305254135543299	3.0
0.09822775235354951	14.508454520988339	85.11109379812021	0.005867507583884534	0.2763564209540051	3.0
0.08637813739530459	16.210168550425394	83.18603556205237	0.009065689045907935	0.5083520610810419	3.0
0.4174213973517105	24.816875682421163	74.36189314584198	0.009971410039873542	0.39383836434526237	3.0
0.16695489329165553	27.26981135630017	72.30859052632948	0.00667729859815047	0.2479659254805454	3.0
0.23922477083773475	43.31540388539056	56.217275167365784	0.026205967836614753	0.20189020856931322	3.0
0.39243563022552186	38.224570428581856	61.157892180970784	0.028052900089539173	0.19704886013231643	3.0
0.08561332951980793	19.90807487499954	79.86105179126245	0.014912358064878933	0.13034764615334102	3.0
0.05575107307945687	16.557402344612957	83.1649000365452	0.03736641903595822	0.1845801267264148	3.0
0.20810511294721998	29.659046765154816	69.84405282955417	0.10112835753263018	0.18766693481116475	3.0
0.10343590473972464	28.445862760087408	71.14848835804267	0.11853698244582639	0.18367599468437618	3.0
0.09607112315656062	17.766394364631097	81.77400866381218	0.1507941557225413	0.21273169267760622	3.0
0.20013584889768254	30.30506546490711	69.19238893201208	0.12103285611339619	0.18137689806972582	3.0
0.18327399038431721	29.56355077829851	69.914575682036	0.13045560427490072	0.20814394500628053	3.0
0.19120880757021835	22.922561272118347	76.64747096703127	0.09455931378066443	0.14419963949950035	3.0
0.19046591946595182	28.400203665657443	71.15670436745351	0.07011761319198788	0.18250843423110924	3.0
0.13893737941858836	29.81507743570273	69.8621259954892	0.03740525322687862	0.14645393616260735	3.0
0.15124667150456503	29.544273722337888	70.10226140223025	0.04513595090023314	0.15708225302706866	3.0
0.15426196175743823	26.765001404826815	72.83241456618276	0.04123267533777678	0.20708939189521924	3.0
0.3694159409846107	32.750156392113	66.5764269682621	0.05639591973140442	0.24760477890889368	3.0
0.3959773705946887	32.842944400178524	66.36641529214113	0.13089195277930027	0.263770984306361	3.0
0.348893381654516	24.612536835348422	74.48025205874774	0.050606320980758165	0.507711403268563	3.0
10.840868391812528	49.48933211455595	16.324315521237573	0.23711168137854105	23.10837229101541	2.0
13.22042403474581	49.40720016789785	8.742799768776182	0.28372050145905287	28.3458555271211	2.0
2.066418655584773	55.44632387569393	40.451924175214614	0.06842512295794534	1.966908170548743	2.0
2.93643264096217	69.33814708218476	22.958474786581494	0.13578085354911731	4.631164636722451	2.0
3.9311423333369553	66.90929434459589	28.022369664627384	0.26773643462390617	0.8694572228158677	2.0
0.7974282766131612	55.29789209609548	42.81291395135272	0.17719111901691326	0.9145745569217177	2.0
0.8542022413771267	63.59067239713283	35.00121530308865	0.19059379450360245	0.3633162638977905	2.0
0.2795638495320536	38.82210407359621	59.502125133519165	0.0940242182513255	1.302182725101243	3.0
1.6182895148055303	2.087332244370826	0.2616652669294211	0.30501431082747144	95.72769866306675	0.0
74.18982868395834	16.72707824701052	0.24432360657228677	0.07393967261543653	8.764829789843398	1.0
15.908323775623126	73.09142899612272	4.835752184123534	0.12094501965884354	6.043550024471803	2.0
11.37438274258627	73.18013177428799	8.301360830147209	0.09560782987759031	7.048516823100946	2.0
4.802225574417781	80.18202638493797	11.095924308280528	0.33747095194442717	3.5823527804192947	2.0
6.321113591167685	80.17572674251345	11.823873546313765	0.15469584237165365	1.5245902776334526	2.0
1.4793763361015724	66.89067923975091	30.681419681606837	0.14532574288355368	0.8031989996571336	2.0
7.368630088019759	57.6545518425014	15.4385755186593	0.4132525555296524	19.124989995289894	2.0
16.102019123838517	13.339911578795894	0.8085564344128937	0.5567973878507634	69.19271547510193	0.0
10.872155736280241	74.00636766827745	12.758765663881015	0.32255262178847555	2.0401583097728118	2.0
42.62778182082882	45.7520672407813	7.156130935847928	0.732231982237976	3.7317880203039784	2.0
9.134553398225147	65.9648066630379	19.035620270357935	2.27720061666875	3.5878190517102553	2.0
11.211748903695955	78.5568391842687	1.2600850743193397	7.5365454541848464	1.4347813835311685	2.0
21.036102824287216	72.79938732847765	0.8319125481274755	4.1072115720058475	1.225385727101811	2.0
15.741304181424393	58.946926735228665	0.8683864329134425	22.929488134947988	1.5138945154855032	2.0
11.392843044357843	68.82700166256032	0.17095455868536788	18.54433912246257	1.0648616119339245	2.0
8.943971935673739	40.79889106406941	0.16483902868300898	49.071111386078115	1.0211865854957392	4.0
12.039272272014198	22.136300735899063	0.07735277407332508	64.61333529572522	1.1337389222881817	4.0
1.7957103414890183	4.609443664702908	0.006198398918146956	93.44817435918905	0.14047323570087547	4.0
6.477516519629406	41.975770167140105	0.0452051129124068	50.91303708543502	0.5884711148830682	4.0
7.575358182258052	35.15637811263922	0.05972825993563164	56.034628878692914	1.1739065664741695	4.0
2.6178788359765646	9.616889761019852	0.020695349193019436	87.49755554388229	0.24698050992826823	4.0
3.0331979411698704	34.25926041879197	0.03432715636661161	62.163306781046536	0.5099077026250116	4.0
5.2971276494198225	21.04487157369247	0.04341448214353944	73.09450576457526	0.5200805301689246	4.0
8.641099099364613	21.01524985156455	0.02677009253210037	68.86940551275814	1.447475443780606	4.0
24.832427762501368	17.799400766436843	0.03550596849927268	56.43281138425229	0.8998541183102357	4.0
34.91114561903065	14.52868784340816	0.01595874911663915	48.57567072368052	1.9685370647640386	4.0
63.46051336732393	21.84392769479541	0.02703008220627496	12.165865208922748	2.5026636467516385	1.0
36.170615782200855	8.083474197027883	0.019028713376343705	54.23493441287529	1.4919468945196195	4.0
21.14902175603062	8.516323934204458	0.02339239970464614	69.10152427805653	1.2097376320037434	4.0
36.337528671481586	15.821191574227381	0.046471748670195934	44.72818600407374	3.0666220015471057	4.0
18.368960879378683	1.9641135362105762	0.002365814473481809	78.66697873877445	0.9975810311627902	4.0
11.745906446149775	15.266716758998347	0.0490210449918082	70.97904620604632	1.959309543813747	4.0
22.71917511637298	8.360573486749306	0.026242704182098398	63.01305146882994	5.88095722386568	4.0
32.54495484863513	26.669154310253205	0.062346796642744506	34.97515947347373	5.748384570995187	4.0
22.708857618828514	5.3486656966823425	0.010898684278526409	69.50832038500735	2.4232576152032648	4.0
27.18900479667389	10.874345242379881	0.04700757573616532	59.940850281702396	1.9487921035076627	4.0
29.561004662659755	12.645736336160201	0.016509739131767606	56.30539843912309	1.4713508229251742	4.0
18.548716361593712	11.279325077732555	0.025970909023264193	68.8559301027844	1.2900575488660684	4.0
22.984439175652106	10.192458641841101	0.04316374681629188	63.72770001464932	3.0522384210411695	4.0
25.766444553187657	16.51513418603597	0.04355161220963546	56.567746980176295	1.1071226683904387	4.0
30.690533082131267	11.510034025124678	0.013822308945876365	56.329241942230304	1.456368641567881	4.0
10.73581944775546	13.668424373245367	0.03181538569478517	75.07164091456559	0.49229987873878844	4.0
11.40539073100457	8.517049978834072	0.010637613164694477	79.61152912776997	0.4553925492266834	4.0
4.510909980621888	1.6156743653117522	0.0010410116262684651	93.69194163042258	0.18043301201751463	4.0
17.388016084949808	4.846876782687091	0.008149945692336149	77.26039098587954	0.49656620079122016	4.0
16.202627271115393	3.56545032475694	0.008569521155598657	78.10178062025797	2.12157226271412	4.0
7.797204079208099	3.672729964058518	0.007373231099878866	87.98932288486901	0.5333698407644997	4.0
11.731445416173433	5.538645039136534	0.00358509219861254	82.3799045581646	0.34641989432681464	4.0
5.7001319323240605	8.304508407112914	0.02644626541659798	85.47482611297792	0.4940872821685014	4.0
8.324286380368957	11.073724391230408	0.0197804883011459	80.05201469025202	0.5301940498474766	4.0
7.965940497668863	13.759325584737676	0.008311510418622386	77.75300624136037	0.5134161658144721	4.0
5.069445021173715	13.336471369705805	0.02411157491501767	80.8595023795645	0.710469654640958	4.0
10.06660983031547	22.870487066547867	0.021104737008545794	66.2114187629713	0.8303796031568101	4.0
17.647718086737775	48.501726912734405	0.0667282970774395	32.63653779241824	1.1472889110321405	2.0
16.915667817013798	33.5572996926735	0.01995704321582246	48.11248515345974	1.3945902936371408	4.0
36.79031453786963	33.400404838797705	0.1244653031660767	27.819069416883345	1.8657459032832353	1.0
24.90046409392909	34.27475232540681	0.06695287739083519	39.00297554297064	1.754855160302644	4.0
16.386890713019824	48.32596294128554	0.13695209387994636	5.143852266397992	30.006341985416707	2.0
57.46946153608873	35.554011138293376	0.10383457364755916	4.009474812729486	2.863217939240861	1.0
16.976207152129962	71.21027772362297	1.1964658102317236	7.791937208393184	2.825112105622157	2.0
8.375616069509064	84.23224932277434	1.2652419074444108	5.4375411273762255	0.689351572895957	2.0
12.124656457858379	75.66979841095043	1.376394039573755	8.203626780112529	2.625524311504873	2.0
4.759431854962975	89.28986585387798	0.4310500995943869	4.460772997163014	1.0588791944016323	2.0
1.2633997351330732	93.91945222758243	1.52059540007691	3.1079352678228833	0.1886173693847087	2.0
1.6864597895326159	93.83869361809164	2.477678943541529	1.718212665640639	0.27895498319357254	2.0
0.8343216606499892	90.45536797243014	0.8342477590990373	7.208685449952461	0.6673771578683585	2.0
15.446935431192617	71.62914372437467	0.8982263015307091	5.049081635571116	6.97661290733088	2.0
12.572741265079246	85.81060538371536	0.2872203514641147	0.8434575519544627	0.48597544778682206	2.0
2.4084972432105474	93.44295477678799	3.6943347161135396	0.2943962591577784	0.159817004730147	2.0
1.474386872242252	92.796496737052	5.073672530635793	0.3128903843691134	0.34255347570084704	2.0
6.630821912239989	91.70028576275371	0.2855788852575046	0.7360753525626019	0.6472380871861597	2.0
1.023114863802721	98.33878062430385	0.3710361734405282	0.16934470462099335	0.097723633831906	2.0
0.5008586960643626	98.34853015121857	0.9639522733375334	0.12826140413161763	0.05839747524792636	2.0
1.693371371365697	97.90420309060191	0.2076615583159688	0.12802501479369482	0.06673896492272843	2.0
