N1	N2	N3	R	W	anotaciones
1.8752631344258197	0.41774242009556195	0.0019498201770439282	0.004387115943952954	97.70065750935763	0.0
0.08366697846073022	0.007816042568211888	0.012278397657240956	0.00025401680839128217	99.89598456450543	0.0
0.147081782190702	0.0066336178412153834	1.4472825637271096e-05	0.00022558108414122115	99.8460445460583	0.0
1.2802272194477857	0.036767336294071425	3.483822323187805e-05	0.0004976752208079359	98.68247293081411	0.0
0.7480245978205055	0.03427320108508488	0.0002675464960063612	0.00030942174990032656	99.21712523284849	0.0
0.47076678718644377	0.01227001554128009	4.829197572781551e-05	0.00017227166034198394	99.5167426336362	0.0
0.34117017180776504	0.026634249186916956	8.408729851094605e-05	0.00021682790037570444	99.63189466380643	0.0
1.8267796356932824	0.05132485285784256	5.295016344485113e-05	8.70507368868588e-05	98.12175551054854	0.0
0.6495568085148132	0.021301377159531634	4.935595807724923e-05	6.914280680058276e-05	99.32902331556078	0.0
29.21241957118459	0.2139089258358128	0.0002220136747181222	0.00020491797641017818	70.57324457132846	0.0
20.102305062317214	0.24643793404569084	0.001124907569087011	0.00037049683761462436	79.6497615992304	0.0
3.5269493873232935	0.04924185891067394	0.00037798508223020345	0.0002584312017359472	96.42317233748207	0.0
81.46066236151395	1.146652598445685	0.0012547611016773832	0.0024064542488636026	17.389023824689822	1.0
81.56992535004628	2.627037969443939	0.02150466261302575	0.004558593704166652	15.776973424192576	1.0
89.0223533567509	2.210827717724155	0.0026195283651901462	0.009087372807012786	8.755112024352742	1.0
67.65373182383843	29.458480823595707	0.03332450123812568	0.018840253212672912	2.835622598115079	1.0
37.618030133425414	58.08461658065623	0.06125595893904803	0.11534361480926114	4.1207537121700515	2.0
12.965070454358072	80.82434799116311	0.10493546664514805	0.09564780463248478	6.009998283201198	2.0
14.283367895958959	78.28428090320098	0.21906322022238728	0.0833883220062325	7.129899658611462	2.0
10.483865248672837	84.22821723448446	0.5835559400648068	0.023299750846080117	4.681061825931829	2.0
9.11375068335727	85.76850612239745	1.2114554620059694	0.02377094787175147	3.8825167843675663	2.0
24.37697549859181	72.56167618982626	0.5235249994402594	0.028638547070711395	2.5091847650709576	2.0
3.5706010908127777	92.68340155470948	2.4629411835564117	0.011369934114147587	1.2716862368072017	2.0
9.076184965496504	86.18333192271837	1.1458016122979842	0.017899565232325547	3.5767819342548304	2.0
9.205209958711738	85.42569374015683	2.3777429564820785	0.011523563285936426	2.979829781363411	2.0
6.297977855935781	89.45550939818027	3.1285849969864965	0.009282810093426547	1.1086449388040438	2.0
0.9463420922213165	94.28936924677731	3.3410608688431673	0.006687235280476167	1.4165405568777374	2.0
1.972270303625593	93.86832989368436	2.901449946386923	0.0060521179103813424	1.2518977383927408	2.0
1.956719956741359	89.14208956502684	7.152317845742075	0.004869149872476039	1.7440034826172437	2.0
0.4414594489317296	61.274466345425104	37.53947863289853	0.0006413574924123827	0.7439542152522263	2.0
0.3416681331314289	33.429912347270964	65.5388035466369	0.001340184534768048	0.6882757884259272	3.0
0.15272482242691415	44.73336829128408	54.65534954815613	0.0009171689691381045	0.4576401691637403	3.0
0.30809300485323354	29.658934715343566	69.4231937889441	0.01586467464561295	0.5939138162134833	3.0
0.42464203639200926	37.00966195816085	61.695161238979956	0.001162486061477662	0.8693722804057091	3.0
0.36167123300658444	27.87613998519526	70.64946744601245	0.0007860460253771668	1.1119352897603392	3.0
0.1501110631357667	12.017075090885466	87.45945258609942	0.005400829625014753	0.36796043025433256	3.0
0.04031321220827086	9.638657395494315	90.02290152822262	0.000503665412171766	0.2976241986626232	3.0
0.04580883306470978	5.969843276304823	93.7735202005181	0.00023254664284517106	0.21059514346950542	3.0
0.07663700208728286	6.085796247623288	93.61882559387796	0.00025854364579034754	0.2184826127656663	3.0
0.11085824725206973	5.714250151263232	93.83919424016132	0.0003376302239814608	0.335359731099408	3.0
0.02379561479618732	2.3300714602499135	97.41234109573776	0.00010125745533480875	0.23369057176080024	3.0
0.01615458827072751	2.048742658866886	97.86154112372664	0.00019561770894536686	0.07336601142680603	3.0
0.018611648982733296	1.4052383158641706	98.4534471662428	0.00011374880280051939	0.12258912010749809	3.0
0.011856478114151933	1.2609023297320547	98.51690009133873	0.00012666016351764724	0.21021444065156283	3.0
0.03427253011201102	2.452588191269336	97.18140754532162	0.011327618348102735	0.32040411494892096	3.0
0.01680263528400582	1.2012947603059214	98.61967891977798	0.00013094065932465316	0.16209274397274634	3.0
0.015755615655901122	1.8928591750855799	97.90505413558621	0.0001562402401796915	0.18617483343210797	3.0
0.017663923587419604	1.0326227555273264	98.85599752843251	0.0001131590692150788	0.09360263338354713	3.0
0.02499485533559288	0.771932911392318	99.10427291567522	0.00018753159629414005	0.09861178600057689	3.0
0.004963913970504517	0.16428748083907288	99.78076432114622	4.3680691731017e-05	0.0499406033524654	3.0
0.003217121053677086	0.15309391700181835	99.75535571337736	8.592135633029886e-05	0.08824732721083411	3.0
0.009321631620694371	0.9222221575981232	98.92917885244378	0.00011787690241028161	0.13915948143499174	3.0
0.007193396820559544	0.7152671822255212	99.17175735094835	0.00010279778767357793	0.10567927221788585	3.0
0.005349827240764761	0.2574060751376021	99.55887946553639	7.490810671580595e-05	0.178289723978517	3.0
0.0072479366461331825	1.0707318153919831	98.74474234161868	0.0001712200835323749	0.1771066862596654	3.0
0.0030369605920663486	0.15776626343102867	99.70702258630646	7.992294298480043e-05	0.13209426672745098	3.0
0.0023582665510630913	0.17190046548441934	99.75510147946117	5.9864711019450424e-05	0.07057992379232562	3.0
0.005193449524616962	0.40139981311792594	99.51165477713458	7.96836462604775e-05	0.08167227657661326	3.0
0.0040179612268011955	0.1592555778346048	99.71696139279429	6.886800293765066e-05	0.11969620014136684	3.0
0.005522293968414067	0.4855928475602485	99.4115221185541	5.483541171929825e-05	0.0973079045055047	3.0
0.00211840545043958	0.15412267824602432	99.747101343877	3.011142771215185e-05	0.09662746099879177	3.0
0.012805893412732696	0.4383752195097218	99.3993889861235	9.273521274185191e-05	0.14933716574130845	3.0
0.0012878996494818903	0.08658144798835582	99.87640477212139	1.7226207541530197e-05	0.035708654033236434	3.0
0.004409095295001028	0.11968604915257651	99.70788243039038	0.00012673303026600378	0.1678956921317604	3.0
0.008649909753404492	0.2578318863379134	99.61079000162997	0.00020927279391698268	0.12251892948478077	3.0
0.005090329419638287	0.2006144410954439	99.66081709605871	0.00013988125368814212	0.1333382521725515	3.0
0.029072572143574792	0.6725894810375093	98.97844798553056	0.0009254061365145304	0.3189645551518527	3.0
0.06811589028768797	0.8082245312240486	97.83751594637387	0.0022165463200472238	1.2839270857943599	3.0
25.09906869311588	47.292073775605026	2.474785860816035	0.05387064641687063	25.0802010240462	2.0
24.399733584180737	20.927776255050514	0.18134773338241247	0.0878871610962688	54.403255266290074	0.0
63.69235540587462	9.125026411738373	0.01528877833028111	0.04420481033618617	27.123124593720526	1.0
63.164676866274014	21.074448757090508	0.039592530680172905	0.03971928574086912	15.681562560214429	1.0
86.69973219631237	5.102259411971956	0.012454654014691077	0.022054552923501905	8.163499184777475	1.0
55.35275982286093	28.03818095257032	0.07888536450787469	0.06897506326502009	16.461198796795866	1.0
67.23501489568008	24.376731720359494	0.08623837962616321	0.05191133663916014	8.250103667695102	1.0
77.75745796917803	19.83320114867137	0.01732791569150175	0.01959416336779271	2.3724188030913007	1.0
33.40355265922428	61.994198258499026	0.21592451483841865	0.01747830937960583	4.368846258058686	2.0
41.80546764909583	55.08160884134896	0.34385772052634045	0.03778680962360078	2.731278979405269	2.0
11.615567492168706	83.81813463059532	1.2852898238964892	0.03455594189343161	3.2464521114460387	2.0
2.7474287435590403	95.63450171363101	1.1153855429812252	0.0197530993748949	0.48293090045384335	2.0
1.673744049195381	91.96760089688878	5.547431609938607	0.01625505754138517	0.7949683864358502	2.0
1.5507880723878829	93.46863133321348	4.35413374716876	0.022031958552811506	0.6044148886770571	2.0
1.683337037823326	87.27170182823083	10.073645314462205	0.01631203447198208	0.9550037850116403	2.0
1.1422079061149255	85.14805960014986	12.938467946943591	0.02440634223188952	0.7468582045597578	2.0
1.1266177578193308	80.71351520629003	17.842551703839206	0.02782030487840048	0.2894950271730344	2.0
0.8915553066657805	44.58301516268153	54.01033950767265	0.012628209956502278	0.5024618130235404	3.0
0.24345455715577852	38.43186003150436	61.014929524460214	0.003847348139561475	0.3059085387400873	3.0
0.30253776819629896	30.075401437743064	69.15474903665022	0.005422374652250835	0.46188938275817554	3.0
0.3496153742777534	16.484165447563576	82.78653363697654	0.011060922630411066	0.36862461855173334	3.0
0.16480705011326363	13.134872033764433	86.54956680829613	0.003139601804088741	0.14761450602208137	3.0
0.26547053993865644	20.2830236888571	79.33523791779079	0.0074724758972262995	0.10879537751621578	3.0
0.023727977585192576	2.699681738746001	97.22096508799073	0.0073341828874049	0.048291012790663106	3.0
0.020527583630301098	1.170379211187668	98.75493478414761	0.014249635409232748	0.03990878562520462	3.0
0.03583666182520543	2.8597300936040235	97.05443734360303	0.004062318373198124	0.04593358259455038	3.0
0.004977969172766856	0.6910152655836438	99.27500204122963	0.002530207077066726	0.02647451693690394	3.0
0.013619504083604711	1.0971806183271369	98.84368937153509	0.0035335657560358505	0.04197694029813693	3.0
0.004115991721985304	0.5657127349814011	99.4141303104364	0.001635792846666821	0.014405170013558937	3.0
0.005741243261469481	1.179634223332272	98.79196705318309	0.0026256731369434243	0.020031807086236624	3.0
0.0027069703241657454	0.20837996183583024	99.75532437367748	0.0013830561922130618	0.032205637970299926	3.0
0.004460189042079068	0.2688002764042963	99.66527578268192	0.004444218753010594	0.057019533118708624	3.0
0.005388573292439544	0.3175658575615607	99.6413380254641	0.0011169499846431508	0.034590593697254764	3.0
0.011709322453206583	0.5464602257662946	99.4055353609598	0.0017040104153370162	0.03459108040535418	3.0
0.004275893491110007	0.4708807085565928	99.50164253706167	0.0019665578769311885	0.021234303013698653	3.0
0.003264506453781512	0.17126380449643824	99.75236490818766	0.009273947209750288	0.06383283365237226	3.0
0.010191784334903232	0.36354177388871106	99.55377569580473	0.00448716709875775	0.06800357887290392	3.0
0.002900978634842877	0.20840049310621653	99.76452991123311	0.0010010205875929917	0.023167596438221468	3.0
0.006836422954965206	0.2256830513433958	99.6965537590998	0.012664221105152567	0.058262545496659796	3.0
0.016242766051554145	0.3972955046457825	99.4950953131971	0.0046153671718323405	0.0867510489337027	3.0
0.0067246075266925885	0.4173280890618587	99.52455686825371	0.002389599163556951	0.04900083599416878	3.0
0.023096968946901223	1.1637738267895448	98.76590943610718	0.007292975317579831	0.039926792838776315	3.0
0.010069657457641316	0.5199862544434264	99.42460846510922	0.005212892598600634	0.04012273039111209	3.0
0.007811470180125954	0.509156876693086	99.43108222566356	0.000792005547287907	0.0511574219159303	3.0
0.014988819163677114	1.0485806378006126	98.88888071485185	0.0007090780728647932	0.0468407501110001	3.0
0.01385750913864435	0.6266436572671605	99.33183417501073	0.0009666552933048086	0.026698003290144882	3.0
0.006346608814168459	0.37433910049003327	99.5713593813061	0.0019513918868255	0.046003517502866	3.0
0.006378411954606846	0.5371881133201566	99.40554549778221	0.0012192364794566674	0.04966874046354585	3.0
0.00644690970079303	0.5825618175588356	99.37691329368769	0.00443981476806581	0.02963816428459489	3.0
0.008272353207551262	0.5286883201429164	99.40969745440373	0.0045814208911779545	0.04876045135465576	3.0
0.003511318158689404	0.4363290455452623	99.51005744506799	0.0020192149814912946	0.04808297624656367	3.0
0.005284715135326279	0.26749315542494567	99.67217185960942	0.00451374974671156	0.050536520083593175	3.0
0.004536483116528227	0.23186895777717134	99.72689591092687	0.00182886958519259	0.03486977859424221	3.0
0.0086913268121935	0.5811075023470262	99.36589851704079	0.003984788569942353	0.04031786523001978	3.0
0.015822016962236327	0.6789379088785719	99.19323585298832	0.0067279541543547395	0.10527626701650668	3.0
0.007855519062117376	0.3088518981295996	99.63469645395749	0.008294729504198824	0.04030139934660687	3.0
0.006721216279587657	0.4016761434541532	99.5186567325775	0.006925462054832567	0.06602044563389416	3.0
0.005854920371145495	0.217441604496423	99.70332553114946	0.0043783199580435285	0.06899962402492285	3.0
0.009346188841081219	0.559473364635858	99.35506655653597	0.004811274191066675	0.07130261579601584	3.0
0.005243604657198546	0.2514185953426098	99.6769881485846	0.003265672727561765	0.0630839786880512	3.0
0.010437450790402956	0.3763140236947552	99.54758362020726	0.008901948679071162	0.056762956628523445	3.0
0.004515130296697776	0.20488714265409586	99.72310268156896	0.0151990095419696	0.052296035938273186	3.0
0.005169847983718485	0.3352890690227978	99.61334317216853	0.0029184826466894923	0.04327942817825677	3.0
0.0072279256093163635	0.2585205921788134	99.65221699889338	0.009631208249875407	0.07240327506860451	3.0
0.006336776038740846	0.1468253782295216	99.77598054266403	0.005527695969827924	0.0653296070978918	3.0
0.02261422952828158	0.37497956324035375	99.41993370810572	0.03458836998284515	0.14788412914279447	3.0
0.03578600982025419	0.4226191155093686	99.33712808521186	0.05176450050051408	0.15270228895801313	3.0
0.15441036856297302	1.8477335291842305	96.7539146790061	0.8803601681555404	0.36358125509116235	3.0
0.06437619961844941	0.7135186593454874	97.4774912610933	0.9865962892023994	0.758017590740353	3.0
0.12595881697082084	0.8389447861280224	95.3464831033818	2.3847077190207315	1.3039055744986252	3.0
5.751805560389097	2.0514889729353802	0.15151104331052478	0.7573199261885317	91.28787449717646	0.0
4.690205399718009	0.5528165580188162	0.02757748538758552	0.12136907286029341	94.6080314840153	0.0
12.875994743902524	0.7023444993618838	0.004186469216233935	0.2142344715997537	86.2032398159196	0.0
44.384006445074405	12.72944207225061	0.06676136612604187	0.24176071797414714	42.578029398574785	1.0
60.62365507877207	9.456985594195265	0.024772636053692797	0.26118556092610234	29.63340113005288	1.0
37.89827643774792	25.106147849898512	0.423194415563629	0.49882416553841213	36.07355713125154	1.0
56.46074948725735	9.238889469757872	0.09028045663994633	0.19931201407048169	34.010768572274365	1.0
29.449977321685584	41.83005311139942	0.42968906474736646	0.20224590536558085	28.088034596802053	2.0
25.553332231506708	64.92459397076337	1.329683094707964	0.11154093293917623	8.080849770082784	2.0
22.53030396841008	46.217473335094844	0.30933763972540906	0.021461435314289987	30.92142362145539	2.0
7.889704873986025	74.64063081737	1.3309796463257013	2.0046178010054856	14.134066861312778	2.0
13.037897960024337	68.12300619489963	1.042068854675945	0.027816191222249473	17.76921079917783	2.0
3.867039574467225	82.57443646965606	3.090801994970867	3.0008139353543224	7.466908025551537	2.0
1.2312967822478265	47.32718971858993	44.58287878659281	2.0162918989846257	4.842342813584813	2.0
1.3947478747572617	51.482097572521354	44.25894177512453	1.1807115333339118	1.6835012442629467	2.0
1.674014051946297	71.04929896584677	21.966083977617647	1.8051586964185022	3.5054443081707762	2.0
0.6254101933753902	63.37565804175666	29.748093423635137	5.777302314485325	0.4735360267475146	2.0
0.3192970805776517	71.31010508207251	27.64974934234896	0.03315811112599619	0.687690383874876	2.0
0.20557663407722968	64.39057012099632	34.86369744195752	0.1445906274778624	0.39556517549109665	2.0
2.6536198931589023	88.66740425228122	5.574157135708417	1.9286279044565466	1.1761908143949173	2.0
2.516052078251765	91.15065875664101	3.4980343031298924	1.6290021360677216	1.206252725909585	2.0
3.7880869828161705	86.34775480520982	1.0917791548848397	7.897233147005471	0.8751459100837163	2.0
6.262828817914776	74.57479082208408	0.7918606290711033	16.517453106444087	1.8530666244859613	2.0
11.45131458946593	30.608335108332284	0.27366067148553924	55.58065903402923	2.0860305966870194	4.0
19.494069955094307	63.60387704114593	1.137916492307615	10.003033309421784	5.761103202030362	2.0
10.323447293539298	69.53649171886221	1.6368821419993864	17.45476431244377	1.0484145331553307	2.0
9.652569467549935	30.415537190934494	0.4222452114639423	58.16261440528685	1.347033724764774	4.0
9.686922272003336	41.582450767896006	0.46549780145504327	47.37181935444379	0.8933098042018383	4.0
16.90975038038819	34.61738744167283	0.1301096772921122	46.01747186083933	2.3252806398075423	4.0
16.623574438126067	27.92669608426835	0.09457387896201107	54.571230486046574	0.7839251125969927	4.0
8.124349984116424	27.86168045819671	0.12528556347040337	63.042369142532806	0.8463148516836503	4.0
10.097675771314917	20.551497169724037	0.11810124417716271	68.24092182437678	0.991803990407106	4.0
3.5475698780403073	17.096979751285968	0.077349228245071	78.76040054150356	0.5177006009251023	4.0
43.847441385327855	26.74859921467587	0.19293500250323065	22.106247729068933	7.104776668424089	1.0
49.09062900246479	24.751192845087584	0.2461522191764771	22.092375092719884	3.8196508405512577	1.0
59.80537956688866	18.83834615710939	0.07092959194920438	20.31118263582115	0.9741620482315866	1.0
49.33344457195862	17.88598497002116	0.07069495522928304	32.11998688653294	0.5898886162579898	1.0
14.52265193838082	31.527748337883754	0.3124048259392741	52.172094960388414	1.4650999374077456	4.0
5.835550314476397	15.070347425825886	0.07151888703628945	78.24150094020979	0.7810824324516469	4.0
7.948025053188597	9.249061505393554	0.05115418084236943	82.47134058700024	0.2804186735752296	4.0
6.419078950967926	10.181396063070109	0.030638649859338486	82.96853803999468	0.40034829610794054	4.0
7.193515075085341	28.635240229286353	0.6161606196183563	61.62401164367073	1.931072432339214	4.0
2.977648476863744	19.512077883603453	0.439686619024967	75.91565226107139	1.1549347594364414	4.0
13.990189179117	8.849271904223974	0.04955226913834509	76.6017350827612	0.5092515647594961	4.0
4.218575314310011	7.89319199802825	0.14297829571673268	87.26176486925705	0.4834895226879646	4.0
7.230988300439598	11.739022532306823	0.11336337558823277	80.14851500351897	0.7681107881463678	4.0
5.159950918252656	5.964303801103376	0.013646976752135881	88.52609004728397	0.3360082566078697	4.0
41.79103083663377	5.737989625134947	0.049072048674552705	51.27424316388593	1.1476643256708092	4.0
70.11378660042706	15.39819735594367	0.042338322765366074	11.268481841945622	3.1771958789182646	1.0
15.047816153442648	5.2046943604046945	0.014876302863802161	79.47648899816284	0.25612418512602636	4.0
9.17618190215905	3.5476803664079646	0.01579802549452895	87.05142078127989	0.20891892465855727	4.0
1.8305753440234667	3.3210507877631184	0.009976607955128676	94.70012432477557	0.13827293548272307	4.0
6.9135999709922515	17.513276847599215	0.07930835198764888	74.4199486120401	1.0738662173807711	4.0
4.18076298877269	19.677867164269134	0.054441173925964564	75.78141085603018	0.3055178170020414	4.0
3.0224801535778414	16.957096744339484	0.05048343070452576	79.76712968707015	0.20280998430801342	4.0
5.650370832288283	7.9460614505084735	0.007265277296212396	86.19975362978313	0.19654881012389375	4.0
0.9762734629357268	2.2688298162983354	0.0053208084086942276	96.6665509934325	0.08302491892474782	4.0
4.7846265374989425	18.96159307666959	0.020303462810685416	75.81194466505052	0.4215322579702539	4.0
4.570980547571423	10.121901474585941	0.008411460492366758	84.92187165975525	0.37683485759501373	4.0
10.729653035727441	7.840500962252858	0.009560097022769968	81.11970302630034	0.3005828786965791	4.0
4.783300106125905	23.962174246554284	0.054262037039569735	70.69192718840782	0.5083364218724103	4.0
19.117757304095395	38.059481148653866	0.06201351334006711	41.24909841840999	1.5116496155006856	4.0
8.910864940419621	28.528544872185833	0.032316057023740324	62.25980138799514	0.268472742375668	4.0
6.949448131193116	26.68404427481525	0.03486931215587152	65.79942453591289	0.5322137459228783	4.0
8.333879922974798	42.985892191329725	0.0774117147540177	47.832013496131616	0.7708026748098555	4.0
3.2089200043017816	63.76898123655539	0.20893048783512175	32.10760902361084	0.7055592476968527	2.0
6.3047010295614045	35.421554403217456	0.02678294620317856	57.32970060795503	0.917261013062916	4.0
2.54094423540681	69.82374262583996	0.5200184832816146	25.088990083854274	2.026304571617334	2.0
5.787759959552685	37.30974698201731	0.25771483187150684	54.220465095180195	2.4243131313783044	4.0
2.868462315181429	57.16408594112799	0.10613762554029431	37.07240944972761	2.788904668422673	2.0
0.13003439512050127	0.036004287130271664	0.001053182063369032	0.15012726308710472	99.68278087259876	0.0
0.06358471406076036	0.009789711958488424	7.450543874087948e-05	0.030157367994648947	99.89639370054736	0.0
0.19874604908403162	0.014092096685577095	0.00016610153319068305	0.01839362665496663	99.76860212604223	0.0
0.16167669269293836	0.010069798558768852	3.0095733189925784e-05	0.0050487488427975145	99.82317466417231	0.0
1.9878231028241848	0.0651367521355403	0.0009319091241517535	0.024023022885917757	97.9220852130302	0.0
0.5036961241949501	0.01166894025134207	5.32612570038142e-05	0.00585521119654955	99.47872646310014	0.0
0.3328782204649691	0.01046228995716363	4.703126546537389e-05	0.004479947812909778	99.65213251049948	0.0
3.181322234539959	0.10258899906272621	0.0005166127665720164	0.03602034650833909	96.6795518071224	0.0
11.932176163270853	0.24726187069464886	9.396333489157635e-05	0.07469519081876849	87.74577281188084	0.0
89.04163049587743	2.2220482100403127	0.00039375397377223147	0.19866165406527275	8.537265886043214	1.0
83.73280676923136	5.997590332534335	0.0012845889095316645	0.48958232223519194	9.778735987089576	1.0
88.761347828626	6.4592986953514036	0.006588199158205208	1.0023920907173949	3.7703731861470002	1.0
86.56853530100544	7.975248800429583	0.0008884054859721177	0.646669845610392	4.808657647468614	1.0
87.81145875468852	9.412562877781523	0.007543073522052128	1.562828699320828	1.2056065946870547	1.0
87.14043704260325	10.49343055468537	0.006564093969719586	1.461951743765008	0.8976165649766424	1.0
77.3847338309573	19.510139061889106	0.00922677614470265	2.243976068803877	0.8519242622050008	1.0
66.2285265129587	28.91512219015251	0.014513683886110495	4.268855484902994	0.5729821280996907	1.0
59.16924187042027	35.01196709726004	0.008568775716269994	5.149687734154944	0.6605345224484732	1.0
37.24246303045331	58.38836056879397	0.009403447977730104	3.70528858865313	0.6544843641218524	2.0
14.663193448413676	79.84468767069947	0.010966431161683122	5.015666712435189	0.4654857372899739	2.0
8.045635119408836	90.26797752183964	0.017067399623301744	1.3983232643141574	0.2709966948140563	2.0
11.977532960869082	85.96742751403696	0.02445559544782066	1.6313645660152487	0.39921936363090116	2.0
5.18623388450921	93.9621418503625	0.023600344242568155	0.501263892218994	0.3267600286667387	2.0
4.866761123313457	93.6482392402653	0.043700316756555925	0.9198706389957305	0.5214286806689531	2.0
6.004067433231763	92.98070383845652	0.03397063381537524	0.520617931222411	0.4606401632739372	2.0
3.6418600565010757	95.67371259684079	0.06152849011713943	0.2990960523665324	0.3238028041744831	2.0
12.321684946655614	86.65275351986202	0.02060562455027592	0.43347041216528215	0.571485496766815	2.0
3.758427835069844	95.68914823959527	0.06805168277834185	0.17512392602704532	0.3092483165295248	2.0
4.632258371408147	94.58897973601353	0.08636222563821795	0.14019102693844698	0.5522086400016767	2.0
5.554439783542263	93.48777437014044	0.11874882001415249	0.13138110037630177	0.7076559259268496	2.0
4.024946386974537	95.45219469275953	0.12119523653122458	0.07130432479530893	0.330359358939397	2.0
3.501954858079203	95.84661009797652	0.07411333464562136	0.044623056779416484	0.5326986525192164	2.0
4.150875011593323	94.72218589384802	0.23588995389673797	0.05366816284228856	0.8373809778196458	2.0
2.761651063044619	96.6316368727846	0.1743238622613077	0.044189610972557296	0.3881985909369024	2.0
3.4999411609631936	95.72455283780883	0.16345604568175515	0.045006851847251374	0.5670431036989513	2.0
3.08042838299658	96.12286975398573	0.2000921195316642	0.043873969660612105	0.5527357738254235	2.0
3.6376281766094016	95.42733940573339	0.29305243557112304	0.04248074183899307	0.5994992402470661	2.0
3.06646876941428	96.27110878034537	0.20762996833726682	0.027892657426936033	0.4268998244761397	2.0
4.273680607855236	94.96886424316992	0.3132938846646095	0.01940355789333293	0.4247577064169049	2.0
4.678815194399332	94.33840451532477	0.2585906083468853	0.033511065026530694	0.6906786169024703	2.0
3.0041947607607016	95.35861973349128	1.351011633445663	0.038363055905542	0.24781081639681252	2.0
3.9110360930131747	94.71002427583605	0.8720838309311912	0.06342402575440989	0.44343177446518073	2.0
6.17775874293391	90.32790402676477	0.4795060518055718	0.056786729737891416	2.9580444487578625	2.0
2.510784334887939	92.99601970445096	2.3779323647397934	0.05453400291261548	2.060729593008681	2.0
1.9604624777098771	94.02774856799078	2.9737197847302106	0.04114836730847912	0.9969208022606282	2.0
2.143395626413013	89.06601487359103	6.477227177998272	0.1182571933680178	2.195105128629649	2.0
5.018382990343325	93.24037741793352	1.5810760008340787	0.03359997122353914	0.1265636196655254	2.0
1.5333398015275947	75.74021671472563	21.814757902318046	0.06018852963908103	0.8514970517896486	2.0
1.0592195913395115	84.11632077309315	14.38737030315834	0.11438799930913342	0.32270133309985133	2.0
1.2850297292400779	89.35406264035971	8.310062283052144	0.0983896763046862	0.952455671043379	2.0
1.0297300698784095	85.75252454276558	12.949740673366891	0.07460629892625656	0.1933984150628561	2.0
3.212333567392258	86.25562320845385	10.022690907355603	0.15659399906889132	0.35275831772938937	2.0
2.794379017820292	86.87912252097469	9.95075593218705	0.06908745013231844	0.30665507888563226	2.0
4.700394137770966	79.25307874172297	15.704936754834698	0.09069908074328024	0.2508912849280847	2.0
1.7278430939388547	73.59029746604892	23.47180935391194	0.09043564365691856	1.11961444244334	2.0
1.6009901036607648	69.35504318731896	28.760484627313105	0.07273255736023095	0.21074952434694127	2.0
2.4475605382901438	76.6696042997589	20.178952726520276	0.016644077874234445	0.687238357556455	2.0
4.5800086597201926	92.95109721648984	1.9335176731380042	0.017747821953547658	0.5176286286984206	2.0
6.0124130514651135	92.74221322857842	0.7073570901353305	0.025669926291309483	0.5123467035298338	2.0
3.1467653842686163	92.39060506617265	3.973214673251107	0.03554375845697938	0.45387111785063694	2.0
3.1654129986711315	93.57544171570366	2.9278633899715514	0.014615309376713915	0.3166665862769671	2.0
2.2987578066303356	91.01402236270192	6.3089297417305135	0.005596202906720339	0.3726938860305012	2.0
2.7613410268420755	84.57454860044903	12.437395111543584	0.005088443797849883	0.22162681736747356	2.0
1.0613678285541017	76.8016882497039	21.866582772433347	0.006612150142807483	0.26374899916584793	2.0
1.7204787523365028	65.81756784035852	31.46657402559479	0.011456150690286342	0.983923231019883	2.0
1.9919499271703185	58.164686914384056	39.3652656843181	0.017501055891703077	0.4605964182358173	2.0
1.3786538821831058	66.68267414872572	31.429467919538833	0.015584957306994027	0.49361909224535305	2.0
0.6214858403773046	46.775773988395144	52.31884115499531	0.027476038259514484	0.2564229779727295	3.0
0.661380472342693	54.18773624865627	44.708414425013146	0.01594858232342685	0.4265202716644627	2.0
0.3283199786243914	16.871159969565596	82.40220089563599	0.012981652996970247	0.38533750317706444	3.0
0.4255968869465935	45.93926403776196	53.412087029542946	0.011486056698182699	0.21156598905032103	3.0
0.24055061609550682	18.023871640488725	81.54666447345471	0.020326468744609173	0.16858680121644734	3.0
0.5162085574275203	26.622374373447926	72.70273516104801	0.019086983950847434	0.13959492412569519	3.0
1.208915040859805	59.03392311613756	39.51092093477322	0.033204428431835624	0.21303647979760226	2.0
0.4354684005743724	34.19689766157967	65.2587253380973	0.019394884349829146	0.0895137153988257	3.0
0.3137250260473043	24.317955838582115	75.26349184628262	0.01675028838387961	0.0880770007040938	3.0
0.1827396656581507	17.70807730616567	81.9444448527253	0.03826838724647363	0.12646978820440835	3.0
0.04950705935873944	4.653684303665995	95.23390465775265	0.012994035930761089	0.049909943291848405	3.0
0.4882290892055281	26.074938462429216	73.22744961872014	0.02752256722651971	0.1818602624185988	3.0
0.6344735877590213	33.15815548916971	66.02912348404529	0.026819227315014866	0.1514282117109621	3.0
0.5494362507399395	27.08064715027416	72.08575829757596	0.054618418242181256	0.2295398831677417	3.0
0.6525302525600765	37.612021368295146	61.499775094957364	0.07899051656696564	0.1566827676204604	3.0
0.17308932347538375	23.274418824173022	76.34956155231126	0.04721903899798956	0.15571126104236	3.0
0.20625176899467448	14.335616450779767	85.25576536211447	0.05261646218772997	0.1497499559233711	3.0
0.09851875996992855	22.056958854099832	77.77150716123055	0.010092738681228727	0.06292248601846903	3.0
0.04978981986269732	6.107205940460448	93.76753757204312	0.006663523982771004	0.06880314365094557	3.0
0.05250256317119487	3.243634232532819	96.6050793046899	0.031898987480984235	0.0668849121250911	3.0
0.06373921704748493	5.146343096221619	94.72157290701745	0.02174788605560191	0.0465968936578567	3.0
0.011055884352903342	0.18290859100812193	99.76447862288555	0.024649850782859785	0.01690705097058524	3.0
0.024608248803593552	1.9041067165382526	97.99184945957577	0.026896967794144994	0.05253860728821355	3.0
0.02605154877128219	2.2971494040457188	97.63110772454905	0.023458750056287916	0.022232572577636816	3.0
0.09049853639745341	3.728418143610837	96.14037152015413	0.009844650211862998	0.03086714962569247	3.0
0.013703449401897884	0.877866742810053	99.08294389751227	0.012389333319485184	0.013096576956283162	3.0
0.010389001837976468	0.9072229489768068	99.05668087049898	0.006107406320509669	0.01959977236570402	3.0
0.027006933860436125	1.875657265453245	98.0507075044762	0.015304083441372525	0.031324212768763654	3.0
0.010879075003448226	0.7076607300942066	99.23966377918222	0.011434664098361306	0.030361751621757423	3.0
0.0325801113566806	3.6878254587849213	96.213796003586	0.019631212638886165	0.04616721363352985	3.0
0.008125322122973549	0.41864467278080214	99.54518820705299	0.00649436796783777	0.021547430075386814	3.0
0.018390991505564152	1.0459907370760384	98.86332663921986	0.02652595102341614	0.045765681175105294	3.0
0.016207777055760517	0.7416362332076506	99.19203125167579	0.024537302304965883	0.02558743575584406	3.0
0.014613076837128699	0.5883626583756948	99.31431293467756	0.04417160490116022	0.03853972520845616	3.0
0.015712654506114105	0.9969766875943814	98.93417329461553	0.019612397405735914	0.033524965878230666	3.0
0.03267466253186304	0.623799599554548	99.28115328024171	0.021752014088079953	0.04062044358381226	3.0
0.036853237698740646	1.6161857245592308	98.21551888965011	0.04778748292315843	0.0836546651687543	3.0
0.02320898158896333	1.2959109166104865	98.60118121070343	0.023028348144619338	0.05667054295251955	3.0
0.04958051835859595	1.6041436268835567	98.24239701364789	0.010021478366606815	0.09385736274334404	3.0
0.05946719856616945	1.3412066011492372	98.36642089391881	0.017365636991823804	0.21553966937394525	3.0
0.15084181147696973	2.863333493470318	96.7875878385127	0.02826961771554985	0.16996723882444492	3.0
0.2167078128886806	4.964030207281869	94.23733621249278	0.05254706468960439	0.5293787026470749	3.0
1.682237291092383	11.477669195841662	85.67412584148808	0.05857985756010714	1.1073878140177567	3.0
18.335371687636464	3.203959485804371	0.07594034020415233	0.41307907814273753	77.97164940821227	0.0
67.59106780619075	5.051624374539617	0.03246371121882684	0.13608545895444835	27.188758649096357	1.0
49.89994417676639	43.036411691921614	0.3382390329679871	0.1407896789985693	6.584615419345448	1.0
60.05913523546368	36.18459935600099	0.20654125415241215	0.059166538862055036	3.4905576155208546	1.0
45.31237200526322	52.58764267120546	0.18435024025833796	0.12549539791064576	1.790139685362319	2.0
13.316569219990143	84.6130218989301	0.2064004986501624	0.18527454192600304	1.6787338405036045	2.0
20.013115953936953	78.0090786652356	0.20065156411362492	0.4114819591469237	1.3656718575668845	2.0
2.86546328726078	95.95277817509415	0.3716369175581813	0.1342622697096495	0.6758593503772551	2.0
5.9497484596020085	93.15919737502912	0.2866334497672771	0.08647086120714623	0.517949854394442	2.0
4.144010852423974	93.91186557396726	0.9951751314644388	0.04245872367899739	0.9064897184652969	2.0
18.585301024979984	79.83433178859698	0.13888341202833823	0.054367906508380734	1.3871158678863198	2.0
12.863436192934552	85.70182532351336	0.24741871805933316	0.05216349428432418	1.1351562712084047	2.0
14.687212311822288	84.02547347864062	0.1510725763635113	0.06733556072403353	1.068906072449555	2.0
4.946473875850022	94.3799941930807	0.2548869522421018	0.01949802089639869	0.3991469579307622	2.0
5.043993870198912	93.43887636314969	0.5599113253606004	0.027474093091198925	0.9297443481995775	2.0
4.092238975958065	94.45218727634591	0.7493978987023904	0.014835849884940513	0.6913399991087072	2.0
5.992888087924807	92.88532731252585	0.2966383148388058	0.026167368968338774	0.7989789157422128	2.0
4.020214951323836	95.3503443485472	0.20202925891927748	0.06236774971800976	0.3650436914916722	2.0
8.975499755856706	90.11716325040469	0.15023858856902758	0.0706662180423552	0.686432187127216	2.0
9.713557963320458	88.26382363008626	0.46187015353606675	0.04115929937154451	1.519588953685645	2.0
2.799709333184774	96.59830195066213	0.21979161531743172	0.041398537007635745	0.34079856382803	2.0
14.413928954588407	84.4529960426934	0.2627253008325247	0.06449704727794868	0.80585265460771	2.0
8.993308324760159	90.24418555649527	0.2290646472221116	0.0312448438143215	0.5021966277081525	2.0
3.44823002770997	95.19341511372018	0.7571278233236594	0.014182075944191028	0.5870449593019909	2.0
4.078266273111922	94.41211153251942	0.9994659037605671	0.014233905036029434	0.4959223855720703	2.0
6.593709172034639	91.98107126358363	0.3668629541476849	0.018582546937314776	1.039774063296734	2.0
4.024921627791639	93.4176350121853	1.7038382023005234	0.012814883623666016	0.8407902740988957	2.0
9.498813803787916	87.98251916658609	0.656709511712125	0.015741713392867354	1.8462158045210155	2.0
4.385648908009176	93.00717495231332	2.2078178891639197	0.012523706570937555	0.3868345439426393	2.0
5.970765410377266	92.44042683195171	0.5699823153849607	0.018564776554188502	1.0002606657318902	2.0
2.3458868270976914	96.81628446302182	0.35664813943251317	0.009599476297740087	0.47158109415024263	2.0
5.582438397775757	92.2532593630612	0.8662898244018499	0.02363649099967989	1.2743759237615184	2.0
3.1494078617494634	94.78976069693739	1.5352522693049289	0.02078936891350683	0.5047898030947298	2.0
5.224270487688428	93.46169942667706	0.8806863057252003	0.01331212718076875	0.42003165272854776	2.0
4.2374961559444895	93.95651943345302	0.7409196684744466	0.012851116652445062	1.0522136254755925	2.0
3.8962016724574617	93.61664075464058	1.6354247015485244	0.013789806748738052	0.8379430646047077	2.0
3.748685572734262	94.34566046830061	1.0113271639655315	0.009337449940300634	0.8849893450593245	2.0
4.057056503964695	93.3131268943372	1.8231861217468683	0.00816989917366388	0.7984605807775516	2.0
3.5307978453790496	94.17906295600817	1.7146801172687247	0.021623625322854622	0.5538354560212057	2.0
3.967273422579921	93.18455759496814	2.1470311293983064	0.020389943591646174	0.6807479094619774	2.0
5.1054752167488315	92.15786577534385	1.697776626575081	0.011267045754407344	1.0276153355778332	2.0
1.9086277372335192	92.38652086326763	4.294101250508621	0.015826953950830714	1.3949231950393781	2.0
4.5155546843563075	91.46273948528048	2.310065648180099	0.011144316945206768	1.7004958652379145	2.0
7.95986255656092	89.94036922643097	0.7193370197930836	0.023981433215299938	1.3564497639997306	2.0
1.1621417556159583	97.68811762659641	0.5385653407951736	0.06317281172058659	0.5480024652718755	2.0
4.451657108840816	3.7773927401389114	0.03414764718691553	0.01327708939133727	91.72352541444202	0.0
62.009769405133454	3.98209423299717	0.013248677214778966	0.07497641682221458	33.91991126783239	1.0
54.10321947973422	41.652948320628475	0.12243136437113303	0.15507540160203187	3.966325433664139	1.0
36.68918508040261	59.49893272454933	0.11312220527991967	0.14293111613156315	3.5558288736365884	2.0
16.882855200163	82.34670163670286	0.06050820410933061	0.2292929818330728	0.4806419771917487	2.0
4.912289796988203	92.6932819614028	0.1654585765949163	1.8148570151827317	0.41411264983134577	2.0
18.512865312192194	74.11186708016456	0.04489578264148053	6.231829857341397	1.0985419676603527	2.0
19.87861165021382	11.832609210543128	0.002865528957714634	67.94179937874603	0.34411423153930465	4.0
4.286664613649382	6.334595753587369	0.0028953881843220486	89.14775519473547	0.22808904984344766	4.0
1.9295498144754386	1.8791908937894466	0.0009892047907811487	96.09346723038462	0.09680285655970473	4.0
2.015537072539561	0.9652668984668898	0.0013676574145994945	96.8843532985374	0.13347507304152662	4.0
1.026466644363952	0.6006196648325892	0.0009074959000012089	98.30709060794234	0.06491558696111735	4.0
0.8354692038253764	0.4154627558620123	0.0009579712554474917	98.66487888897535	0.08323118008183075	4.0
0.24330185598789209	0.09606272586155777	0.0020692515496948814	99.58336366162696	0.0752025049739002	4.0
0.8588203456959816	0.673371154300717	0.0026175359615232896	98.39060910792418	0.07458185611758851	4.0
1.8554575042733366	0.11775046996540442	0.0005910732674682655	97.95470490587357	0.07149604662022187	4.0
0.6320725018604723	0.2993787981907669	0.0012608291283715389	99.02767056780793	0.039617303012462926	4.0
0.4350832376963619	0.13619969463493792	0.00040551215154285597	99.39433072782896	0.033980827688197796	4.0
0.2735361085314881	0.1399961529554048	0.0015000283493296373	99.54947873218649	0.03548897797729218	4.0
0.32026582104317053	0.48631336762821054	0.014283764220925723	99.10679690169921	0.07234014540849629	4.0
3.665101077707621	0.9389430906590776	0.004689388554313739	95.07380822525417	0.31745821782481465	4.0
1.4770132111605063	0.746966296444576	0.001058600806221191	97.45231703799043	0.322644853598266	4.0
8.104892793032963	0.6859363298824508	0.00011465289435934393	90.77820691085601	0.4308493133342144	4.0
7.540429808197589	1.0115886417960553	0.001853700461427343	91.0752180608122	0.37090978873274133	4.0
9.911064731175191	1.2628221880297756	0.0009275592434612869	88.54654413732959	0.2786413842219836	4.0
4.280918309074571	1.040682126266611	0.004008115626898344	94.3656430252905	0.3087484237414263	4.0
3.341779642370107	1.6113912765501288	0.006635805359091154	94.82812611264355	0.21206716307713203	4.0
1.2956253765255494	0.5429009575564241	0.0012145667289252685	98.04167218085604	0.1185869183330559	4.0
59.2430463091684	2.0825248718429434	0.0018203779416961548	37.10700285712461	1.5656055839223353	1.0
71.85247927290445	1.6083598122437097	0.00026758759832736916	23.653893185225165	2.885000142028361	1.0
32.961047009112576	2.070117276406267	0.002980471851689362	64.43633623682979	0.5295190057996894	4.0
58.457593676924205	0.56296789417483	0.0006260206313929935	39.753037795430004	1.2257746128395688	1.0
10.080901840669206	3.142197933188468	0.0008018861783655696	86.64392885884715	0.13216948111680213	4.0
1.8845751254144296	1.1591536335229538	0.0024376516632546386	96.87631711294038	0.07751647645897232	4.0
2.101210113561128	1.0889824283912803	0.001621172540305388	96.69407504871656	0.11411123679073504	4.0
0.8634511079229914	0.3340181793576602	0.0024158848068262764	98.70579753951328	0.09431728839923026	4.0
