N1	N2	N3	R	W	anotaciones
0.15279156134600824	0.0433333874043486	0.0010907534528004996	0.00045876664605414474	99.80232553115079	0.0
0.7026203086663354	0.10819940390710768	0.0012184557014278913	0.0010544119721218226	99.18690741975303	0.0
0.22220500260273787	0.04379758824244508	0.0003827230236275291	0.0005671319349192217	99.73304755419628	0.0
0.1146570534470826	0.021380952651585808	0.0004258683753813113	0.0004572646282386648	99.86307886089772	0.0
0.26113050104529534	0.05508079465456931	0.0008700383449366266	0.0010167415032261043	99.68190192445196	0.0
0.2797757308267836	0.04757663303820294	0.00030228866543454064	0.0011223276068545414	99.67122301986274	0.0
0.2858667995804434	0.030506054722589108	0.000246015612472039	0.0004004373276481174	99.68298069275686	0.0
0.1842664146835079	0.03242072361374916	0.00019951323768608746	0.0014126910650791007	99.78170065739998	0.0
0.2247443106232499	0.10621565613021511	0.0006888561277315015	0.002835633660231425	99.66551554345857	0.0
0.6174516575767748	0.04865361875839143	0.0002394896605494652	0.0035344157699290384	99.33012081823436	0.0
1.301201821221254	0.16464644902957812	0.0005535156500505763	0.006044221967020946	98.5275539921321	0.0
0.947016125740398	0.05330074312423658	0.0002083476191176312	0.003463663230169988	98.99601112028607	0.0
0.6538975220286946	0.41444529815458453	0.0007498568887845009	0.008751875334208934	98.92215544759372	0.0
2.247393428973838	0.20078842767063745	0.0007557498638018957	0.015822279243018114	97.53524011424871	0.0
0.5359578426766587	0.1503682745445948	0.00044847025335823914	0.06866863977997952	99.2445567727454	0.0
0.4373711763627719	0.10106647197069416	0.0005598596387471683	0.02024614830586885	99.4407563437219	0.0
4.580610456276904	0.2514384295998856	0.0009655901227931351	0.06859168875945826	95.09839383524096	0.0
1.2265620715223584	0.30233025708715777	0.0012249439032112547	0.027883061101076936	98.4419996663862	0.0
9.97881116206449	1.1488851115664498	0.0021567604731259505	0.058657120138213094	88.81148984575772	0.0
0.5942482654343975	0.15890550145898957	0.000718694664745694	0.005908140891000003	99.24021939755086	0.0
0.02650457149839303	0.0239695951806873	0.0009972610475181254	0.001267548021548245	99.94726102425187	0.0
1.0438872213988222	0.267483163661738	0.0007441635266992374	0.012105587153442348	98.67577986425931	0.0
2.8918306770331785	0.29814153610770633	0.0014695502657339516	0.003201703471317727	96.80535653312205	0.0
1.9200341466362996	0.41172670996976896	0.003617843660663737	0.014760740803808188	97.64986055892948	0.0
0.6858985926973218	0.09038590057327027	0.0010799379977597403	0.008925155338086474	99.21371041339356	0.0
0.15725888848097108	0.047383478878521575	0.0011923241312596646	0.006872589823081814	99.78729271868616	0.0
0.8315463984095727	0.10010945936853842	0.002679569875190199	0.023916920131600808	99.0417476522151	0.0
0.14388701253949943	0.06458469221939644	0.0019793594162813605	0.00806301569735958	99.78148592012745	0.0
0.15519798490730088	0.06774752812026937	0.001286044736664389	0.004474826063726843	99.77129361617204	0.0
0.7693320465840264	0.1183451760560986	0.0016002559260368885	0.014986524322753802	99.09573599711108	0.0
0.3565869089034056	0.05476191735099172	0.000953345710166333	0.006985400252555156	99.58071242778288	0.0
0.3993767101321297	0.0652637643720796	0.0013103632440853836	0.007880595202452286	99.52616856704925	0.0
0.6917736948148182	0.18480598985083913	0.004574085581581033	0.023842092260370405	99.0950041374924	0.0
0.8331709617771969	0.2984738767283361	0.004723608512313598	0.016430305003490575	98.84720124797866	0.0
0.11366298786635891	0.03130649268192686	0.0018762727687778595	0.0053894823329628215	99.84776476434998	0.0
0.4788441117521379	0.07715515203919954	0.003378964301684315	0.021179372254667206	99.41944239965233	0.0
0.9610783988246538	0.20000512772185608	0.0019798804136388127	0.01081864850343645	98.82611794453642	0.0
2.1077611682546395	0.20935493120644977	0.006982808575334309	0.03515497993706075	97.6407461120265	0.0
5.922768858026858	0.927802193553387	0.008998588727909767	0.024358050558174804	93.11607230913367	0.0
2.570543264051001	0.4070094096533395	0.004463808887263717	0.016398378678574715	97.00158513872982	0.0
0.4117647911649633	0.21643434737860634	0.0014218266647661039	0.0026075611863337978	99.36777147360533	0.0
1.679089902033824	0.7384331804478104	0.006561118913371857	0.015376549179067577	97.56053924942593	0.0
11.339262953504939	0.24355577612965693	0.001115856586453849	0.01989882769173207	88.3961665860872	0.0
2.672180300359228	0.4728459855592988	0.0007210555504137719	0.014303090309273573	96.8399495682218	0.0
3.0577902553196683	0.4626614763003368	0.0018726168931832916	0.007244764856181499	96.47043088663062	0.0
1.2232305132462447	0.24376660547522933	0.0008657510853680356	0.002873977862939188	98.52926315233022	0.0
1.6012468835050198	0.184491223389664	0.0017618264485910605	0.00972603176676202	98.20277403488997	0.0
16.664743826003164	1.973962671377473	0.0034426787788309574	0.02915246240303483	81.3286983614375	0.0
0.6276045130689116	0.17391532104478494	0.0006237589340790718	0.005934100426534918	99.1919223065257	0.0
0.8976358797235989	0.3174485220580667	0.000983622086095126	0.008470595572141814	98.77546138056009	0.0
2.7433256235213497	1.7624599140337278	0.0058467228153903355	0.03875704099668106	95.44961069863285	0.0
5.463541041009256	0.4769959034862221	0.001559361370488658	0.02219775552668055	94.03570593860735	0.0
25.199683948122427	1.675156988718753	0.0023822718927359147	0.06771714032165678	73.05505965094443	0.0
0.26505900972796076	0.1072296095054462	0.0005641094113881883	0.007106062355454609	99.62004120899975	0.0
1.0832548700380227	0.456742384399328	0.0017932973853843446	0.03425076187536235	98.4239586863019	0.0
4.4341507441036985	0.2692633382350884	0.0018494870984059296	0.008615704306119666	95.2861207262567	0.0
4.418120542653208	0.20960711430060447	0.0017373215306830982	0.012481649991914708	95.3580533715236	0.0
2.9729040340878474	0.24642107498311452	0.001699574661928513	0.010041111994682907	96.76893420427243	0.0
1.07660033576261	0.21537971426008776	0.0016269765120321689	0.008166555175732487	98.69822641828952	0.0
1.140695656178618	0.22578733614238652	0.0011121832222343577	0.0037596313651789793	98.62864519309159	0.0
0.673799117548535	0.16183063766384065	0.0013299807275223914	0.011159994290021458	99.15188026977007	0.0
1.5160045011301762	0.16196041256715477	0.0008887153366062152	0.011381447042484422	98.30976492392357	0.0
0.7349934366767762	0.29148379932675816	0.001340016747877749	0.005745716503295612	98.9664370307453	0.0
1.7594135093322127	0.25589213665513555	0.0005560524500363288	0.010093543448778653	97.97404475811385	0.0
6.262435443088575	1.7738083676377556	0.001292305251070238	0.031175120157176512	91.93128876386544	0.0
18.426834293805612	0.9232819797692877	0.001277928212009254	0.021096652703208884	80.62750914550989	0.0
7.069330710969409	0.5334797545748681	0.001159900339891143	0.018804758990497446	92.37722487512534	0.0
41.46531309851736	4.280850002214471	0.001487148531811464	0.07382926449296705	54.178520486243386	0.0
8.53849148569335	0.4738854213726801	0.00044304817766637405	0.012416714700750626	90.97476333005557	0.0
2.448233921958208	1.1572274665602988	0.0007707315986002716	0.022009725082003433	96.3717581548009	0.0
20.034512519019938	2.149115458307172	0.002662052778900823	0.03653885419395706	77.77717111570004	0.0
47.205001682613165	4.463270219501438	0.010583654210236675	0.048963932646751626	48.272180511028395	0.0
16.369769956249318	5.958026992370762	0.005152101614440737	0.057225097571230954	77.60982585219425	0.0
31.277333432785564	2.0223367846351192	0.0009943992285889683	0.012426020116277739	66.68690936323446	0.0
43.658877888280244	1.6045930637857415	0.0019874397866855038	0.013240082140246738	54.72130152600708	0.0
58.0271227022506	16.331528749285788	0.009830162784802459	0.09258303658916141	25.53893534908964	1.0
30.35696319446892	2.330886532106952	0.0034547156302417066	0.04712241891871833	67.26157313887518	0.0
69.95658268112017	5.026009139191475	0.008683693164553441	0.05418166669360218	24.954542819830216	1.0
62.6225524964009	2.9499623877631063	0.004987017724455126	0.06212712794777386	34.360370970163764	1.0
71.01499185417313	4.6816499609697315	0.01430748304207877	0.23427479332013174	24.054775908494907	1.0
41.91366406260827	19.88557405628038	0.009289044648388714	0.388413856150224	37.803058980312734	1.0
17.10025918589678	5.091102836094209	0.002712184688283308	0.15054985500294416	77.65537593831779	0.0
1.789790856029547	0.20970800257138691	0.0003749972061258671	0.031003702021327083	97.96912244217162	0.0
2.893746072288025	0.15541847334913278	0.00036198358985903636	0.01194330229135694	96.93853016848163	0.0
3.1245343396123095	0.11592103661530077	0.00032396960253012254	0.010993723254702414	96.74822693091515	0.0
12.489744013465408	0.08634863961096158	0.00015915917450899303	0.005498819035230888	87.41824936871389	0.0
0.7513876434076424	0.04287367335232158	0.00035273769482430085	0.004071406721014147	99.2013145388242	0.0
6.5514559522762	0.0657291635303906	0.0002738825491271364	0.0069057364491762	93.37563526519511	0.0
60.54049509981405	1.6436919756955597	0.0019422617967848753	0.0521220674555582	37.76174859523804	1.0
21.428626192542957	1.0278848499699569	0.0016541929534345454	0.042077194160016075	77.49975757037365	0.0
13.38617453521673	0.6572300644389615	0.0028677427113610117	0.0983341230716832	85.85539353456126	0.0
0.3825235326457774	0.03889803542609756	0.0007277930686511582	0.01852004345288108	99.5593305954066	0.0
64.49896346820371	0.7620109533609631	0.0030243897984213956	0.15512009298054558	34.58088109565637	1.0
78.88907570486856	3.635230219735277	0.005245853026987699	0.5546143942349846	16.91583382813419	1.0
87.30309638523623	5.527464698586356	0.0035256673580202694	0.40474816110028355	6.761165087719094	1.0
87.64120524782192	4.238641408929251	0.0036322218622981137	0.36315584767288234	7.753365273713662	1.0
79.42087782447133	14.330239533297831	0.011591272003769415	1.020322967488479	5.216968402738567	1.0
73.25251629980795	18.910170426672053	0.05988747879331832	0.6511337983931186	7.126291996333575	1.0
62.285017833420284	27.270882672273007	0.06793535095510927	1.4242945352664949	8.951869608085092	1.0
37.11843219188174	44.4791856492046	0.0576302748772135	2.640818701870794	15.703933182165647	2.0
36.94762691014778	31.692471423872163	0.1543549646013308	6.187379355025617	25.018167346353103	1.0
26.20625310183349	65.6782426788055	0.10669539440077117	1.4746373798579742	6.534171445102288	2.0
38.78530735747584	23.425091403671324	0.07403192752964374	5.034393078707496	32.681176232615705	1.0
4.834097019817099	92.30120975135232	0.20188857340058194	0.2761208235059323	2.3866838319240737	2.0
0.12683459879230347	0.1543411967474645	0.0021687681469251567	0.0068644153256833445	99.70979102098761	0.0
3.1517533298883946	0.3334877349256922	0.001239247431043497	0.060074738718987435	96.45344494903588	0.0
75.7854481715579	3.040878852023661	0.011693249541919817	0.14218132256460628	21.01979840431192	1.0
11.036290511200834	0.7513098400860252	0.005848347410143834	0.06333616120013774	88.14321514010285	0.0
77.92489897562902	15.795954816878025	0.006219627302174351	0.3359376898056409	5.936988890385131	1.0
63.73524924966208	32.88476469331747	0.012545998780603524	0.6536446720349062	2.7137953862049278	1.0
53.31111876345508	41.64775278829535	0.02822058269726327	0.13646400624299873	4.876443859309311	1.0
54.46598754519763	32.86647169134282	0.03207362987798629	0.6463797563123438	11.989087377269232	1.0
40.51523774094877	58.30879128892777	0.04840499516751294	0.09409997878022999	1.0334659961757147	2.0
3.9983684687270626	95.19924131496136	0.02140503263289374	0.008977488008777674	0.7720076956699253	2.0
0.824975493514932	98.8827452454455	0.03470453377339043	0.0024285989070424356	0.2551461283591411	2.0
0.9274878807331357	98.70391107899697	0.19836427749757696	0.005397953721338287	0.16483880905099504	2.0
0.11482351364155526	99.5183429807834	0.2166829396028358	0.00043774745059922687	0.14971281852158858	2.0
0.11115348582876103	99.66695943438181	0.1380245831972803	0.00048717257128264913	0.08337532402085704	2.0
0.14388976035404102	99.4295638405567	0.38272525157425197	0.00038870373118852196	0.04343244378383432	2.0
0.06922136084580084	99.62075553251223	0.19799883298975543	0.0004596941562253556	0.11156457949596961	2.0
0.15321221438065188	99.01762129432218	0.7209169865852082	0.0008087130007165826	0.10744079171125123	2.0
0.31726808232710196	95.75077112643204	3.6951946169321612	0.0012105284957861875	0.2355556458129045	2.0
0.15045911464113212	99.06257246549696	0.6538205526502671	0.0005126948414230264	0.1326351723702155	2.0
0.20557462096820867	95.16212290938239	4.40929498311395	0.0014367944230335868	0.22157069211242536	2.0
0.20239361996546387	96.56412029977311	2.990373412838461	0.0010886024618223893	0.242024064961163	2.0
0.028969367676720807	65.60645629937635	34.21209188035715	0.00041841607895625745	0.1520640365108175	2.0
0.18881190170093656	91.46227036684137	8.210599321174522	0.0029451140211517323	0.13537329626201072	2.0
0.36836325249421825	85.50497738502432	13.665713468063256	0.005915349162250096	0.45503054525598213	2.0
0.5046347556241113	77.39658372834187	20.685344936544563	0.003829687309776456	1.4096068921796945	2.0
2.678587802835413	94.71305400014893	0.9404032514468207	0.007922228541779342	1.6600327170270643	2.0
0.23264631500344393	94.73869504498607	4.333775505153695	0.003727364278779405	0.6911557705780295	2.0
0.20971316776963658	91.42429216443792	7.98084070753495	0.0018877330090505044	0.383266227248446	2.0
0.11509916522303543	72.70603795953848	26.98534417752654	0.0021732678124467735	0.1913454298995111	2.0
0.17470483707533896	76.21037376395383	23.35893683974032	0.003944493740875921	0.25204006548964386	2.0
0.03744782940966694	79.58277475052013	20.226499097619772	0.0009257565945279621	0.15235256585590398	2.0
0.037105445028507385	27.141568115696707	72.73878986861801	0.0008974561872024034	0.08163911446956185	3.0
0.06351639815255172	57.79212337776727	41.91780931004335	0.0013327167119275424	0.2252181973248982	2.0
0.03541671245103521	38.1980577013325	61.65524624549094	0.001115461067283777	0.11016387965822494	3.0
0.03980644129664688	32.24796495773872	67.59027065904246	0.00156411274814285	0.12039382917402716	3.0
0.054639110366959225	42.29446803692527	57.527879180361495	0.0017234153700568069	0.12129025697622253	3.0
0.004631166619098402	4.296909175051648	95.66283876258014	0.0005453545220694508	0.035075541227049235	3.0
0.014784795413371856	23.223780858692948	76.7043157352491	0.0013516277686988184	0.05576698287587197	3.0
0.011211658697689244	11.201273260517954	88.7251568784333	0.0014479033035895747	0.06091029904747465	3.0
0.02174676846460049	13.405187956128628	86.3940866467925	0.001471885884392328	0.1775067427298936	3.0
0.022503484316864823	20.855953077085314	79.04386239250594	0.002869681748863142	0.07481136434299866	3.0
0.004073798185514707	4.28231225249578	95.68004261243408	0.0004966546370971231	0.03307468224754228	3.0
0.06114178861829868	49.70873812522434	50.00613036537683	0.0027662750915182117	0.2212234456890092	3.0
0.03637191396420236	22.58733038157384	77.16039664604389	0.006421466595593988	0.20947959182246395	3.0
0.03886440757286303	10.792158066879836	88.93929259150462	0.012440644027952382	0.217244290014733	3.0
0.019656639793918112	7.870839051501405	91.94361664622164	0.017969951921741358	0.14791771056129824	3.0
0.023326313336819306	6.767867403825021	93.02115458812011	0.04354164438964411	0.1441100503283981	3.0
1.0473125768703275	1.0299028600467426	0.04321387635951506	0.18388674148412215	97.6956839452393	0.0
1.8079928274127732	0.2515297615881434	0.005199045369745834	0.02401784835022668	97.9112605172791	0.0
45.92639290010774	1.3835955717617485	0.010301597213512814	0.09484269732219637	52.5848672335948	0.0
55.82285313043164	5.652676242347362	0.010322860026680475	0.07588068118149029	38.43826708601282	1.0
45.29228442642056	33.75673963883397	0.09139304387950091	0.37609587681359713	20.483487014052372	1.0
18.200828647751784	54.68089854792524	0.1753473224796796	0.25565787532601464	26.68726760651729	2.0
2.3421968790614716	86.32786975700618	0.13194977336593025	0.1922136360469109	11.005769954519486	2.0
11.875439863123463	45.39753696382076	0.025211716036377108	0.867868211521401	41.833943245497984	2.0
2.5391007441177593	89.07859835271739	0.07596244422179464	0.23265290386507972	8.073685555077963	2.0
8.213063457816894	85.10167004855491	0.20618165102837832	0.5160706718986569	5.963014170701145	2.0
4.0492805443054305	52.413808583340725	0.18756183523152287	0.24284006091780563	43.10650897620453	2.0
0.13355427672767903	0.18864845876956093	0.0013848091821959663	0.02411712700080653	99.65229532831977	0.0
32.08243614104161	1.3654133166210094	0.006411920365741421	0.04582447196653468	66.4999141500051	0.0
72.09842201945638	21.50647822732373	0.04945257824440366	0.04355016885628883	6.302097006119195	1.0
69.5204023009719	17.431838620996338	0.04873274025323054	0.06797187551551002	12.931054462263027	1.0
1.6988839001542573	95.4176519721757	0.1089573594546513	0.009642094370985886	2.7648646738443987	2.0
3.3269222232855085	95.22727163768631	0.09359045641206852	0.02589529224227795	1.326320390373819	2.0
0.799688669190947	97.39133452981825	0.18384483876904703	0.006940228148214355	1.6181917340735492	2.0
0.7769466518319095	97.62623588627109	0.47339925816694384	0.01907737405872366	1.1043408296713368	2.0
1.166893061895002	97.88866161080799	0.25804122704215865	0.027722893349017726	0.658681206905821	2.0
1.9548821937898708	55.55825180353817	2.4422933444013313	0.030159546333136313	40.01441311193748	2.0
52.725812105747735	8.575607800541933	0.08238123874330823	0.11697570135654663	38.499223153610465	1.0
2.2416713378758244	0.6052509018194371	0.01230020985520395	0.003666079101791628	97.13711147134775	0.0
64.73690330690219	22.235876780455975	0.06652478880929912	0.06491252865276989	12.895782595179774	1.0
57.789575920822536	34.467811498232756	0.06876776291770997	0.2451589719293769	7.4286858460976175	1.0
17.741644699701904	79.8354408515684	0.09575713128327552	0.03457603655123524	2.2925812808951704	2.0
3.306616617631931	94.92839161502864	0.0940109801554491	0.03441307162210752	1.6365677155618819	2.0
0.7318092646871734	98.78349246794397	0.04197020547324336	0.013555603422647214	0.42917245847296076	2.0
0.7189753544924175	98.7274706524996	0.08656862588502963	0.004884525239576127	0.462100841883386	2.0
2.945025782901279	96.1821080044084	0.15015330686315698	0.007243367132375994	0.7154695386947921	2.0
0.7277745557329788	98.90943408634246	0.09747066358573271	0.007895998614162396	0.25742469572467974	2.0
0.7086427112369377	98.43432957929679	0.3365640252082176	0.007155360118451543	0.5133083241395987	2.0
2.9770675976115135	95.19278430014178	0.4606842087990147	0.01733024435460542	1.3521336490930753	2.0
0.7536371555702952	97.85517977016627	0.567593624714693	0.0125159185032363	0.8110735310455145	2.0
3.506762503835698	95.55884156580517	0.43092259015164586	0.016025089298257602	0.48744825090922567	2.0
0.7110850058338559	96.240639607134	2.5210894061969085	0.016336284787225944	0.5108496960479773	2.0
0.8927909043634006	91.76314521002541	6.7349032936929465	0.030259111673331746	0.5789014802449002	2.0
1.7586831763770425	91.50398402071612	3.823497320817129	0.04336417710025789	2.8704713049894908	2.0
9.940837407159691	75.5031170541759	5.415742855933228	0.0511986513214649	9.08910403140971	2.0
11.108210301400229	85.82584491908737	0.8358071988230643	0.02632066252029235	2.2038169181690166	2.0
0.6797087345021499	95.5172916184925	3.5220154163362007	0.006326281363904592	0.2746579493052577	2.0
0.25159843911416724	82.51004967996649	16.92684329077602	0.006418220100714933	0.30509037004263106	2.0
0.20000311924255634	81.95873487360905	17.549444642590707	0.005648815828333323	0.28616854872934677	2.0
0.08581893909308398	83.55043713505904	16.018163449436646	0.0045997323591462054	0.3409807440520845	2.0
0.12311620271120262	53.752861221959506	45.6350225183535	0.0056288082823242784	0.483371248693485	2.0
0.046516325183968005	60.306878047864956	39.329388400378626	0.0021617414139158526	0.31505548515855014	2.0
0.13243393895201455	65.18006571657274	34.4649345235508	0.004089790727225318	0.21847603019721726	2.0
0.04679574191637348	51.41926845641335	48.43119217159202	0.001800100540044171	0.10094352953821367	2.0
0.025855386364714773	59.274603550899826	40.63520251087752	0.0016865791826506053	0.0626519726752862	2.0
0.0251456137968114	24.07519651147983	75.81780975028747	0.002071152274254835	0.07977697216161973	3.0
0.010055798901040688	2.9760509238490207	96.9766591031009	0.0005777475052397757	0.036656426643809754	3.0
0.01576368555213578	8.372967757663545	91.56214817040353	0.0017642015204029863	0.0473561848603855	3.0
0.06787088403918726	28.75744231958961	71.06288152430164	0.005358956398727215	0.10644631567082469	3.0
0.007244933477017666	5.362163286263061	94.60007496221537	0.0009471705664351713	0.029569647478122765	3.0
0.0036102659766740334	2.4651054326238606	97.52172579472793	0.001147963939296087	0.008410542732243629	3.0
0.03469790846651572	17.91681297713663	81.97614655312357	0.0038636536964990436	0.0684789075767728	3.0
0.020661359178329095	12.76650327376185	87.16492776569945	0.002692984264423839	0.045214617095938985	3.0
0.00791309099159924	3.5522534637403846	96.40691707043032	0.002204910345092002	0.030711464492582476	3.0
0.00872353269198015	4.032690728724603	95.94614034078405	0.0023764246036784243	0.010068973195671418	3.0
0.004313271752734408	2.825872785323066	97.15815027309914	0.0015618864739985986	0.010101783351061806	3.0
0.01056719155854751	14.826484887880778	85.09272120986633	0.006501542639549575	0.0637251680547794	3.0
0.0072527848924943345	2.3460510111625523	97.63199098575255	0.002202391770864234	0.012502826421567597	3.0
0.003950324649064511	1.4478992761062988	98.5261777043996	0.0015944133970969459	0.020378281447922537	3.0
0.012666870306743305	5.885174709013438	94.04637211386223	0.008527246410208801	0.04725906040736628	3.0
0.01446279203655274	3.112782874664657	96.72807847087711	0.00795725717968812	0.13671860524199195	3.0
0.023240397999379964	4.046657656838271	95.7857405965051	0.012082728637883497	0.1322786200193602	3.0
2.206371496102202	12.581871620135262	1.6370331341356066	0.06216838914027675	83.51255536048666	0.0
24.127312673735187	15.605165712293322	0.24620524288037504	0.132096739202326	59.88921963188879	0.0
16.3652368493654	73.61675496447126	0.35275484973885524	0.051775681809494094	9.613477654614975	2.0
27.523974587460764	10.445700847164325	0.11426085788942723	0.019746023615486337	61.896317683869995	0.0
4.865163439639952	76.21033733785657	0.5000227584617756	0.02304965198295612	18.401426812058734	2.0
46.429012174579135	35.925005423025766	0.10595435869221366	0.024329849012789638	17.515698194690106	1.0
4.98030318827435	89.42504790466765	0.21743865497008408	0.011682569287989192	5.365527682799922	2.0
1.3909924584107531	97.791622666592	0.20038634983346207	0.011003622998397099	0.605994902165386	2.0
0.9760635599111231	95.45940172210511	2.347007758424674	0.029467982886203826	1.188058976672892	2.0
1.7293196198704526	96.37662471799786	0.7775103406793591	0.4277832010285003	0.6887621204238371	2.0
2.9403084932798635	94.74737991318143	0.39532876134051304	1.2579030616876716	0.6590797705105308	2.0
5.296295353116425	77.53525935791446	0.2469384783316215	16.466985992966567	0.4545208176709321	2.0
5.970054292931012	73.2897175266955	0.27245094102641043	19.921600724055647	0.5461765152914267	2.0
15.91113706590875	56.739156650851385	0.0891326721648891	26.1912960675585	1.0692775435164865	2.0
10.330984499031963	48.64034234640283	0.20846774338512158	39.71915270058314	1.1010527105969472	2.0
5.9146033740747885	31.40098801788885	0.03227447605528773	61.93360168479533	0.7185324471857547	4.0
9.355774918411877	26.17395044802168	0.09562226351756743	62.64972527736635	1.724927092682529	4.0
4.012243154984346	15.195358137553306	0.05103916824239747	79.58160403683142	1.1597555023885282	4.0
11.192152265198995	18.27297778254073	0.023180345731482685	69.68740467964977	0.8242849268790206	4.0
12.585036451378503	7.131265717977551	0.013461758844098755	78.84023917559249	1.4299968962073493	4.0
1.228207769096731	2.783900658930454	0.003931539259858349	95.90318302887587	0.08077700383706991	4.0
0.4241192625693013	0.7031887447544283	0.003000857105888396	98.7523749367395	0.11731619883089749	4.0
0.47392866612343254	0.8261543376304581	0.0022159974708500594	98.62589437796593	0.07180662080931695	4.0
0.870473391994502	1.2114832738048653	0.010017678742200036	97.76281025035351	0.14521540510491268	4.0
0.23154726276079582	0.7843856910692769	0.010786574854311929	98.93118291095166	0.04209756036395316	4.0
0.8554999755409625	1.5882835008906167	0.0027294828438720145	97.41006668510975	0.14342035561480035	4.0
0.23241224881198003	1.3222002215929007	0.0030974765057661035	98.3964747278862	0.045815325203145435	4.0
0.10061042528696632	0.4084312611101417	0.0031126305763210745	99.46091243826149	0.02693324476508424	4.0
0.5328686987935334	0.9624156692134088	0.00561236371201688	98.31058182603527	0.18852144224577627	4.0
0.5963952359413173	0.8270080789612704	0.0015590540720702342	98.37502956558578	0.20000806543956093	4.0
1.118095695564765	1.2563607365509304	0.0018805335281728897	97.4592631730454	0.16439986131071824	4.0
0.6195985617005365	1.8243604822882606	0.004826489397151842	97.44498436029426	0.10623010631978884	4.0
0.6829532518478966	1.3605855310048451	0.0028116493361466507	97.7627332160899	0.19091635172121388	4.0
0.24358887224744796	0.3040189048002391	0.002530810228868294	99.22330749604976	0.22655391667367836	4.0
0.769224216586111	0.24874760227440376	0.0005546721948099467	98.82073151405928	0.1607419948854029	4.0
0.4616077831231823	0.4192513433477915	0.0019359291728590516	99.02188438598343	0.09532055837272822	4.0
3.8214356579509836	0.803343060901501	0.003058391608623693	91.4767167734148	3.895446116124104	4.0
0.9765419181310162	0.13387593647581314	0.0002333978383402485	98.75216662646777	0.13718212108707828	4.0
0.16508214315669487	0.18481529520748102	0.0007372909437904894	99.59794842823972	0.05141684245232476	4.0
0.2535823061020113	0.25650479874557314	0.0019815716890149546	99.37347905082818	0.11445227263522557	4.0
0.1829026408000683	0.09917345364594578	0.0009466178889366582	99.63891497085392	0.078062316811125	4.0
0.3460923789704863	0.32650307854945604	0.0019465210101934905	99.15508519211161	0.17037282935826875	4.0
0.05539373651115514	0.09421104154339399	0.0008689201917018433	99.8057740125158	0.04375228923794721	4.0
0.48669623460766387	0.17827220279612757	0.0008614012062070958	99.09201101467944	0.24215914671056474	4.0
0.13040975717772937	0.12147243711666302	0.0006709092365663242	99.70227099572955	0.04517590073950994	4.0
0.09525369081591203	0.11322109974046835	0.00054615963222788	99.74342475854394	0.04755429126744518	4.0
2.023967444674278	0.4077194239174438	0.0016134932240726358	80.53695036372018	17.029749274464027	4.0
1.6859529724447133	0.7650647442109637	0.0025282589160618998	96.96486261910572	0.58159140532254	4.0
2.547464388211867	1.3386703886892282	0.003340448704175148	95.81184343204282	0.2986813423518999	4.0
1.3366947469312644	0.7109146323783245	0.003044844403687445	97.77469007754287	0.17465569874385922	4.0
1.270289935593503	0.258932019594932	0.0012432301236867964	97.41555923808271	1.053975576605172	4.0
1.4178955412309235	2.1343198777426267	0.0045619366358191455	96.24464848399967	0.1985741603909521	4.0
3.2908673353258004	16.951187322734455	0.07203906277066534	78.78454167376493	0.901364605404136	4.0
4.329918956945906	20.375638072159408	0.020027686139102094	74.76212998027943	0.5122853044761588	4.0
0.4329965483755989	85.50843537008838	0.18180014199908548	13.647246400094387	0.22952153944256928	2.0
1.1694478855416943	68.6220852584902	0.060713657792155686	29.728215314982336	0.4195378831936071	2.0
3.9562738386415894	21.894386641339956	0.09725314179088004	61.63861427738264	12.413472100844926	4.0
37.08638771917809	10.86351522717561	0.013481075325940525	7.075677841661454	44.9609381366589	0.0
71.34423999925477	17.440631056960687	0.021265277339176384	7.08896509237342	4.1048985740719415	1.0
4.404583787164533	94.0046491538062	0.09212587005182281	0.6441110203989817	0.8545301685784792	2.0
18.443598636439443	79.42271366186631	0.058735810605759074	0.6275673052895001	1.4473845857990104	2.0
8.83020055618938	88.34235922178317	0.023744446377901348	2.077331620649079	0.7263641550004568	2.0
2.4192346944283325	97.04477391228023	0.03287630243503572	0.18297652784129545	0.32013856301509624	2.0
12.834614502343234	11.073149918040741	0.022261498794635064	0.4882182702953184	75.58175581052608	0.0
55.91166476269085	40.23961794860713	0.0458150020844459	0.4120802500503991	3.390822036567164	1.0
10.628720784462395	87.61263379334329	0.0817238004400137	0.10407513282942539	1.5728464889248825	2.0
30.54092547469105	68.48811588367116	0.05187268370261616	0.09573168046811828	0.8233542774670564	2.0
16.805439013165124	80.47753083992959	0.0190328978994807	0.11939392274733951	2.5786033262584684	2.0
55.8531109695503	34.931127370360905	0.013359449072318633	0.20814584197901906	8.994256369037462	1.0
9.851071458655278	89.28802902381437	0.047067537140824546	0.027247095328626056	0.7865848850609011	2.0
3.883094557738625	95.56759494139538	0.22310834253983866	0.012456988835872105	0.3137451694902699	2.0
4.19822762543168	95.6458858977546	0.02445344349659386	0.009693906909676912	0.12173912640747414	2.0
2.129994908062277	96.94632394877827	0.03762273711397472	0.027307032807457325	0.858751373238016	2.0
1.0666783802411253	98.26188943743436	0.18562045533524058	0.0187039237061246	0.4671078032831301	2.0
0.7422162770910082	98.66448000194023	0.2593076310395483	0.011220077454200925	0.3227760124750126	2.0
2.24033332304259	97.24538022233904	0.10108281722549174	0.013658416869528659	0.3995452205233588	2.0
3.8506315057946363	89.35141576506237	0.030930155218488603	0.02490636516294826	6.742116208761565	2.0
2.031608495658686	97.67984499094129	0.018141763025323217	0.007540144982522601	0.26286460539219547	2.0
2.8127765709094787	95.13065946863925	0.23131270579713545	0.013577999415707856	1.8116732552384163	2.0
1.4264364217088616	92.57737129140797	0.04904446540716473	0.005752439504400627	5.941395381971585	2.0
9.633389458394234	87.86895014350861	0.1435726815853419	0.019116613622837474	2.334971102888979	2.0
3.5385039438537174	95.68818802724827	0.07758786845913622	0.007089348863459877	0.6886308115754111	2.0
2.766238299594459	95.08851056671728	0.09505359438906151	0.011749956121190258	2.038447583178011	2.0
5.08674121029755	26.994328287649733	0.0855887411671868	0.016462810847306667	67.81687895003822	0.0
5.8374866071029246	34.38826575718618	0.11886517648107328	0.015397160227265902	59.639985299002554	0.0
1.565557932038547	93.91604338880526	0.055333585168542386	0.00465719439314686	4.458407899594505	2.0
4.276556083776199	90.43277132562069	0.12688329313434746	0.018611196387998748	5.1451781010807585	2.0
16.16968771482879	82.06393792100586	0.09715989469162208	0.008732987008792086	1.6604814824649403	2.0
0.6497553190224066	98.65793166034081	0.30362171338518995	0.003328299278016077	0.38536300797357836	2.0
2.4885481658992523	95.76579926330815	0.3928324305246848	0.005665357973883171	1.3471547822940153	2.0
24.6574160890935	68.4845167130423	0.09313455927775668	0.01066896319081449	6.75426367539563	2.0
0.28200579634694184	98.29229785102719	0.036961886152348335	0.001795971472621666	1.3869384950008967	2.0
1.8036168616962458	93.77628117032708	0.31308250998460824	0.004475598132239813	4.102543859859817	2.0
0.40986042843054055	99.10571837862709	0.13083942453201355	0.00126208637452019	0.3523196820358191	2.0
0.3081380563495272	98.89058039293826	0.18053221847503614	0.0014602191527101481	0.6192891130844687	2.0
23.621774015509686	40.16931841326076	0.057271289887718284	0.009252619243096153	36.14238366209872	2.0
1.1126050140692034	98.46590738268264	0.03159676061152266	0.002121425504150094	0.3877694171325047	2.0
0.5467559201526311	98.67714592441797	0.09350601469840368	0.0015801947130437526	0.6810119460179384	2.0
0.2283108502957891	99.14748932964996	0.3016445036846633	0.0010153191409089431	0.32153999722866916	2.0
0.21442456379099178	97.27681880952356	2.1192069068455104	0.0034795808567465833	0.38607013898318626	2.0
1.067719181226685	95.53209316955437	1.6640734110592519	0.002997567077703139	1.733116671081995	2.0
7.840823624522486	91.02687771770302	0.10619086200822662	0.010906532105964099	1.0152012636603063	2.0
0.6723299377488132	98.74459413752822	0.17120909346794877	0.0026189227119287495	0.4092479085430717	2.0
1.7418143341740244	97.84922506831113	0.12436959204005368	0.0027093418569874637	0.28188166361780953	2.0
1.2461826274933425	98.03177169619921	0.4286085594982612	0.0027017118263275262	0.29073540498285233	2.0
0.6313160505799802	97.64602995113809	1.3523813577021948	0.0032088709567567636	0.3670637696229762	2.0
0.5123861344992685	97.0109224913284	1.9730673233651554	0.002717757039964745	0.5009062937672121	2.0
0.27167163985420495	93.33260290768098	5.918876339730156	0.0014169106481148924	0.47543220208652315	2.0
0.3917134780206618	92.48029045342746	5.565102937691332	0.003689928980087045	1.559203201880466	2.0
0.2931088283253458	67.98481683093823	30.85940646868064	0.0016606412644709911	0.8610072307913299	2.0
0.24335458833060153	80.26084217914516	18.516916170161267	0.0025312473681360814	0.9763558149948389	2.0
0.31296840275888316	80.9385989699613	17.736063790952045	0.002410950547243713	1.009957885780527	2.0
0.11679863382452078	47.36695287350946	52.26937703376219	0.0007097368724421026	0.2461617220313792	3.0
0.16826475990149567	48.97673710402701	50.33069131780078	0.0010152217023341932	0.5232915965683834	3.0
0.16302893628626622	33.809232976351765	65.68952024826659	0.0010822814477125487	0.33713555764766273	3.0
0.1645413135322443	50.87314757903664	48.57391984123163	0.0018819805804736111	0.386509285619007	2.0
0.08368312207484904	6.6150323170020915	93.19879717996396	0.000671132558279016	0.10181624840080225	3.0
0.045698738652491064	5.358299874264149	94.30504733283456	0.0009947725917179365	0.2899592816570849	3.0
0.029792141725610642	2.429233134715843	97.41235529941041	0.0004298751033610475	0.12818954904478622	3.0
0.03618421401272219	6.687164373834562	92.91347683399725	0.0009564722711750959	0.3622181058842736	3.0
0.06032371448624979	15.020015234967751	84.34768753610888	0.0019523704484186776	0.570021143988679	3.0
0.9039008599875099	13.885324638833707	82.61353344390362	0.005872952424013245	2.5913681048511434	3.0
0.9362352137258008	87.41916149838366	9.882041323858378	0.012472117203178628	1.750089846828988	2.0
2.3087681394067117	50.3935186542337	42.274088831214016	0.025498344326804007	4.998126030818777	2.0
3.9162692270378647	88.7871665537043	1.862862215259986	0.10131704456912284	5.33238495942873	2.0
0.20880282941646175	72.1552678637707	27.086630441482612	0.006828191010586119	0.542470674319617	2.0
0.3730934362712823	72.11450598893921	27.19877130113731	0.0078119862995140186	0.30581728735267	2.0
0.9086419936420497	56.049898095089354	41.93286205349545	0.006550289394064997	1.102047568379078	2.0
10.63777508655473	28.32495325565762	9.134593375145101	0.07616669957581002	51.82651158306674	0.0
13.947054682721413	26.69331601338084	0.7508786479559044	0.11616956595242493	58.4925810899894	0.0
24.394202602772438	21.067252433500858	0.10699640908939695	0.07515392621067422	54.35639462842663	0.0
5.696751116762487	80.91921308751954	2.002395112175205	0.026754265879271325	11.354886417663506	2.0
24.25517094009367	49.31584345902627	0.075950389212591	0.039250340543025834	26.313784871124447	2.0
36.43946346670367	59.09953653807779	0.17763598138079384	0.0775208356667767	4.205843178170973	2.0
23.946789373870022	35.03477551684519	0.10096671253597905	0.05722470520327996	40.86024369154551	0.0
14.435711910970713	81.2373488350983	0.13865046903420217	0.009059982880971224	4.179228802015825	2.0
10.489856096752174	81.26824887397791	0.13876282511323237	0.008477940182116636	8.094654263974554	2.0
2.681549397102142	96.02221063048732	0.3703348409696383	0.003131812479890984	0.9227733189609955	2.0
7.570609548556116	91.88795396809587	0.09475325629097585	0.012278727528781478	0.43440449952825544	2.0
1.0075400124036178	98.36284653384857	0.33816951499075854	0.004979007997177708	0.28646493075988905	2.0
0.9425597815292376	95.63152612852812	2.66607738724261	0.011298501244806948	0.7485382014552241	2.0
1.0141060629129073	98.76666718965198	0.05855332923495554	0.013528636793105642	0.1471447814070631	2.0
0.3774549685128141	98.06650038927592	0.8746229880187673	0.0036007459533985587	0.6778209082391112	2.0
1.1502628308783538	95.14728915805021	2.9353006875550456	0.00743946695570606	0.759707856560692	2.0
0.7992695880253257	93.25952766705421	5.06115698368134	0.005169257184914394	0.874876504054204	2.0
1.8699965814536021	91.77305156933242	1.3580255990940628	0.0046247378339020866	4.994301512286016	2.0
1.1050302434062342	93.62170131492898	4.02560374552842	0.004293863528916224	1.2433708326074608	2.0
0.7021619412455155	91.61783979331906	5.987339408717208	0.0014890806979761066	1.6911697760202526	2.0
1.566916181445023	87.20173881279901	8.900939337701624	0.0029705590108861793	2.3274351090434697	2.0
1.415157564137034	70.56973320241323	22.444140074244938	0.00196960791405441	5.56899955129074	2.0
1.288324460275025	90.07786069082299	5.918692736213601	0.0016292657340171463	2.713492846954366	2.0
1.1887922012930188	78.96592182595833	15.984035069588415	0.0013582713807675489	3.8598926317794784	2.0
1.847209645404947	83.30067560507709	10.364361928172848	0.0017667453024355758	4.48598607604268	2.0
0.6799852522324574	75.41188791838765	18.315258665431205	0.001275995631123455	5.5915921683175664	2.0
2.5646699630441088	78.54289614304791	15.874871528275467	0.0013909034265924098	3.016171462205912	2.0
0.46150841031957984	53.189844910233575	45.01922131449234	0.0011648421108736316	1.3282605228436406	2.0
0.27488491208649163	54.564066830366784	43.99221324848636	0.0017455918313431934	1.1670894172290176	2.0
0.5900218125690676	58.66117831549996	39.17847050192401	0.004334613836377139	1.5659947561705811	2.0
0.35031225270126304	47.572993013222195	50.16991555713434	0.005391605248917066	1.9013875716932698	3.0
0.21883212762280935	13.982283943842194	85.34954229933032	0.001881943527632682	0.44745968567703837	3.0
0.054273283227932484	13.386425561847279	86.20318113176508	0.0021790720319735447	0.3539409511277419	3.0
0.13064097776533434	37.10463260359405	62.06772974673841	0.004097078414092435	0.6928995934881136	3.0
0.07974630427046729	11.834439143819512	87.08190072937599	0.005338350725499096	0.998575471808558	3.0
3.747454950351471	57.452432924585636	21.458119166821202	0.04524747963180137	17.296745478609886	2.0
5.003724192674956	71.48012213005664	2.293648122160088	0.024876448648797546	21.197629106459512	2.0
3.983347124601893	65.90973045487968	9.967337916244801	0.0172331113717853	20.122351392901844	2.0
0.4114592117468588	0.1314544708309494	0.007064103142411095	0.0024278502377059687	99.44759436404208	0.0
54.26839720536041	8.162055492967541	0.038284197963736895	0.05127052258174614	37.47999258112659	1.0
76.72193196505906	17.635034089236843	0.054035500299421294	0.07938095769553775	5.509617487709159	1.0
18.36680699371385	66.46310728232598	0.21004862228865273	0.03118948617324159	14.928847615498267	2.0
9.88254387328727	72.30101403751567	0.3150551574696846	0.05571813232554941	17.445668799401822	2.0
22.736621506472083	22.615536283633272	0.06780558718291567	0.1001052393234809	54.47993138338825	0.0
36.95182735232559	37.181403731936854	0.26507601244253975	0.09953019338249298	25.50216270991252	2.0
15.326840348969837	82.65688199617176	0.13142445971703828	0.02036001740702961	1.8644931777343117	2.0
18.83575585682869	72.26637556566605	0.27397487654451447	0.025280181838171295	8.598613519122582	2.0
6.589291831648351	89.90362063782536	1.1132530610003273	0.014695075193790055	2.37913939433219	2.0
12.085504636865938	74.17031154768708	0.07708845190371462	0.02109434654911332	13.646001016994155	2.0
4.7755340423333115	93.96014242776283	0.5269024707202882	0.008388244114730268	0.7290328150688293	2.0
1.052715365623586	97.09871616940238	0.9733665507357124	0.009322975907786054	0.8658789383305311	2.0
4.90085250395093	90.95734638930134	0.21087675395458144	0.008410590720754722	3.9225137620723785	2.0
