N1	N2	N3	R	W	anotaciones
15.507606272413948	6.629838742582747	0.024277834556539014	0.28930036656768965	77.54897678387907	0.0
9.46123800715417	0.6734392263439117	0.003995586378631708	0.3830813711122331	89.47824580901104	0.0
22.82616689012706	15.60314979359333	0.006882745244891626	0.3613888824469868	61.202411688587745	0.0
40.83641064018211	5.714248511270666	0.004551195889029633	0.365216729783334	53.07957292287486	0.0
33.46319423024997	5.9264460911887475	0.008930405723950114	9.107377157180007	51.49405211565732	0.0
21.546972208888235	2.4057995159114687	0.0017507628634497948	17.193732997475163	58.85174451486168	0.0
20.544333964817316	19.241925350434247	0.017392550794360938	29.05164353891565	31.144704595038426	0.0
18.3887168108499	5.3083463109335085	0.007014994604816885	33.24662998109609	43.04929190251568	0.0
12.743241537480978	2.687089143936552	0.005989227865914168	27.313077743418994	57.250602347297566	0.0
17.081223236001954	9.213813185543263	0.03096914230408245	29.018018097573943	44.65597633857675	0.0
24.703937967995646	8.86501918511879	0.018652312682250774	33.71449441457504	32.697896119628275	4.0
21.943525494477846	20.88803279265778	0.052426669853762486	24.72188416959689	32.39413087341372	0.0
41.334297852077825	11.87007216958785	0.014710637587862143	23.50548911466056	23.2754302260859	1.0
18.680416500559026	16.562533486373457	0.02579410362909193	37.32765082170817	27.403605087730256	4.0
28.045495476572473	10.867755689452284	0.009248201961454842	37.371000060957364	23.706500571056417	4.0
19.253605734446793	63.00783401038136	0.0821999146530836	6.496954441002933	11.15940589951583	2.0
17.287432318465367	7.095919829922831	0.01311789939549301	19.632036554933283	55.97149339728303	0.0
8.135028612798354	56.89854712785355	0.19504375540107716	23.644375504202042	11.12700499974497	2.0
32.72644890976287	8.874845666536922	0.02457946847503863	41.17246042248702	17.20166553273814	4.0
30.069678220875684	13.124146932080933	0.04974009155285541	49.187658343571925	7.568776411918597	4.0
33.86949508369999	13.998289679356226	0.07999431634134427	33.27422392386647	18.777996996735972	1.0
22.660660581835078	49.55296023627512	0.1937460015653536	16.566299448519455	11.026333731804975	2.0
41.4107659518642	18.638381236350593	0.025362354754528187	33.151950539091565	6.773539917939117	1.0
41.21607510190276	28.04019802136039	0.016240988403340734	15.360255344092682	15.367230544240822	1.0
26.6616753233692	27.252772191455925	0.021885684371528363	31.136106409462833	14.927560391340513	4.0
30.12697730561707	29.866463245722226	0.012921019547881829	22.757151118335123	17.23648731077771	1.0
26.704783907678358	54.29836031174597	0.06312173890267034	9.766922766304004	9.166811275369009	2.0
20.587717745689925	47.49215571346582	0.023816608564784052	14.439352066486554	17.45695786579291	2.0
30.211166160474278	52.9156314273034	0.024762049101390883	8.773419617813845	8.075020745307096	2.0
53.62234104727601	31.559129113200303	0.008588516985514206	5.187287415904709	9.622653906633458	1.0
24.335126179339383	38.66826737271268	0.040679100344479274	8.270309086267623	28.685618261335833	2.0
38.80565489811318	37.66642880978064	0.020332558183478823	10.216471542236556	13.291112191686144	1.0
26.78525359468202	42.71024568695789	0.017835260484935105	6.313111795575502	24.17355366229965	2.0
29.521710540551123	55.663418577052646	0.04507181043130413	8.217525209589088	6.552273862375832	2.0
51.713728980959495	19.073236522609818	0.0053147073086387015	11.9348230341137	17.272896755008354	1.0
37.718158942819485	37.10901113389667	0.006995202432705935	15.414664186898602	9.751170533952516	1.0
33.93689563874667	44.348336379610956	0.04031524006263808	9.748250382757785	11.926202358821937	2.0
31.001596472997218	38.30038452314165	0.011922860772167443	23.700647286219528	6.9854488568694295	2.0
25.696863842054235	59.3108663611156	0.011863139948424726	9.728779084710274	5.251627572171475	2.0
24.177344200633932	48.9269208752144	0.01623654109155081	17.927036445338633	8.952461937721488	2.0
49.427543130487926	19.75824503848877	0.007955031741291262	16.253280303654083	14.552976495627945	1.0
29.358576037388705	21.96646505532362	0.026226509169537605	41.4343673014489	7.214365096669247	4.0
23.54981960846517	47.910524811762535	0.028250519049009472	14.063867067895174	14.447537992828108	2.0
33.17873341455134	45.38040714481371	0.013548469202447847	10.171363050122492	11.255947921310003	2.0
32.60781945618398	36.657643922880006	0.0169958196664249	13.287471880200593	17.43006892106899	2.0
45.048638369713814	17.674896102599668	0.014877544978501552	16.55525446196963	20.7063335207384	1.0
47.653023003423364	17.79539668368794	0.008327936024049213	19.272117209669805	15.271135167194828	1.0
60.90630132710486	14.390826091375802	0.0070052790002696035	10.969556617373573	13.726310685145505	1.0
31.05354865999554	26.925943148060625	0.009632304592626928	7.715597234121062	34.295278653230156	0.0
44.51616455499604	39.4315478252923	0.03599417468459771	2.1895323101781057	13.826761134848962	1.0
27.718313191150674	51.700200650913374	0.016664293187757973	3.2170421991538225	17.347779665594377	2.0
36.408037708504494	42.569117900059524	0.08227278333470883	2.9620389114409704	17.9785326966603	2.0
32.38360204059866	38.02653716206038	0.04462225783792377	7.5691958057088335	21.97604273379422	2.0
48.64974483002082	9.397460193662052	0.023194946318282287	14.618869030351636	27.310730999647216	1.0
36.5682690994641	47.50527294695892	0.04345802682353398	6.629836704137802	9.253163222615644	2.0
20.111577596615255	56.27845944565891	0.05770476975058024	6.918774418721071	16.633483769254166	2.0
17.067498623362138	3.4759251745904205	0.005582978141997635	4.960358253405433	74.4906349705	0.0
12.125268699820904	20.06877878168754	0.01139890815107782	1.1050527292228216	66.68950088111765	0.0
33.376723567006934	44.06309836882903	0.054149899694890306	2.0044147791690783	20.501613385300065	2.0
39.658878130197394	22.447575503899795	0.021703329573775257	2.1787435922163625	35.69309944411268	1.0
29.858971728400096	53.892790106266055	0.03956500455613445	1.3577294205830803	14.85094374019464	2.0
34.18165828743332	24.199115072817644	0.04189594120757872	2.3237687673792866	39.25356193116217	0.0
45.76020637735907	20.04893639557909	0.017458688141009437	10.221695029880943	23.951703509039888	1.0
22.422641875985867	19.062119374890536	0.09305563399661529	1.6951427153681227	56.72704039975886	0.0
33.11401044704577	20.4111082947495	0.10657687532609553	4.557133279395884	41.81117110348276	0.0
36.05622490823129	25.041753208406348	0.11016250863600024	1.4604767343784786	37.331382640347876	0.0
22.295581433801683	12.679716512207786	0.061867170949811805	0.9357094059136045	64.02712547712711	0.0
40.43956752103097	32.51074708818003	0.20768502934990518	1.696000820726589	25.1459995407125	1.0
32.527818557740986	23.8660424476129	0.0750742706145443	1.318442425008675	42.212622299022875	0.0
25.89938425679571	18.874374162628023	0.11418206984999028	7.687698650640618	47.42436086008565	0.0
55.35015364909229	4.728530859531047	0.010648260020505385	4.496258540766343	35.41440869058982	1.0
35.354558516066994	9.654463286306138	0.03178136947226326	4.890998812923947	50.06819801523065	0.0
37.709372999429085	14.70135266291866	0.02611023336620343	2.9108436920011536	44.6523204122849	0.0
57.356865323748174	9.526653803427687	0.043109957358439636	2.5036964404731332	30.569674474992564	1.0
30.588443043885587	13.912205265666678	0.06111178782941235	2.964990640658729	52.473249261959594	0.0
6.406880515650075	10.182273821806612	0.8360187891183448	0.09632548238609412	82.47850139103888	0.0
17.037720050972748	3.8530029964669614	0.05312068857173208	0.3021954807029235	78.75396078328562	0.0
20.21611942682816	19.272439954367854	0.3482442425756303	0.34098062968905185	59.82221574653931	0.0
26.264493634902543	19.341897804072442	0.29862095962276847	0.40249522555844697	53.69249237584381	0.0
23.535185691165296	22.2612300210112	1.497591666351665	0.5395842929734129	52.16640832849843	0.0
24.10710631013556	48.23494967705474	0.4800460017546694	1.5755391009616326	25.602358910093393	2.0
43.5377426067126	14.692376008735916	0.04526621312406432	3.256422979798919	38.46819219162851	1.0
21.464724723104677	24.16448784660413	0.1792183300285391	2.0414741036214226	52.150094996641236	0.0
17.133864133115758	16.422114699926087	0.06509084424102583	1.2738383128259188	65.10509200989121	0.0
70.01172423075727	6.908875478828307	0.012676163012548008	1.2964947252600671	21.770229402141805	1.0
34.172882509308145	49.82958114608339	0.07610568925486944	0.7418210777174449	15.179609577636151	2.0
60.16616731539516	23.009059860593915	0.009168218276970386	5.559873409141412	11.255731196592553	1.0
24.234919865660913	58.96434583899115	0.03127669259014928	4.044320585466639	12.725137017291141	2.0
42.71370195009459	26.801420493577027	0.011482822652932939	5.190479114491125	25.282915619184323	1.0
29.553706586636807	59.24499919559557	0.010331807186766523	2.0948809867540823	9.096081423826778	2.0
55.96401981798731	30.894520122563573	0.022480821513784614	2.363233016739542	10.755746221195796	1.0
16.359718996317234	68.30514328303455	1.5932165431374994	0.652264061551907	13.089657115958806	2.0
43.63595651187612	35.986525547896555	0.023254559836796168	2.0080015994425726	18.34626178094796	1.0
20.83681171571112	16.24261275848916	0.05562644513040476	2.3473960649140655	60.51755301575524	0.0
3.8121321551842695	2.0547692221062417	0.009832258638084294	0.8915934581768349	93.23167290589457	0.0
25.13309823728581	5.618441058178127	0.01123265670528877	2.4048961610783093	66.83233188675247	0.0
16.853397938351293	7.487297774741493	0.010060955019968319	2.3882515359770604	73.26099179591019	0.0
35.58181190329013	3.464976832661403	0.004848364763027787	3.8211065300766713	57.127256369208766	0.0
29.79007777180173	26.661010636339878	0.010755009990559039	2.4809694660244026	41.05718711584344	0.0
20.083377397706446	4.102583448523786	0.008799668864295077	4.765662824121459	71.03957666078402	0.0
32.292828940313626	22.439569195283866	0.03375398455541776	6.491915035754246	38.741932844092844	0.0
36.765213718061865	35.176262324566586	0.008505579213929998	6.583422358250103	21.466596019907517	1.0
26.49592688113512	13.968561050105285	0.011379190230208962	12.350010622446158	47.17412225608324	0.0
47.954427259103795	8.971966373508915	0.010886768887435387	10.052214330618103	33.01050526788176	1.0
28.46236634352191	8.479991787359273	0.019741018623005452	8.053702439606838	54.98419841088897	0.0
34.53235573521421	6.527761554802618	0.011483829440102582	7.091114281737022	51.83728459880606	0.0
45.53608422384293	2.7835951749723087	0.008287567516822855	7.031868494906951	44.64016453876099	1.0
7.180240763943599	0.8795865072946338	0.005629533846980477	2.4401120854062075	89.49443110950858	0.0
16.676683313152378	2.4050569533067137	0.005765576477025251	4.607032162860439	76.30546199420345	0.0
9.097870573633937	1.8052322768837787	0.004442161152787393	1.2285031526412515	87.86395183568825	0.0
12.937664605003524	6.790016716264178	0.031696243347894705	4.055588755369747	76.18503368001466	0.0
30.112187743449176	11.282722574075175	0.06516945684707103	0.8994582644146567	57.640461961213916	0.0
11.62531572332823	4.01508004602271	0.04384081289614803	0.5887436057467589	83.72701981200615	0.0
20.218279599008707	2.459544544790862	0.005436534378624448	1.08131974948891	76.2354195723329	0.0
13.40502633046177	25.91608509599595	0.11302127773298255	1.142872114945484	59.422995180863815	0.0
10.200842702807488	3.76317686544577	0.019376850907325795	0.565651555699828	85.45095202513959	0.0
9.58615758594811	1.915142051886064	0.01108891169730723	1.1022741659857291	87.38533728448279	0.0
0.6220570998129711	0.2987095513719055	0.0070749734608150485	0.017271982129983328	99.05488639322432	0.0
0.3947731405760335	0.2820348561498526	0.006742352264571724	0.0022829027538271806	99.3141667482557	0.0
0.15098148924107918	0.09961985519922573	0.0011605192124900983	0.0016049619513609295	99.74663317439584	0.0
0.22754208219742017	0.05635149157063899	0.00018629441801685948	0.004140509695648133	99.71177962211829	0.0
0.17592938473627243	0.027867962101388588	8.985546821362431e-05	0.006986915937437472	99.78912588175669	0.0
0.2580113906914663	0.032304794180695665	8.895767387648804e-05	0.006254899389633924	99.70333995806433	0.0
0.2822826008900043	0.05707156254265568	0.00029842793403384737	0.03547590590222437	99.62487150273107	0.0
0.08624446842639813	0.02666909725656375	0.00020317946481195406	0.007616452764882324	99.87926680208736	0.0
0.48711218595452005	0.25375954352961705	0.0010936041644612616	0.04353216084289403	99.21450250550849	0.0
0.6135295693709506	0.12340086645155567	0.0005625816020266036	0.055329091994479274	99.20717789058098	0.0
0.376896053749599	0.09301096205643777	0.0003427429577167686	0.05902323369658528	99.47072700753967	0.0
2.211921403963244	0.6018918820106804	0.0007474475746759451	0.16463254036011016	97.0208067260913	0.0
0.32405856972249714	0.07478170706403411	0.00020616623750346877	0.08575218991232135	99.51520136706365	0.0
1.1507153158522192	0.16967453642547517	0.0005893511957251979	0.2717453580057816	98.4072754385208	0.0
0.30703476979761696	0.08155752082895164	0.00023634885009425746	0.06199973093464977	99.5491716295887	0.0
0.23761687346225527	0.03849429926476311	0.00014439056822038626	0.03783154261392187	99.68591289409086	0.0
0.20545733528859367	0.04409251089127637	0.00020612411665767472	0.06641148041976852	99.6838325492837	0.0
0.17876648797753975	0.04391345523304496	0.00019559885603103393	0.06410347171914166	99.71302098621425	0.0
0.291519835570567	0.14873842295841072	0.0004554748875686163	0.09533314498754115	99.46395312159592	0.0
0.18637256639469996	0.06683799369794788	0.00038335470518407517	0.11223496774804029	99.63417111745413	0.0
0.10493432868152594	0.01748517184821644	0.00010895064174511121	0.027747470026318125	99.8497240788022	0.0
0.3598152087936736	0.0519895003140367	0.00043288926473631566	0.1425755645604688	99.44518683706708	0.0
0.2817812576598102	0.025132092554967896	0.00010488337212132448	0.09565901383467428	99.59732275257842	0.0
0.19858841578797512	0.031842021339983026	0.00015843878923539088	0.05635106359951589	99.71306006048329	0.0
0.16196617931060492	0.02319013324893539	0.0001217215687404425	0.0386731835852812	99.77604878228644	0.0
0.3883860292222827	0.0922782921482549	0.00025844794051379545	0.10056064937879372	99.41851658131014	0.0
0.2806795689359188	0.03068286848223312	9.262518480284328e-05	0.044260426344429914	99.64428451105263	0.0
0.3993774930534104	0.05424846903712932	0.00011056024469031185	0.03915101274230626	99.50711246492247	0.0
0.26306301675215454	0.0466887278907537	7.956200618762913e-05	0.05119428029980839	99.6389744130511	0.0
0.26335090694311364	0.03495894724242185	6.198213624098627e-05	0.050913249475096276	99.65071491420312	0.0
0.23542480943248345	0.03340193126469501	6.719902501211173e-05	0.06746698179321574	99.66363907848461	0.0
3.6726323554332176	0.638674102957699	0.0004865313016400363	0.6053203138406422	95.0828866964668	0.0
28.654020025071645	1.3504170089581067	0.000723366629215981	0.8494606256652338	69.14537897367579	0.0
75.60598931949433	14.148447521640845	0.0069955180184015295	2.554475472727694	7.684092168118724	1.0
41.110015268948615	50.686658954121434	0.02923436529492136	1.5202490589523916	6.653842352682638	2.0
51.87455794803761	30.797428334029114	0.008043785881271763	5.222768268974325	12.097201663077676	1.0
0.3556766021840815	0.282856087650406	0.00025172468513210913	0.2395009885689966	99.12171459691139	0.0
0.4515535517354947	0.15356918835509076	0.0003459323026694905	0.1914336119271574	99.20309771567959	0.0
0.7840343476396752	0.3213187568994131	0.0006242933967846331	0.24910035424718968	98.64492224781695	0.0
0.49265072768678064	0.08292583741258157	0.0005030313491050907	0.0970754284426034	99.32684497510891	0.0
0.5200193925032027	0.13683741874069785	0.0005110955451383435	0.12365973530406162	99.21897235790689	0.0
0.18121334023829247	0.08149974065419108	0.0002346148150148843	0.05178132230919564	99.68527098198331	0.0
0.6020176658404597	0.21920852394608403	0.001712961339155407	0.3119055463035034	98.86515530257081	0.0
0.20086579796486365	0.08512934783051541	0.0005860907972737248	0.11501388405711528	99.59840487935023	0.0
0.5625958907303005	0.2700584954198006	0.0004382799469991828	0.1500995295909107	99.01680780431198	0.0
0.1303011844171078	0.04243055589049972	0.00015819352329519057	0.049574537853910666	99.77753552831517	0.0
0.10380234696753907	0.039240935036677006	0.00015771308283823917	0.07208862919549673	99.78471037571744	0.0
0.12386617085352417	0.026765193017896954	0.00011798935271218227	0.051607173835911874	99.79764347293997	0.0
0.10948024780404471	0.029385674714774834	0.0001054663018011296	0.017475842595323747	99.84355276858406	0.0
0.35674266744665073	0.06843893847728129	0.00027100660255178235	0.09324643591358325	99.48130095155993	0.0
0.10906782259378857	0.05594626268253564	0.000142914878442202	0.03632204413223092	99.79852095571302	0.0
0.18144477110697121	0.037223292276460776	0.00011847060463872515	0.0739374105104767	99.70727605550145	0.0
0.516430508887679	0.0894030325092942	0.00031057793699242677	0.18055515507606168	99.21330072558999	0.0
0.13381481590768673	0.024588409528071543	0.00012066259664948911	0.07961081225396356	99.76186529971362	0.0
0.18764059935746186	0.0632155529638298	0.00035462043070169213	0.12656244050326085	99.62222678674475	0.0
0.08320231038626429	0.045935821538516095	0.00019778282843275295	0.06897597135249359	99.8016881138943	0.0
0.18204440600403446	0.03758313094781353	0.0001698398022406912	0.0823778676988247	99.69782475554709	0.0
0.2354799384158507	0.033783998518677055	0.00016137461110667743	0.07716224686426788	99.65341244159008	0.0
0.20848997730951777	0.041770435716338074	0.00021798474413581867	0.08631236827888727	99.66320923395112	0.0
0.22645973539290953	0.028305380426538664	0.0001319146008076249	0.06468473619083404	99.6804182333889	0.0
0.3581263487379692	0.08959517410885032	0.00018984019670668923	0.2264490681998646	99.32563956875661	0.0
0.6195831912757132	0.205810066161869	0.0003733985731774029	0.08086781505814028	99.0933655289311	0.0
0.24786381991509085	0.03519040952250749	0.00011088441831313254	0.06412378446445592	99.65271110167964	0.0
0.26358958389332626	0.04462730648638333	9.614399799593847e-05	0.1468235016060801	99.54486346401622	0.0
0.5760566589332835	0.08946088850735073	0.00016153658000379078	0.18847009557805247	99.14585082040131	0.0
0.15383071676400945	0.016294247914971957	7.413239257759729e-05	0.09144422733097332	99.73835667559746	0.0
0.17325648816414685	0.020075462635886946	6.100335351537381e-05	0.08179011802290055	99.72481692782354	0.0
0.1415123398243389	0.03371527910901434	6.537990400744571e-05	0.10802918300553185	99.7166778181571	0.0
1.1569633503318384	0.2983078774410724	0.00016245367707606027	0.41970434453874467	98.12486197401127	0.0
0.1729835371455959	0.02475255691685916	8.333253437196192e-05	0.09919928972336876	99.7029812836798	0.0
0.2631467336498311	0.0234406194258193	3.750288001383712e-05	0.18428618986912668	99.52908895417522	0.0
0.227106974548678	0.03827255207045868	0.00013435939771615395	0.1548824498817391	99.57960366410141	0.0
0.1757534133689332	0.020614751151126067	0.00014664357316466697	0.10092942376921771	99.70255576813756	0.0
0.2347092543073206	0.02762732535203802	0.00018837071902665594	0.1657244487756218	99.57175060084599	0.0
0.14458047334595928	0.03695784479698687	0.0001826165159726259	0.05428342393962819	99.76399564140146	0.0
0.2104061632698532	0.02257609796456147	0.00010618199698623804	0.06239902624252405	99.70451253052607	0.0
0.12181839296061811	0.019663540437298663	5.009997465921238e-05	0.04049433069163221	99.81797363593579	0.0
0.09778757380273846	0.013113146032974081	4.66843781450607e-05	0.025957512050862153	99.86309508373527	0.0
13.380056481923022	9.204086348446337	1.053375070754517	0.061914067962730704	76.30056803091338	0.0
0.8978474980020315	0.06093406907992107	0.00027428324455470895	0.011568293317122759	99.02937585635637	0.0
0.1440809861262802	0.02034706208933057	0.00013666286450436898	0.005749273682409646	99.82968601523748	0.0
0.5884976120249494	0.029950161152434762	0.00011018637608324856	0.004942404665144229	99.3764996357814	0.0
0.24603663620769597	0.01976068643280235	8.661849393318559e-05	0.009052282266958901	99.72506377659862	0.0
0.23505549936080208	0.03211571507314055	6.566587661132342e-05	0.003770805770883305	99.72899231391855	0.0
0.3728959063171766	0.05915385252765085	5.399135577062304e-05	0.0032304898801602346	99.56466575991925	0.0
0.19583275573132933	0.040891211815720634	0.00012722361004552412	0.0024431846776634277	99.76070562416524	0.0
0.1762459868812697	0.057471979823796975	0.00010698462691487118	0.0022830427167052007	99.7638920059513	0.0
0.3436033359859256	0.02275008607576173	7.339978896649204e-05	0.0016440527787242758	99.6319291253706	0.0
0.5795321392773197	0.14057930824187226	5.322178458478243e-05	0.004200169119887875	99.27563516157633	0.0
0.11738444674707676	0.03813906284010741	0.00019420055605839993	0.007336930003447491	99.83694535985332	0.0
0.2083539317325866	0.0634746066626142	0.00010923667483020323	0.006955629228829731	99.72110659570113	0.0
0.8408603357643867	0.08021486101644851	9.087445558657716e-05	0.006514568677791474	99.07231936008579	0.0
0.1701539322891554	0.05770968875058716	0.0001905551423239425	0.0065369688239864275	99.76540885499394	0.0
58.004538464212764	17.241392475636964	0.0052929214062470255	0.1091238921870454	24.639652246556995	1.0
0.3289246934928336	0.11433591496493752	0.0002660318160754832	0.024670114391498993	99.53180324533464	0.0
0.8005383969196599	0.08667300098645762	0.00014841961978961593	0.012890303408393214	99.0997498790657	0.0
0.48338541632993126	0.21255427536788613	0.00032182409606536314	0.01119838454296391	99.29254009966316	0.0
0.6041429655509271	0.1156490132129747	0.00014735420467443236	0.007833772091281305	99.27222689494015	0.0
0.22584887245463242	0.08169926287704417	0.00013298825351829228	0.007826650433325	99.68449222598147	0.0
0.1342780512166481	0.022260671487951127	6.528261952947932e-05	0.005997934996238689	99.83739805967963	0.0
0.12089123940813176	0.03007904701960459	6.75072584967994e-05	0.0022482014217353893	99.84671400489204	0.0
0.2669676912130719	0.037267375624269024	3.8788874275103216e-05	0.004127459364157963	99.69159868492423	0.0
0.23498023002210283	0.05629396341392461	8.379234161820031e-05	0.0025449273002005877	99.70609708692216	0.0
0.7442437378046596	0.12704258043645802	9.18933928864771e-05	0.012605791943431609	99.11601599642256	0.0
0.2165639768811223	0.04063908868235074	4.1473663069698514e-05	0.004983129475526756	99.73777233129793	0.0
0.16923089437225308	0.04164189566175847	0.0001897382474759768	0.00535804405767525	99.78357942766083	0.0
0.3755068735980683	0.11776751445599805	0.0001375961658759837	0.003924847140534492	99.50266316863953	0.0
0.9607115681082893	0.20433430884142673	0.00017168176102593693	0.010772953171552382	98.82400948811771	0.0
0.4540074369949954	0.09903287023146283	0.00016979748318900496	0.0040452731812139365	99.44274462210913	0.0
2.1517274603009855	0.49534734523824864	0.004519773165712904	0.004290409946631074	97.3441150113484	0.0
0.969551272614958	0.15735443702446109	0.0002499231605732101	0.004180132401745459	98.86866423479826	0.0
0.3640312154802972	0.044563029301979175	0.0001787288375517663	0.0032637961774381664	99.58796323020273	0.0
1.5466013322757968	0.22252376998618903	0.0006561638912673352	0.03876685385332461	98.19145187999342	0.0
0.21684497166659075	0.043689276941331914	9.423894742620254e-05	0.004836894005216924	99.73453461843944	0.0
0.6000506016372803	0.12755880416512513	0.000405325227393859	0.013003414255930731	99.25898185471428	0.0
0.5031425285490557	0.09994882116121469	0.0002858024613250499	0.017087824090562476	99.37953502373784	0.0
0.41051819249062294	0.09060232641450942	0.0002645069054159646	0.0124908674219111	99.48612410676753	0.0
0.15057307010138685	0.037203597589489844	0.0001034356280603306	0.004392130700072061	99.80772776598099	0.0
0.5116814527326091	0.05272726394593947	0.00016329490769026925	0.01027116120157788	99.42515682721218	0.0
3.5007340404208662	0.37916571708474917	0.0003182507199705692	0.011437420832993914	96.10834457094141	0.0
0.2742071343388354	0.02664487319831251	6.96384297478783e-05	0.010771215252528343	99.68830713878056	0.0
0.5501972903228401	0.0766993248731438	0.00014283602212526643	0.011344533302048728	99.36161601547985	0.0
3.3162289272613874	0.5817384940216859	0.00022655294375859326	0.032594322875904025	96.06921170289728	0.0
0.2014380261850179	0.08503981973722605	0.00016740082609389086	0.0036588421950058893	99.70969591105666	0.0
0.5237186231432488	0.12658865557960897	0.00018903092337080668	0.021220416397430015	99.32828327395636	0.0
0.9887681697944409	0.20217658507926656	0.00016835594469319265	0.03135737285363133	98.77752951632797	0.0
0.2783674970099912	0.055975304489690646	8.07193069044182e-05	0.008749293668569897	99.65682718552483	0.0
2.2077826151252915	0.18403018991913203	0.00020043208121857845	0.0405953795838012	97.56739138329056	0.0
1.386854604505665	0.21300135443440685	0.0002027404194026889	0.01742457041748132	98.38251673022303	0.0
5.749982449148781	1.2392538552215666	0.0007193148230300965	0.08079452394823909	92.92924985685839	0.0
5.523038827659617	0.6284681934048297	0.00022851075777217353	0.16807110733433356	93.68019336084346	0.0
2.9051316128825224	0.5174433497553617	0.0001695573346408388	0.08865895893472077	96.48859652109276	0.0
2.3154851247666453	0.4079735828190499	0.0002666496527165434	0.09382102037527616	97.1824536223863	0.0
1.7289439509817386	0.5215400858668227	0.00025835005649999453	0.032562023292209495	97.71669558980274	0.0
0.650681811243551	0.08860215666155033	6.793670538925084e-05	0.02271606048724996	99.23793203490227	0.0
0.640590934884105	0.24192017558625661	0.0004549678631132714	0.03339521743656117	99.08363870422995	0.0
2.738461284734789	1.593627009565525	0.0016485557275617104	0.05867436582586597	95.60758878414626	0.0
2.225704021789316	0.4323034069193537	0.00018323822364351542	0.08072461079297552	97.26108472227472	0.0
0.22197534401750085	0.05402390690051261	0.0001795818301380486	0.018416092131436294	99.70540507512041	0.0
0.7665362810432033	0.14624751678034834	0.00017394574819198266	0.018622533098397256	99.06841972332985	0.0
1.0061414123101897	0.15811079025039104	0.0003326167895387678	0.02776571078711866	98.80764946986277	0.0
1.1143686175350924	0.19188481477841435	0.00015368602936373103	0.0327083509797996	98.66088453067732	0.0
0.36997540888921365	0.05553793507823343	4.890574623149603e-05	0.017556544937983223	99.55688120534835	0.0
0.8578509613106343	0.3344577147948498	0.0003014070345618973	0.030263488352677118	98.77712642850727	0.0
0.6504609318808583	0.2353432766237033	0.0007790374085341909	0.044915668438672486	99.06850108564822	0.0
0.9234160485930112	0.09279084138646052	0.00013907888878589305	0.010546455927889616	98.97310757520385	0.0
0.17440111565099256	0.025181295792452048	8.073949327054277e-05	0.006415156164592139	99.79392169289869	0.0
0.536849753269469	0.04865325937258108	0.00014571367256210137	0.02471806261476108	99.38963321107063	0.0
0.22936047734857531	0.05193259869374435	0.0001487280672737055	0.015326385520094849	99.70323181037031	0.0
1.1435061430153441	0.157540194332298	7.966485188295124e-05	0.008024132556134742	98.69084986524433	0.0
0.22726176975454604	0.028127832218907082	0.00010091513363884952	0.0037049189350820116	99.74080456395782	0.0
0.5053488749515482	0.3099060540950764	0.000697269536204503	0.002141393472571709	99.18190640794461	0.0
0.4604291145829549	0.06547819016942981	0.00011896198133287519	0.0007343856799763747	99.4732393475863	0.0
0.4143259560507214	0.042093880001942134	0.00012139787637432648	0.0017908835186651682	99.54166788255229	0.0
0.7015959162157576	0.08324099176039725	0.00021755561670736947	0.005935728752783284	99.20900980765435	0.0
1.8329547715344425	0.10557086612905339	0.00018484990895964567	0.0032696851204932157	98.05801982730705	0.0
0.13619593324704285	0.02967743137191669	7.310745637244575e-05	0.0032817470059700216	99.83077178091871	0.0
0.4797605395042378	0.0411872231936413	5.208680435939544e-05	0.006851427712397137	99.47214872278536	0.0
0.24110978895730265	0.02238484116654432	5.726036799183487e-05	0.0022604793718106835	99.73418763013633	0.0
0.6530610432226487	0.06326124130024219	0.00013509600358399128	0.009748967422037416	99.27379365205148	0.0
0.4922627311758775	0.058963861166320214	8.538187046196392e-05	0.023048006963212197	99.42564001882413	0.0
10.564697221627032	0.6426611758019632	0.0005740066193313911	0.028632628042533106	88.76343496790913	0.0
1.2017561439624398	0.08637051487406915	0.0001593559518037396	0.004795947412108358	98.70691803779958	0.0
0.2683153568380683	0.04373795857387272	0.00017746202516788907	0.0059260110727809975	99.68184321149012	0.0
0.5349821425369258	0.04755554539951805	0.00011133609716067777	0.024154280547788513	99.39319669541862	0.0
0.12110410747967922	0.04544493423463972	4.7693278009351426e-05	0.01333488208202883	99.82006838292564	0.0
0.2625786162033547	0.11462429240536676	8.047050527127211e-05	0.06179108776031199	99.56092553312568	0.0
0.1529355891598277	0.054118683914525796	0.00013230877500764544	0.019886466792359433	99.77292695135827	0.0
0.5296665641498913	0.1550635456448255	0.00017411544464596422	0.09086881425262111	99.224226960508	0.0
0.17411738347641328	0.08824279234075036	9.267220061212057e-05	0.028794596108021264	99.7087525558742	0.0
0.4192263227319022	0.04993924431535402	9.761680597588932e-05	0.07723982146924832	99.45349699467752	0.0
0.6989444977801976	0.08895724412950709	0.00025069999653574927	0.08855517241596456	99.12329238567781	0.0
6.120512038527157	0.9975921219124112	0.0013530868483271103	0.25573235209534034	92.62481040061678	0.0
1.4904767686426341	0.17535135660105744	0.00035081272097185615	0.06415632884357125	98.26966473319176	0.0
0.46464711641487183	0.11879733889974796	0.0001210513394705734	0.03324602654024308	99.38318846680566	0.0
0.8850734737080566	0.09365958241360875	0.00012415668515393892	0.07730193341706527	98.94384085377611	0.0
0.2681974727750874	0.10160831926288309	0.0003514653543287862	0.04662726968895557	99.58321547291875	0.0
78.8697865324197	7.929632474221027	0.01220378427981889	0.874208585269162	12.31416862381029	1.0
72.77754674872929	4.788704883545109	0.0035327570111249877	0.29137440968223144	22.138841201032243	1.0
76.18819801290816	20.415159339479505	0.0352549747440827	0.7310862513864872	2.6303014214817577	1.0
2.187864496062839	1.2270294668071295	0.0019494364990755761	0.3205757676349675	96.262580832996	0.0
6.520506412254158	0.5875786456744297	0.0012709650837377546	0.2593941947828133	92.63124978220486	0.0
78.57321822957131	19.635761841223566	0.08122040942704428	0.6882965626396953	1.0215029571383827	1.0
71.8654447421905	25.065205231316856	0.05391843804712194	1.9813807271068824	1.034050861338636	1.0
21.483836567758978	76.63889893295152	0.39370777444919036	0.8957481915373657	0.5878085333029448	2.0
6.819624927672866	89.53080251348608	0.7105351956363943	1.927410681093834	1.0116266821108226	2.0
11.586917949220373	85.52930902016863	0.35230303202261604	1.9586804133808904	0.5727895852074995	2.0
3.3637790649632584	93.3566773817117	1.121869263546995	1.8969800032054687	0.2606942865725569	2.0
48.99041580002223	40.991035647217416	0.03239437404709371	0.8770941269045988	9.109060051808662	1.0
52.534353800706235	43.93269182341057	0.07240078775412644	2.5364711237560926	0.9240824643729616	1.0
16.978400374082216	80.75337263037602	0.2519624362510583	1.1841593430249755	0.8321052162657246	2.0
39.94814364798675	57.58863756277308	0.23010072902909115	1.3921530178600654	0.8409650423510063	2.0
19.866484560268507	77.30468113893265	0.11193959785727733	2.0778863467574777	0.6390083561841003	2.0
12.246526317009787	84.89650457629111	0.4743818370395438	1.6903178852273684	0.6922693844322102	2.0
13.727537873465895	80.96744294100269	0.2320917841059744	4.514219073507269	0.5587083279181602	2.0
29.869784370143194	61.463369773838885	0.0475600450798826	3.236164896373215	5.383120914564829	2.0
51.5417964726435	39.43397018596166	0.04044447062465789	1.7397006299441562	7.244088240826023	1.0
21.04039232514276	9.91691228211117	0.006145393841594086	0.3725060880538765	68.66404391085061	0.0
65.30420586539742	32.11284121348598	0.019975439976234743	0.1882019977363051	2.374775483404065	1.0
79.26517608336715	18.960625045567873	0.048927746604042664	0.6681073225818641	1.0571638018790641	1.0
37.1059109538757	60.39696437051612	0.09358720828307548	0.41421442794879826	1.9893230393763082	2.0
5.624803070576433	93.41536420696671	0.18134105481154963	0.26722877746982937	0.5112628901754689	2.0
20.253253030141746	77.582565491008	0.16236641590047057	1.5685684226083452	0.43324664034144955	2.0
13.705517016922087	85.19955318505615	0.4454246865272966	0.29162610136231937	0.3578790101321408	2.0
10.042041683401603	89.07922013026558	0.21594173321312793	0.45681497667094784	0.2059814764487333	2.0
10.032303050614166	84.2602792298324	0.3971676145897078	0.289112985393681	5.021137119570038	2.0
30.13898321562846	67.64157836615351	0.15161149972686244	0.5465321743981386	1.5212947440930304	2.0
16.988381061250955	80.98620482009322	0.08598005128149379	0.7778386930770498	1.1615953742972887	2.0
13.574582214985828	85.14490774817075	0.2875172796382863	0.16843984160400657	0.8245529156011481	2.0
12.032192835828026	87.00831620226637	0.33791768737694405	0.14859058553384352	0.47298268899480955	2.0
16.639390808602926	82.16607117452934	0.2590376737078907	0.22304579962008067	0.7124545435397698	2.0
9.87412206715091	89.42355677977574	0.34924965649192974	0.11848527025861864	0.23458622632279905	2.0
4.5844312672289815	94.3368386885555	0.6163394309318657	0.17204640424717932	0.29034420903646646	2.0
2.7411492831569317	94.3993734758189	2.382460121171139	0.1244118848192619	0.352605235033763	2.0
0.9695214219732018	95.21300736102417	3.5259476385466266	0.06273108124691912	0.22879249720908457	2.0
2.200602964375896	92.67195118248637	4.689826855939318	0.07569128260003853	0.36192771459838163	2.0
1.8421550064626862	89.76800708621208	7.898168248768417	0.06117579021332824	0.43049386834348125	2.0
1.067415077721472	83.47048927973452	14.983994675963142	0.09138022321733569	0.3867207433635304	2.0
1.6882222522834838	86.44107633378908	11.202203519529643	0.10371405285295224	0.5647838415448674	2.0
1.823619024863963	89.62492691378633	7.838121363843976	0.09363968074923379	0.6196930167565	2.0
0.3517465089052515	46.078560102741775	53.33818303333836	0.034055785753703334	0.1974545692609144	3.0
0.3743140325980918	58.05847155101457	41.06617084845799	0.03574483113261035	0.46529873679673917	2.0
0.16392174822165406	25.32086919529789	74.09942091364037	0.024283199288347088	0.39150494355175025	3.0
0.37369755908366875	37.122669486165634	62.20969823351417	0.06265406910268342	0.23128065213385116	3.0
0.6836235332787881	60.20587834352013	38.62693083891438	0.02964272550541536	0.45392455878127747	2.0
0.6036452828153394	32.85711556803829	66.32730078937975	0.023030412678387915	0.18890794708823086	3.0
0.1849857696177166	49.31005183071783	50.35402801938959	0.017532980636713307	0.13340139963816283	3.0
0.1516379088687672	12.445759783048487	87.21600008240611	0.031342503940230707	0.15525972173638863	3.0
0.4024461269475224	60.80879433893318	38.470389029101135	0.022662394602303258	0.29570811041585626	2.0
0.11117784606421632	15.587380973266143	84.14917912184751	0.008649448050484267	0.1436126107716571	3.0
0.2286098531961885	23.75671223911747	75.82736964475254	0.011134463713019488	0.17617379922079351	3.0
0.06660718817581965	9.096730498946497	90.74632473024732	0.0065950139696419165	0.08374256866071451	3.0
0.08625019868797963	12.098496992740976	87.69750511268109	0.0070516758727543335	0.11069602001718215	3.0
0.03214974562332918	1.6467328486600281	98.26143419186376	0.005188033688264511	0.05449518016463395	3.0
0.029087299120290087	6.064554417989272	93.76945892464495	0.005507801689290472	0.13139155655621476	3.0
0.04347754365520433	4.209442506738522	95.66263370108103	0.004300936458583924	0.0801453120666501	3.0
0.038333699253676884	4.763177517199106	95.06971873160829	0.007008303526259176	0.12176174841268747	3.0
0.018670074231965966	3.222637982460247	96.7140722186594	0.0027605611690930997	0.04185916347929992	3.0
0.04288664375976388	2.1244446820866845	97.7885881953153	0.0025529206759125245	0.041527558162338093	3.0
0.013800257541896422	0.9399816686038414	98.99210218879489	0.0016817614256436613	0.05243412363373742	3.0
0.0076177617730446056	1.1906740240302816	98.77955404340688	0.001075859036205719	0.02107831175360576	3.0
0.024785614273609455	1.7214567700403547	98.15257087837533	0.008695873178762496	0.09249086413196009	3.0
0.01110522204117941	0.7006611388917522	99.23797679475686	0.0036829827585265736	0.04657386155167947	3.0
0.018621437591320976	1.5387060902306344	98.3940972582175	0.003210131741972941	0.045365082218582695	3.0
0.0132704752299861	1.2452577665359552	98.69910849277717	0.0027387691798138845	0.03962449627708088	3.0
0.017534508252122268	1.1542505254671207	98.78075613425537	0.0028015066616441323	0.04465732536373401	3.0
0.05846975282700627	3.2152952287152816	96.60123219136378	0.009499807269293873	0.11550301982465125	3.0
0.008110798501594598	0.7912165637095837	99.14772067986095	0.0019190272766068175	0.0510329306512712	3.0
0.018548078112454472	2.3908573845361665	97.52481085764167	0.001619559940341804	0.06416411976935273	3.0
0.010898630698174589	0.9473660129591438	98.98018806002861	0.0013446629773079283	0.06020263333676903	3.0
0.01902311914609645	1.479222397315055	98.44894645237596	0.0014945352393515184	0.051313495923533084	3.0
0.01332999661377016	1.0679751299982934	98.84787043952595	0.001081303141245246	0.06974313072075172	3.0
0.025138076305251857	2.4477537801000624	97.39963486516785	0.004631197861234411	0.1228420805655751	3.0
0.010243671734696314	1.3897180073089859	98.52886682944983	0.002529157988437952	0.06864233351804506	3.0
0.016562908836317693	1.774596544763693	98.14396890281235	0.002588984422225382	0.06228265916543337	3.0
0.01341215737219945	1.4800504580042162	98.45054335976172	0.003632367079583201	0.05236165778226779	3.0
0.008435031309299948	0.9023273354041229	99.025028025633	0.0028554683112941193	0.06135413934229973	3.0
0.021997453735211975	2.115785296520538	97.78551324170385	0.007236953341715107	0.06946705469869235	3.0
0.014996190665201909	2.243022567730429	97.61703203959303	0.007914206382175425	0.1170349956291909	3.0
0.014219314144342177	2.238794115016442	97.69087633887213	0.004508334321895857	0.05160189764520023	3.0
0.009306893401787959	1.053999430071675	98.88612412463551	0.004821146872182131	0.04574840501883361	3.0
0.029789652295293012	2.216993429156285	97.66738034954653	0.005587243958255663	0.08024932504364084	3.0
0.013027217075854816	1.4746417701811945	98.46960227500756	0.004417584624900722	0.038311153110476955	3.0
0.010086788569495856	0.9270833309014712	98.97343708860465	0.0031820426709066514	0.08621074925349152	3.0
0.009343756305585281	1.039151718100197	98.9188822796895	0.0030596134429710137	0.029562632461739895	3.0
0.010081111263245986	0.7936949912029262	99.16195767142226	0.002657517638666173	0.031608708472894015	3.0
0.011436879714097037	1.3342684424524207	98.59996341811262	0.0037416099059908395	0.050589649814882315	3.0
0.007683933466176371	0.7928537514273644	99.15470810372358	0.0019566656335812285	0.04279754574930546	3.0
0.006354844287961767	0.9439824344611161	99.00855612334622	0.002235569842792245	0.03887102806189394	3.0
0.006180311116080672	1.584276546245614	98.3791509744678	0.001127323126483473	0.029264845043995888	3.0
0.006877389641288103	0.7200117695471133	99.20233071560412	0.0031380449734041914	0.0676420802341004	3.0
0.011339189212920812	0.8623651298542112	99.04479458474488	0.0010511980509055384	0.08044989813706407	3.0
0.005581884597822829	1.0280787327148793	98.88910842803737	0.0013069233307925177	0.07592403131912225	3.0
0.006408788927357159	0.5825246129049878	99.33740362552112	0.0011910706362737368	0.07247190201028651	3.0
0.007831636573661014	0.4248991513801042	99.49087263567961	0.001223055034066622	0.07517352133255077	3.0
0.00983693524263527	0.5533586386153466	99.35747502327096	0.0018641264158836745	0.07746527645519123	3.0
0.027289293754352146	2.218520209691683	97.67980898034423	0.004882083452743711	0.06949943275700514	3.0
