N1	N2	N3	R	W	anotaciones
0.6335946012493961	0.18569900671007672	0.0022834614716446275	0.0003038328996817522	99.1781190976692	0.0
0.46006316009813913	0.05990301036028262	0.0012856319574791292	0.0002817076360066971	99.4784664899481	0.0
1.3141148150973008	0.2856872827977045	0.0032704284277512586	0.0006531526065752159	98.39627432107068	0.0
1.6271293158073468	0.36824238824434513	0.0015589204533618486	0.0006225324533958412	98.00244684304154	0.0
0.17819435198899106	0.038392445958146386	0.0010432009729821883	0.000324261667370887	99.78204573941251	0.0
0.7378794018747774	0.17461391780592425	0.0012895343292260901	0.0006585816007633515	99.0855585643893	0.0
0.2875053784013984	0.04666213826108817	0.0015764935697317548	0.0001560743101859386	99.6640999154576	0.0
0.4393672281679739	0.23089658074324257	0.0015318210361988708	0.00013565398211686907	99.32806871607046	0.0
0.6002562069925247	0.17503063115920664	0.0011226581743931103	0.00016079990727586939	99.2234297037666	0.0
0.6473046303081986	0.147240613641616	0.0014600861044070427	0.0003025238697719766	99.20369214607601	0.0
0.1529469386942514	0.29402982783385967	0.002061353872179941	0.00014712753969341747	99.55081475206002	0.0
0.06480157270452852	0.058547117554772585	0.00040653528748638493	8.604922858912253e-05	99.87615872522463	0.0
0.5795769888364196	0.14823101458746568	0.0010588711031366152	0.00023191996236520944	99.27090120551061	0.0
0.1668685672596265	0.08339874099704128	0.0003986020195044167	0.00018549226230005607	99.74914859746153	0.0
0.10004001757330967	0.0752960812488397	0.0006845831795542673	0.0001353054755168267	99.82384401252278	0.0
0.1647390615330305	0.041240664938675564	0.0010378910064931268	0.00015155959974812942	99.79283082292206	0.0
0.13612087340459264	0.02164020075216186	0.0002892543375430196	0.00011132592675052286	99.84183834557895	0.0
0.5358101238630056	0.17571629060852556	0.0006992916352950852	0.0009738891484337914	99.28680040474474	0.0
0.5540486097306093	0.16358684196090345	0.002547394177889526	0.0005217738532058035	99.2792953802774	0.0
0.09584756860115394	0.026429790059384357	0.000503777065888385	0.00020333137247555434	99.8770155329011	0.0
0.12230471066504542	0.057886755535313715	0.0003896818634308815	0.00020378519422351973	99.81921506674199	0.0
0.641956530963564	0.0642055363085905	0.0023374245526742547	0.0003377931818866958	99.29116271499328	0.0
0.27349208650302226	0.13068838151731518	0.0021294282332299064	0.00030275484519067653	99.59338734890125	0.0
0.0703192350656617	0.037175511523948726	0.002239549922744253	0.00020131070826929947	99.8900643927794	0.0
0.08545270016204726	0.05703345088481354	0.0007424479528164435	0.0004563083243750456	99.85631509267596	0.0
0.16450238720176869	0.14106494619970641	0.0021137939519245237	0.0005047465787944233	99.69181412606781	0.0
0.07491284473383017	0.12228940360730159	0.0015959992041483006	0.0004018178762815537	99.80079993457845	0.0
0.13075974629008788	0.2119519822540424	0.0011161843591589666	0.0007071680543443388	99.65546491904236	0.0
0.040863497505286624	0.027952240907917678	0.0006576358466741783	0.0002553554800716238	99.93027127026004	0.0
0.2344915599004072	0.09910262276351747	0.0025403636064433837	0.0003777663250348751	99.66348768740461	0.0
0.17475608345902854	0.1837861250168374	0.0022880950509720373	0.0008089548582958106	99.63836074161486	0.0
0.3607798983557121	0.3064944165106582	0.003199204413270663	0.001469066380827176	99.32805741433953	0.0
0.148113131255256	0.16357657722834795	0.0025277459183924204	0.0006286329284167157	99.68515391266959	0.0
0.22938762811256938	0.19564749836245143	0.0022899945306847956	0.0006549864025923112	99.57201989259171	0.0
0.09687317654400147	0.06813753984918175	0.0016369094522712172	0.0001531174352923786	99.83319925671927	0.0
0.1066383243705941	0.09651721722125298	0.0018828353895086949	0.00016130841721540617	99.79480031460145	0.0
0.05564237669003646	0.03699091430635028	0.0008760658281266513	5.959968552098808e-05	99.90643104348997	0.0
0.08860851390053767	0.06013832704914985	0.0034579395959198223	0.0001309735387175289	99.84766424591567	0.0
0.20546257475167434	0.08785189419082404	0.0017095300235248285	0.0002147259637317826	99.70476127507024	0.0
0.1423405264405386	0.09554922241318202	0.0024710923868302478	0.00015509162658088247	99.75948406713286	0.0
0.3051828719530501	0.11102533617420346	0.0029685589493535875	0.00011868499617155138	99.58070454792723	0.0
0.06414589842764608	0.03850578931724758	0.0027719283334580267	6.856036393919934e-05	99.89450782355772	0.0
0.3149951901673333	0.13157707796377016	0.0008659797016032646	7.554436974094891e-05	99.55248620779756	0.0
0.30311266539391557	0.07515333623266796	0.0012054123431610017	0.00015361254384564356	99.62037497348642	0.0
0.11768768139254814	0.025772188275141286	0.0005465502389174175	9.252527235026239e-05	99.85590105482105	0.0
0.07824218521796988	0.05660436775709865	0.0012970230354545852	0.00010529114329350878	99.86375113284619	0.0
0.2690686399608052	0.16652384383491348	0.0013763052689612163	0.0003176532443937561	99.56271355769094	0.0
0.15965895007546083	0.10860947644261786	0.0007955346794191223	0.00023713894706965248	99.73069889985544	0.0
1.4716480388805844	0.8321730444436031	0.013428780878363444	0.0009702526395792955	97.68177988315787	0.0
0.35000173483068353	0.31652977972173457	0.0028010319499973783	0.0004088419606053179	99.33025861153698	0.0
0.26010561665470994	0.1411425943460212	0.0009299284955781265	0.0004939395042689696	99.59732792099942	0.0
0.2545275189735364	0.09498163020810294	0.0011800519963003004	0.0002673776769557733	99.6490434211451	0.0
0.2840864940035906	0.10552591850278246	0.0017045473036249419	0.0008670980034287557	99.60781594218656	0.0
0.2258329185213284	0.10980412794661479	0.0019161669678357115	0.00021349000524959583	99.66223329655898	0.0
0.5955037108058676	0.5972269331767769	0.0022690801821195926	0.0005945065513774187	98.80440576928386	0.0
0.7328661014141866	0.557549654894316	0.004575355949058257	0.00042025086504860577	98.70458863687738	0.0
0.9219999359589988	0.278224994395128	0.001961079581883385	0.00028484627566640854	98.79752914378834	0.0
1.39118325000058	0.24096189918938427	0.001050579666335973	0.0006639384841443806	98.36614033265954	0.0
0.5927221650681768	0.11972609670234141	0.0013669893346958458	0.0001973046653982329	99.28598744422939	0.0
0.3277733187510573	0.15199841021169166	0.0014710790147824844	7.88953528884874e-05	99.51867829666958	0.0
0.8874898527477894	0.5297704521359882	0.002693904470400393	0.0004233833710213461	98.5796224072748	0.0
1.0904295491096825	0.4150437506502392	0.0011273559072350965	0.0002988606454639269	98.49310048368739	0.0
0.5496014578466528	0.13821224564290732	0.0016378797127388853	0.0002607048565958572	99.3102877119411	0.0
0.3685752127470823	0.25359097358509836	0.0005850544852437256	0.0004294233456984385	99.37681933583687	0.0
0.20766644229148262	0.062131130899988236	0.0004883137812337168	0.00033025105090512505	99.7293838619764	0.0
1.5950174315947634	0.5174920160833737	0.0016938769014876811	0.000622811817744039	97.88517386360263	0.0
0.32858208925385113	0.1920135052836961	0.0010706107508444646	0.00019293776612989492	99.47814085694547	0.0
0.44908644844366824	0.22562734435428905	0.0008013865705485668	0.0003267585914517117	99.32415806204004	0.0
0.6671349735451728	0.1980029057859467	0.0007040797627840748	0.0005666999625053539	99.13359134094358	0.0
0.2307527923873925	0.11627980778490757	0.0010807857109795267	0.00017229712027044502	99.65171431699645	0.0
0.2435129876842205	0.10066324649985492	0.0013660637985175078	0.00013989328243800165	99.65431780873497	0.0
0.5879919877050378	0.19003715090066703	0.002188627444791149	0.00020366389600166816	99.2195785700535	0.0
0.6557260091203106	0.12490062435795594	0.0005985387951286813	0.00018595381417080067	99.21858887391244	0.0
0.6835622775757698	0.46751484011482636	0.001916697514742177	0.0005981585167229145	98.84640802627793	0.0
1.1832405916554165	0.47983116666448394	0.0023916976618413356	0.0002861258485634275	98.33425041816969	0.0
0.4096099586980502	0.09374310110730301	0.0011302465749353076	0.0003771595996410933	99.49513953402005	0.0
0.8719184988266007	0.2475862822840518	0.0008931448243302794	0.0004966319866865767	98.87910544207833	0.0
1.43591193701012	0.21244872233974887	0.001082076394964481	0.00043555279960576216	98.35012171145556	0.0
0.493648868175415	0.18517147281302693	0.0017579999670321446	0.00043404604041674346	99.31898761300411	0.0
0.6286839999698329	0.3601662622627607	0.0015589342630406438	0.0003380351588707732	99.0092527683455	0.0
0.6462987387406263	0.2644549250186389	0.003758771739976158	0.0004825214011481591	99.0850050430996	0.0
0.38786813413731774	0.4333318390977662	0.0045518963687964644	0.0004743767308111133	99.1737737536653	0.0
0.4408364169156577	0.7385823638427099	0.004422627356635124	0.0009172521339309435	98.81524133975105	0.0
0.09657322255415716	0.02679285673043634	0.00023419897853629284	0.00020069231991134127	99.87619902941695	0.0
0.1177604691146942	0.058651986214218736	0.001102082508989913	0.0004280305345001397	99.8220574316276	0.0
0.6969052268275022	0.21186071302803244	0.00376070281382411	0.0011481214150274774	99.08632523591561	0.0
0.2777421841348445	0.06509585481527001	0.002288063656908036	0.0011936040010653351	99.65368029339191	0.0
0.37028569774693426	0.07341321992306359	0.0010144807728195706	0.0006806564240998652	99.55460594513309	0.0
0.30413974972828567	0.09768234335924372	0.0017781617290760381	0.000557412977675527	99.5958423322057	0.0
0.6260071341316304	0.5125691300663456	0.00433072795305944	0.0005321671873742106	98.85656084066159	0.0
0.09454000859259279	0.02198939687306282	0.000176530847195716	0.00011024204511659482	99.88318382164204	0.0
0.07805322259175151	0.050626282150822655	0.001028097596695906	0.000369907303975177	99.86992249035677	0.0
0.08977390583815217	0.061553390238356306	0.000997951438227525	0.0005634146807657226	99.8471113378045	0.0
0.05800981592064883	0.03628059778916633	0.0014317775722230233	0.00014068142945256919	99.90413712728851	0.0
0.09980323722991882	0.026992996999952674	0.0005235518282080023	0.00017527962327320272	99.87250493431864	0.0
0.2652895021338272	0.11253411508160972	0.0018541371955162777	0.0009039281551133565	99.61941831743394	0.0
0.08050129403674759	0.06855039484757257	0.0008426293275806068	0.00039221061129191903	99.8497134711768	0.0
0.24662006737169412	0.1142293205136171	0.0009365299913912247	0.0003027434037206781	99.63791133871956	0.0
1.4026101741985122	0.4252132533600301	0.0029235895626326873	0.0010355454842552226	98.16821743739456	0.0
0.2018075661634363	0.14858782577831767	0.002493605624911737	0.0007165647755282568	99.6463944376578	0.0
0.156200915481656	0.11408664471134188	0.00131515672718075	0.0005848973308459344	99.72781238574898	0.0
0.6390339545430146	0.2320037487742945	0.0016342436877121596	0.0013300432543098958	99.12599800974068	0.0
0.7803465487966853	0.25311328733534155	0.002358723853244259	0.0024439789935638795	98.96173746102116	0.0
0.6454214119336535	0.2023854389406409	0.0018607753369621173	0.007028864891151873	99.14330350889759	0.0
0.12394604168440965	0.12804784004479805	0.0026956325490173324	0.0028286868744205086	99.74248179884735	0.0
0.12372000334337954	0.0931214033795199	0.003440299530991065	0.0014399625819057447	99.77827833116419	0.0
1.0408560260405697	0.4207755191114963	0.0051198126334095085	0.0056099685095152806	98.52763867370501	0.0
0.7710368506645279	0.2158926448419055	0.0016564683910676018	0.011247350689528327	99.00016668541298	0.0
0.9178572714876323	0.16754681006157607	0.0007889532367127476	0.019279488113302136	98.89452747710077	0.0
0.14894906194519814	0.044579044645245584	0.0006718996078270446	0.00378736826860533	99.80201262553312	0.0
0.14584863308606164	0.047917817828610605	0.0006310229233914822	0.002728125913755499	99.80287440024819	0.0
0.2564627784679959	0.08291355721199939	0.0013630750910757147	0.003094166839542764	99.65616642238939	0.0
0.1433516289044364	0.05352461787046786	0.0017409644145519115	0.0035424839565114346	99.79784030485402	0.0
0.3006690889834454	0.032582590571746575	0.0009833460572811431	0.0011741764555871913	99.66459079793195	0.0
0.34629732660247964	0.10019677443497182	0.0016214091271488196	0.0016208297661100854	99.55026366006928	0.0
0.8239422627521691	0.11053095427587217	0.00045953056373200583	0.000615974062054335	99.06445127834617	0.0
0.30334609655398315	0.14153772630121833	0.001052438335540278	0.0005388369867021695	99.55352490182256	0.0
0.7813251187528516	0.29170220771575806	0.002081363338439016	0.000609729800540422	98.92428158039243	0.0
0.43038068301240245	0.09030202491106029	0.0002962761283560411	0.0008005286980096414	99.47822048725017	0.0
0.9217479644784963	0.10129010532591896	0.0007977180323990452	0.0008335722734503489	98.97533063988973	0.0
1.0829889961298445	0.32197674135079035	0.0008357050419243304	0.0005343070917787302	98.59366425038567	0.0
1.0554122793700638	0.47431764013799715	0.001339445330641299	0.0008193258057817572	98.4681113093555	0.0
0.2488304311270479	0.14358084582624905	0.0006238381584926083	0.0002164052480524594	99.60674847964015	0.0
0.4503977357681582	0.18015049329597246	0.0006893611223612984	0.00026713503564137743	99.36849527477786	0.0
1.4317964197744866	0.36383441616961076	0.0008198204876297302	0.00024809465555359597	98.20330124891272	0.0
0.32301158334916885	0.18135762158169205	0.0009710188701559242	0.00017469461334170555	99.49448508158564	0.0
0.39956613025830306	0.1495624034986846	0.0007335194154667206	0.00020488635657348554	99.44993306047097	0.0
2.1901633184864218	1.818692327677807	0.004871135842465751	0.0014237193023390496	95.98484949869096	0.0
1.5379369319629133	0.7848594155725783	0.0013223656253079732	0.000681246454022872	97.67520004038519	0.0
1.4537412973110462	0.543349077644771	0.0010626332169176083	0.0006965245137800929	98.0011504673135	0.0
0.5373724067070919	0.31176042464260145	0.0012472070254694735	0.00040761318256853795	99.14921234844226	0.0
1.310807544671856	0.28836220502327947	0.0006384234201218437	0.00034862550354347924	98.39984320138119	0.0
5.024051052379855	0.8144673581613231	0.00045223205527825756	0.00041023800870301715	94.16061911939482	0.0
1.3961381302220317	0.10492277084977868	0.00018306049928656996	0.0002914846856171586	98.49846455374328	0.0
23.04579171683388	2.462635707199683	0.0007717479371894511	0.0012589142262467792	74.48954191380301	0.0
40.329678458115374	1.5672963292585762	0.0009966062917937072	0.0022975967158607815	58.099731009618395	0.0
60.963841171988996	3.116622002900164	0.0014691770876703015	0.002986859829191222	35.91508078819398	1.0
0.6945971099779403	0.04618187095325202	0.00017214990476664335	0.0008598451972997075	99.25818902396675	0.0
61.89486893075903	1.2480794707618086	0.0007458990593706225	0.007124616325679405	36.84918108309411	1.0
91.88234874902206	3.9038567566682265	0.0020888549993602593	0.004647511540938163	4.207058127769397	1.0
85.91502411060591	11.200426168369852	0.0060164211796649245	0.005381460032078176	2.8731518398124862	1.0
72.93243265387311	26.296738500860396	0.004164868189436291	0.007340252344646022	0.7593237247324182	1.0
35.34947183618493	64.03587020627386	0.07488818462937727	0.02126785565733834	0.5185019172545086	2.0
11.622967747292057	86.6530715367086	0.89751435128207	0.07608914226394427	0.7503572224533582	2.0
13.393548176997387	85.95753941233278	0.23311959507339694	0.07585627134853261	0.3399365442479169	2.0
2.9353159356418033	95.67533122884362	1.0395536640841478	0.15334321186034783	0.19645595957008713	2.0
0.6316591213402859	98.20019110478113	0.8816219484281204	0.029557388487692984	0.2569704369627402	2.0
1.1204031697070311	97.25859335521322	1.305678298071501	0.07599902956575112	0.23932614744248915	2.0
1.5061019283357358	95.48700755879949	2.634583280852854	0.13419974444373256	0.23810748756819244	2.0
1.5326735868372685	97.54752298906911	0.6115053090112649	0.08775379709587593	0.22054431798646468	2.0
1.7012862701389138	95.34370630385156	2.640661339244934	0.13655080394420646	0.1777952828204001	2.0
0.42120478405305833	87.58740768805663	11.813705733954825	0.07351264211163158	0.10416915182384735	2.0
5.422134873244049	52.17020703869875	0.04472530718684685	0.3057537438505419	42.05717903701981	2.0
43.447259953740584	27.400873448711156	0.023987342083116155	0.13142382905217012	28.996455426412975	1.0
47.99033834150139	49.73772077133445	0.03977094376084917	0.034534401842178576	2.1976355415611333	2.0
22.21651762008863	76.71048372907866	0.6370125600396124	0.018610277562837493	0.4173758132302724	2.0
4.2287928534378025	94.84357661059497	0.576071899910428	0.019416707011427604	0.33214192904537276	2.0
5.1846139216760925	92.5445036165654	1.5589894079195954	0.0383475302127018	0.673545523626223	2.0
1.2944128057705044	97.86113885568372	0.5347316238277913	0.0551463464988044	0.2545703682191856	2.0
3.2398913197351353	96.01053149882162	0.4342635461602356	0.09597095326726608	0.2193426820157481	2.0
1.1641741453740362	96.2026550848217	2.453591126888925	0.05019840210346777	0.12938124081186403	2.0
0.6533311853520881	94.9135181542048	4.251278288971918	0.0470040333316301	0.13486833813958146	2.0
0.4822721591478661	86.96831228826892	12.323816258629709	0.07699490976824779	0.1486043841852419	2.0
0.7551443239991524	98.30079632906306	0.7445602812139128	0.08629037975338473	0.11320868597047373	2.0
0.571761826399592	79.66541200017335	19.59411939987729	0.03400957259937152	0.13469720095039642	2.0
0.49076985437715254	85.61584024163842	13.65308078071962	0.019382947942373004	0.22092617532241135	2.0
1.1014336242318978	88.57973041180493	9.906409151153323	0.028230480165570438	0.38419633264426417	2.0
0.8975135950966442	75.34978221813857	23.430817940949048	0.1726171154582119	0.1492691303575339	2.0
0.25288166519531363	58.579001398321836	40.853655039687816	0.17545201850499773	0.1390098782900388	2.0
0.11078561774106156	47.990286765448936	51.757477073521706	0.04989778130226727	0.09155276198603643	3.0
0.19597108922702458	51.811063671891255	47.75276533920906	0.08490575964866318	0.15529414002399122	2.0
0.15739792051199167	43.627931696627186	56.08598944286417	0.04553083998631203	0.08315010001034769	3.0
0.0915664019645716	9.971086947813452	89.8284853158006	0.0032416656248681797	0.10561966879650837	3.0
0.06677248740701924	20.386113124995926	79.4537101371078	0.0037018584033717498	0.08970239208588307	3.0
0.04729353059236875	12.952456430472163	86.91737200554738	0.0026322567223213923	0.08024577666578596	3.0
0.02912100298526174	19.35089795377195	80.54537517660559	0.002539662767121049	0.07206620387009194	3.0
0.018105304055687672	10.058572735655474	89.85878955534054	0.0025650013373370857	0.061967403610965345	3.0
0.026506176704254918	8.807473663712596	91.10143146693204	0.0019703383111800378	0.06261835433992696	3.0
0.014269261024410864	10.162022140105567	89.77442216460297	0.0024980366499074724	0.04678839761716023	3.0
0.018593663491268203	9.177842522774775	90.74959803891932	0.002607310938881533	0.051358463875751985	3.0
0.018794476659596104	7.640468666961657	92.31498917610604	0.002349377866831127	0.02339830240586824	3.0
0.008884764022685383	4.100877300625445	95.86249359093544	0.001735164760670842	0.02600917965576824	3.0
0.015089636396796351	5.96886530332532	93.97616904225883	0.0028157380624046604	0.037060279956652974	3.0
0.05278617965035221	15.780825165897431	84.083600112466	0.01005732875846719	0.07273121322774871	3.0
0.03423729791158934	8.913491502067648	91.00394668808957	0.004235698759597472	0.04408881317158488	3.0
0.01786850290372523	5.355542045863861	94.59186199521443	0.005260761070258171	0.029466694947713902	3.0
0.02309760279202933	3.459227485440461	96.43145256165285	0.00522670578704585	0.08099564432763764	3.0
0.01847814582886114	3.3847112617502084	96.5565701096365	0.0024894490813714724	0.03775103370307991	3.0
0.019386818215811875	3.8426205621844836	96.09290930242193	0.0018335499171703911	0.04324976726060579	3.0
0.029315482027523983	7.6254982161503255	92.26108720385025	0.006451708922519359	0.07764738904938304	3.0
0.02559717759477774	4.931705602275017	94.99119331343839	0.004932928929891621	0.046570977761914496	3.0
0.009764776278129456	1.5390589965572636	98.37593628115535	0.0040103812599699504	0.07122956474929709	3.0
0.022084049697372914	5.57356740203795	94.32480018413611	0.005353687642222022	0.07419467648635873	3.0
0.008316688520962909	4.4184674157236214	95.5128881990187	0.002722454217998842	0.05760524251870551	3.0
0.007061739163182368	1.8129662589237774	98.11829186100537	0.001592681646764708	0.06008745926089121	3.0
0.11933969050691165	34.13456571862253	65.53478032930828	0.006910871051941677	0.20440339051035894	3.0
0.07100013576791067	27.84907285181253	71.88504792262107	0.011605758107460219	0.1832733316910258	3.0
0.05755901630020305	29.77456192217587	70.05990197908208	0.01923959230448504	0.08873749013737088	3.0
0.06471746233282236	31.058313195907484	68.79182358713769	0.007881890428017105	0.07726386419399302	3.0
0.20526484409773305	10.904280463925488	88.66669930662813	0.01380191551778941	0.20995346983085672	3.0
0.6226706049366197	64.22000446732957	34.46526293751798	0.03508185625701275	0.6569801339588144	2.0
0.1305691222625073	35.46687842331217	64.28933592625133	0.010580171949914686	0.10263635622408607	3.0
0.3970027162020082	58.17939351752789	41.18396866613722	0.040070542310021565	0.19956455782287713	2.0
0.03168429869447863	8.622352786181548	91.31994227930402	0.008597534880170744	0.017423100939784653	3.0
0.03149910385952824	22.120839406474975	77.8144101670183	0.006696740832550218	0.026554581814655913	3.0
0.02509934158517091	13.094587929512807	86.8297787331845	0.017022168795129845	0.03351182692239366	3.0
0.024493464835982675	15.742702511118079	84.15540324314033	0.012343477472622742	0.06505730343299441	3.0
0.010444701289434056	9.251719249835597	90.69797306020008	0.01106701328925307	0.028795975385631934	3.0
0.01599047243888845	7.810452971092709	92.1112909734574	0.012622107874353007	0.04964347513662741	3.0
0.026419454019202766	2.5436024366993237	97.34523897364687	0.020540662055272732	0.06419847357930525	3.0
0.04500591943153544	6.138648906160576	93.75874466304762	0.00897438206465406	0.04862612929560752	3.0
0.019075336199506573	5.260784363564288	94.6541870697424	0.00873292178007833	0.05722030871371645	3.0
0.018739256144639713	3.885484167103105	96.06602999104399	0.004242632732445781	0.02550395297580865	3.0
0.011508574345954441	4.588074745068936	95.35020938311038	0.004052407054994452	0.04615489041971883	3.0
0.023851852399646423	3.3969930369947763	96.53307905173091	0.003784866930847432	0.042291191943833156	3.0
0.007060156328743522	2.4180201849780927	97.53842958991332	0.0029470768067097206	0.033542991973127934	3.0
0.012566079796123009	3.197262500404744	96.73684325205583	0.005644187097580068	0.047683980645710194	3.0
0.017991303481701547	1.4124429282863407	98.4874686562055	0.007240330264010957	0.07485678176246571	3.0
0.024109260816330913	4.383548136042597	95.43567872208921	0.007380064095741368	0.14928381695613072	3.0
0.01024757172764461	1.333892536685575	98.57798421856432	0.004866409309320675	0.07300926371314198	3.0
0.008804675338548866	1.7557087429938796	98.17153171784668	0.006474239178201042	0.057480624642695335	3.0
0.009974270882631892	1.3269706285638945	98.59796421335496	0.0029925316431739044	0.06209835555537304	3.0
0.01599185408228711	2.929898418389074	96.98174693717081	0.008077168746241349	0.06428562161157558	3.0
0.005174259991846482	1.274358409553639	98.66283513992532	0.00577293747800982	0.051859253051187146	3.0
0.011633922812067557	2.1917844512747107	97.74267373925622	0.007579936516744962	0.04632795014025198	3.0
0.010015678107764164	1.2581208483680346	98.69330993820867	0.0037622397515375996	0.034791295563980605	3.0
0.011357507916075427	1.4050497869941196	98.52007830464663	0.001760348198296056	0.06175405224488195	3.0
0.0077047175401907175	0.921007738451387	99.02007700449403	0.0007980188367060286	0.05041252067768061	3.0
0.01614297530322356	2.943283252492604	96.99747415707034	0.0011048014406487853	0.04199481369318352	3.0
0.0034190453804616894	1.0606717457932966	98.90267330163994	0.0006459261598668751	0.03258998102644814	3.0
0.0052604730538559595	0.7482601577817329	99.21772057735491	0.0008058197451233303	0.027952972064394902	3.0
0.005800831955167185	0.9674158299143751	99.0023378262595	0.0007721564680348581	0.023673355402921925	3.0
0.009448046376409891	0.9846072573367358	98.96685936128289	0.0008858237738567682	0.03819951123012461	3.0
0.005793442735173419	0.9265149076315133	99.03575010390509	0.0006009293863048716	0.03134061634193892	3.0
0.00914718514175958	1.9185302807661355	98.01742568873215	0.0008464679368352109	0.054050377423132956	3.0
0.00509968720140024	0.9870245494146553	98.97351818596218	0.001279785655788683	0.0330777917659949	3.0
0.004521078540041681	1.022183108513966	98.94733743430051	0.0010117454609851614	0.02494663318449131	3.0
0.009999330448628739	1.0461920001733238	98.89132470918287	0.0022181833529278257	0.05026577684224935	3.0
0.018369521773621146	1.5455498250483357	98.2149575789423	0.005293366067496682	0.21582970816822886	3.0
0.038200528044088404	2.077354140308774	97.75388806317007	0.008654218329845972	0.12190305014721059	3.0
0.05524187926512411	2.686863593619412	97.00287893463384	0.026564794241605988	0.22845079824000816	3.0
0.798480584876759	8.717103342804737	90.03001992947597	0.03884597016472337	0.4155501726778043	3.0
8.758973587229745	29.787695844990225	2.1784694641163025	0.07365629674172516	59.20120480692199	0.0
15.84046663991591	4.794548743188292	0.21319474901424149	0.062394928674243365	79.0893949392073	0.0
67.58094894520391	15.677244863457101	0.06747587141932491	0.013514261727972716	16.660816058191696	1.0
46.49924652258246	48.541962209244986	0.049847819040713864	0.20793284293349643	4.7010106061983485	2.0
71.57596552445153	20.75103613893214	0.04297594303877241	0.06729109741179078	7.5627312961657704	1.0
10.155200125299341	85.59967148039863	2.14092037133817	0.45213000524201186	1.652078017721868	2.0
5.717359722074401	89.81314172801922	1.5782755708817555	1.0498551206228983	1.8413678584017268	2.0
15.24732260777149	79.37304527586615	0.44176053590544984	0.3055834633549505	4.632288117101975	2.0
2.89459652271242	95.62164195952701	0.826934101443785	0.4399811929965711	0.2168462233202024	2.0
8.950480590112548	89.88109869443952	0.2740191740277352	0.6105004356956787	0.2839011057245324	2.0
4.197626076405395	95.03691047810537	0.35241587224543747	0.25656912132604626	0.15647845191775267	2.0
1.4550713912428412	95.40444433878433	2.664187741796549	0.2798324033314216	0.19646412484485634	2.0
0.8264544640157955	97.28006685758021	1.6063414863240162	0.09888248056229275	0.18825471151767473	2.0
1.5066646156493888	96.64018141337668	1.458029365355203	0.11101400892000134	0.28411059669872957	2.0
0.7651813208776111	97.15541779420495	1.7988024378457768	0.09857837630570979	0.1820200707659553	2.0
0.9627840970155068	98.02833708656098	0.7213070017935522	0.11521937643341609	0.17235243819653873	2.0
0.8420776147165678	90.29840703355602	8.52674321255086	0.1371216860761625	0.19565045310038082	2.0
0.826186301351187	96.72266433682545	2.209664755150613	0.0875351942391607	0.15394941243359261	2.0
0.7700244528163005	90.9136754386227	7.950136362950411	0.13317427868371592	0.23298946692685524	2.0
0.8311010132501452	93.85411712886105	4.963948273098525	0.1099697246332993	0.2408638601569915	2.0
0.3930466552449308	73.47685096307576	25.875758935538673	0.09013784767622607	0.16420559846440183	2.0
0.20824341411770797	48.003826056159724	51.597495135760376	0.052180734516435394	0.13825465944576537	3.0
0.25500653840741233	32.079512949597834	67.33311107692424	0.12651517819890926	0.205854256871609	3.0
0.09718261058391588	18.157353785928642	81.61100448959326	0.0397648124042113	0.0946943014899697	3.0
0.36427644599656467	40.0296514531845	59.3008181429161	0.07084283527821897	0.23441112262460811	3.0
0.3476080683037164	73.91059762642998	25.51950728714967	0.05427047325406872	0.16801654486256554	2.0
0.18109217503236852	47.114063104513455	52.56596292907451	0.03236991904689403	0.10651187233278725	3.0
0.09688007318971521	41.26466607817057	58.55370433606913	0.017239330472923562	0.06751018209765644	3.0
0.10908644231589817	48.59911668956408	51.07818017834557	0.029102868681894902	0.18451382109254721	3.0
0.13757531845421098	52.74774162234648	46.87977391945511	0.0495705764217433	0.18533856332245152	2.0
0.04331007045317232	21.666599514762368	78.22202124523166	0.008039341282287069	0.060029828270514	3.0
0.045489121471629465	15.603872091075493	84.24125477453526	0.018877916212608748	0.09050609670500383	3.0
0.024826599753401665	13.44551207933547	86.45154825027448	0.01091740522846117	0.0671956654081759	3.0
0.026642844737362715	9.551824294055415	90.35105674227673	0.00819543801803675	0.06228068091244845	3.0
0.041843694701993873	19.212620656085793	80.67578811345169	0.01248059437395694	0.057266941386594244	3.0
0.03771263313036114	12.376769781830992	87.51995517825486	0.01195726801922579	0.05360513876455053	3.0
0.03332879352480393	10.256842012314436	89.6382191604784	0.006551001242515685	0.06505903243985443	3.0
0.04796787744787888	11.97926322681888	87.89541738757272	0.016413065446382977	0.06093844271414201	3.0
0.07907532325553643	7.533307029658805	92.28230123346303	0.01644950518825872	0.08886690843436673	3.0
0.09198947107770113	9.802840061079042	90.01345493900307	0.026047116114123785	0.06566841272605935	3.0
0.4014714730260203	18.739466663481775	80.54411249923719	0.09940830524075248	0.2155410590142628	3.0
1.1283283236299817	29.15355794105579	67.03481376099562	1.6038300515444637	1.0794699227741278	3.0
0.8642476110166504	29.976520051636214	66.94376930741981	1.905529293413545	0.30993373651376604	3.0
2.870242513733836	53.36294150524028	33.98408468079244	9.048902412735577	0.733828887497853	2.0
3.184269127989044	59.586781129211005	0.3819362149317711	36.29900717818706	0.5480063496811128	2.0
2.10148567676285	33.065714047509715	0.8410728197502019	63.435614330878145	0.5561131250990928	4.0
2.11973713048134	69.7835093663612	1.7044853613868025	26.001385891239142	0.39088225053152614	2.0
5.081729992916302	26.331168582109864	0.10462136109521522	67.9873292226072	0.4951508412714121	4.0
66.20334735953546	13.662070727712766	0.008661708608788473	14.793341259461501	5.332578944681496	1.0
70.6622211744646	17.253768328571283	0.009733911503672315	8.152104930523286	3.922171654937147	1.0
42.04942232885378	36.669937724752884	0.04574972122000736	20.839794282282117	0.3950959428912112	1.0
36.61674425434281	13.249930616692989	0.011769586376713713	49.602639437632305	0.5189161049551847	4.0
6.200767621522023	40.20060910748759	0.09376343831707727	53.09337688747574	0.41148294519757894	4.0
0.9236267801390036	3.115903196877949	0.005913595354822632	95.81780310548062	0.13675332214761501	4.0
5.004044223300085	16.962343628926916	0.010907433431760127	76.25343616439754	1.7692685499437037	4.0
1.1062157920265783	4.219238858532511	0.007509595356410672	94.57362925340746	0.09340650067704889	4.0
0.25000575010057036	0.6315467152673327	0.0018385959076242908	98.97995144276477	0.13665749595970367	4.0
0.6868142624653365	1.7294685911491499	0.0013808010782787937	97.5136610663739	0.06867527893331928	4.0
0.4862606218259424	0.5152307565369129	0.001182900079839824	98.96769419156158	0.029631529995743096	4.0
0.3243656264394733	1.0273511114950926	0.0015998819675993507	98.6144055393039	0.03227784079392937	4.0
0.2002426264354907	1.162735745337389	0.0037665475048104936	98.60587125178931	0.027383828933011632	4.0
0.31581137637222534	1.597002980333497	0.0012723459103295646	98.03855848335589	0.04735481402806614	4.0
0.3359576799738928	0.7471082310558911	0.001548112121174522	98.85256540837719	0.06282056847185206	4.0
0.6362337797410658	0.7173687301413417	0.0008376291135644481	98.59596486139962	0.049594999604402945	4.0
1.3938635067198708	7.8879116471404025	0.005848928814135405	90.63420753068937	0.07816838663622748	4.0
0.2952791592333327	0.28698978737319886	0.0009501213886099212	99.3233986118671	0.09338232013776374	4.0
5.222855025133084	1.176164538768805	0.00034545504395439204	93.39142268330936	0.20921229774479486	4.0
11.623419353566417	21.056900885415406	0.05353959508218173	66.35795210362521	0.9081880623107756	4.0
76.34122066359713	7.815439191736926	0.005746483016403463	7.029162935960236	8.808430725689329	1.0
5.169444749966791	1.0985931932502004	0.010863479612986844	0.26861605933009053	93.45248251783993	0.0
79.87672700675631	8.81957529758115	0.023637208895845627	9.861535510903934	1.4185249758627458	1.0
50.61451649837405	45.852497776838916	0.09445256940226344	2.909842285624668	0.5286908697600979	1.0
10.486355779869738	85.99763924971981	0.9381077009320388	2.1156089760853516	0.46228829339306177	2.0
2.19745797972264	93.82100366521256	0.46683939825746046	3.3739121453720577	0.1407868114352679	2.0
1.6146845186274232	96.2363939854556	0.5430912510501469	1.4972277685180824	0.10860247634873689	2.0
1.100211174370388	97.053509032929	0.14845210808659343	1.6054819961122446	0.0923456885017499	2.0
0.9051333940328082	96.8457868804735	1.0346993845001116	1.1579164791163041	0.05646386187728777	2.0
0.36813087153199414	98.65418648633221	0.367726667701084	0.555057352679088	0.054898621755622566	2.0
0.18030388758899876	99.06771211180758	0.480496129202112	0.23530300048820044	0.036184870913089855	2.0
0.3958098144584765	98.76779848800614	0.5985054669138863	0.2082635973441906	0.029622633277300428	2.0
0.47242268786792696	98.73308739052591	0.584256980082132	0.161252769411954	0.04898017211207587	2.0
0.961509768815872	98.56114039383341	0.2308285997298605	0.17902648176065886	0.0674947558601941	2.0
0.8545970980754776	98.31808122557418	0.43141628099032847	0.3113848428850408	0.08452055247499103	2.0
0.2811696648365111	96.71264470467446	2.7248868637446164	0.2374763347305484	0.04382243201387506	2.0
0.6838311427930389	98.1355161426653	0.7346104905934405	0.3478389741519695	0.09820324979624193	2.0
0.8819070461321463	93.728453576201	4.527505838970775	0.7742541691710593	0.08787936952501499	2.0
0.7986222002443066	95.39162796231241	3.491741440335346	0.259085533552231	0.05892286355570723	2.0
0.6054147912964237	97.83499609199205	1.2774291050087059	0.21596810233816965	0.0661919093646397	2.0
0.4935635368234138	97.39191962396589	1.8785017859988922	0.16510711445773746	0.07090793875407785	2.0
1.0733199383965326	93.60459070698212	4.83401843923132	0.3749103269289815	0.11316058846104142	2.0
0.5066559001041336	68.78670561266756	30.46441227321395	0.20198818749766118	0.04023802651671328	2.0
0.578351561735282	97.2755170111096	1.8466571308054118	0.1969344133497494	0.10253988299993501	2.0
0.6304474008742753	91.74740004494872	7.44319171876622	0.08504380458377618	0.09391703082699411	2.0
0.8597388498860109	92.23073034650723	6.682531805424556	0.13124513338612398	0.09575386479609385	2.0
0.3924728010379787	97.84289551922123	1.5838189941476388	0.11147641010181764	0.06933627549135175	2.0
0.4133792520346276	73.268339718576	26.18481627252268	0.08219554100863603	0.0512692158580573	2.0
0.42011818768099146	88.7261272200125	10.524351663166444	0.22163732473810693	0.10776560440196298	2.0
0.1639908353399637	68.88117814904128	30.84383881460187	0.060737727251942444	0.05025447376494234	2.0
0.14926000911896464	40.28260940791058	59.493484990553355	0.04652878603017612	0.028116806386923328	3.0
0.5497062422146207	79.52399760365732	19.80289899723651	0.08313061853764013	0.04026653835391221	2.0
0.17909568445689578	80.23631826623115	19.453979537236215	0.07916137093049999	0.05144514114523853	2.0
0.13776043440674443	29.722801288995875	70.05632298694152	0.029823010125635218	0.05329227953021075	3.0
0.06251373721742066	28.3962583377402	71.4959657874486	0.01713574026687433	0.028126397326896348	3.0
0.14390337917816456	49.969556358865184	49.79037928226395	0.029537185564463494	0.06662379412824984	2.0
0.15656975769179357	31.548382982996703	68.2206698048762	0.03433318623296092	0.04004426820236041	3.0
0.14555449708929705	33.91775419935421	65.7910967298045	0.04222595557282072	0.10336861817917488	3.0
0.15243810659227264	57.191793355811136	42.55603878241971	0.03627892850681734	0.06345082667006738	2.0
0.052293276323553094	14.451175082656833	85.44860486032611	0.011521076570335095	0.03640570412316665	3.0
0.12243820356118097	32.008086839564086	67.77891288184048	0.026356064432446074	0.06420601060179301	3.0
0.08422807370675121	25.303529009649868	74.54868265084184	0.02412189561869826	0.03943837018284669	3.0
0.02992724125459385	4.9301490924931475	94.96436991509367	0.029554479226445305	0.04599927193213594	3.0
0.057701290333890695	8.278275788396309	91.62531107335958	0.005985486040297636	0.03272636186991065	3.0
0.09034542091310087	29.349256475020248	70.46521977731737	0.01928077948426872	0.075897547265017	3.0
0.032414531855385634	9.853306994447331	89.99823132697098	0.016592628068221413	0.09945451865808023	3.0
0.013373515413337738	4.662181562251445	95.30197740750953	0.00458023376837235	0.01788728105732542	3.0
0.040973433452289376	13.48544957873104	86.39850055423287	0.004201482609516518	0.07087495097430312	3.0
0.05331153946462406	9.505773404151883	90.40408042525799	0.0069460949218755706	0.0298885362036287	3.0
0.018235594452882458	3.362037035432585	96.57919858781568	0.010748651195979118	0.029780131102867962	3.0
0.03604812307758401	3.914728149516894	95.99739948183824	0.012157143387688708	0.03966710217960735	3.0
0.009959552525066298	2.1427834433160036	97.81033512555607	0.0043023248457179876	0.03261955375715684	3.0
0.011839067685473133	2.0728475096295806	97.87754111588902	0.007441578289490759	0.03033072850644024	3.0
0.007276324927863031	1.044858981927898	98.90326318102247	0.005041339355360432	0.0395601727663849	3.0
0.017658296745548006	3.943461719195476	95.98117572025006	0.01055476972074697	0.047149494088141765	3.0
0.010087030224436841	1.4783679869632467	98.47149711148744	0.0069766196918199	0.03307125163307342	3.0
0.0068788111301468086	2.0980221006784032	97.84011908113995	0.007587398653481767	0.04739260839803364	3.0
0.01581894706591288	2.566449068865035	97.35857600090094	0.015422684445232513	0.043733298722875485	3.0
0.005671650551252386	1.3875884064082218	98.58133090742281	0.004834923843886439	0.02057411177383701	3.0
0.014492071559421836	3.01222105556989	96.924928351419	0.01236857265113793	0.035989948800541405	3.0
0.007493600951053318	3.129262110562254	96.79329696165817	0.007826615682437445	0.062120711146077805	3.0
0.00442681631240118	1.2424453229424823	98.72621198474206	0.002770168303739454	0.024145707699321357	3.0
0.0078093144367966695	1.2697554082173004	98.69357380563486	0.0027998941336153968	0.02606157757742803	3.0
0.0058236513498426574	1.394607730200093	98.58440262693992	0.0015001801010660187	0.013665811409083907	3.0
0.0049546503162726085	1.206550858162542	98.75587923858446	0.001492846962510052	0.031122405974218795	3.0
0.0036317698414856815	0.7977891653294548	99.17976177923894	0.0015447606901729573	0.017272524899918113	3.0
0.006700373164358297	1.4040483205727408	98.55657002055301	0.0022922758263179076	0.03038900988355779	3.0
0.0034185743700379566	1.0773043553370503	98.89989538974085	0.0015792843413931917	0.017802396210664567	3.0
0.006136081819981853	1.0943795496710609	98.86815678909939	0.0015806408778678293	0.029746938531698332	3.0
0.0062786669105642755	1.5476719754368795	98.3794890787943	0.004536075706888703	0.06202420315138484	3.0
0.006904719331780029	1.6659384343856918	98.25352052333812	0.004316150367718001	0.06932017257669638	3.0
0.018803043692878597	2.432299378899885	97.39600785414059	0.012447806442675157	0.1404419168239507	3.0
0.05624566162998623	3.1018175609420933	96.57915193720325	0.029239613391143355	0.23354522683353077	3.0
0.047012277767741285	3.6290673709269057	95.97315636573248	0.06133442964313575	0.28942955592976005	3.0
14.53842202686264	19.878937213005557	1.3550269951990133	0.26454327527806165	63.963070489654726	0.0
46.2352393022976	22.226466584951655	0.37886464231355443	0.2648515907871157	30.894577879650075	1.0
68.89911390049414	19.925116391902147	0.13287104000462008	0.1777004782519035	10.865198189347183	1.0
41.279355189468546	45.545181186699935	0.2876617133206558	0.15401940808651315	12.73378250242434	2.0
16.23520257876985	77.85729481222981	0.334293706966339	0.45009126025138985	5.123117641782616	2.0
48.63777230352248	45.53267139467477	0.565831593159873	0.4786133777854262	4.785111330857432	1.0
10.568084723261224	87.6558125575949	0.43196565356090655	0.9973310049754535	0.34680606060751606	2.0
