N1	N2	N3	R	W	anotaciones
0.32665640010475094	0.06661868188807689	0.0007760155596083206	0.0011055173896604863	99.60484338505789	0.0
2.8312670755328218	0.12259030578542678	0.0003719183626335783	0.0010812061799021163	97.04468949413922	0.0
83.33924256316436	10.064633880067566	0.02714875239835499	0.010769948493861575	6.558204855875864	1.0
51.34376140937994	12.380933575456243	0.019417392889447355	0.03329989838388879	36.222587723890484	1.0
19.036396052573746	62.967018242342334	0.29581052067222463	0.060631017678034665	17.640144166733666	2.0
12.469039280022125	72.22204409610777	0.7970303762108222	0.046564530294222556	14.465321717365079	2.0
13.168099564424478	71.6659970422015	0.8633392136544253	0.04871035202886577	14.25385382769073	2.0
4.71569341580629	81.50842105837422	1.0142633072381966	0.050411727132085284	12.711210491449206	2.0
5.5719706462543135	76.19965319800012	2.131974534510923	0.04702232426590591	16.04937929696875	2.0
3.370899732859383	77.84100678601632	5.020470388895087	0.02478938628853544	13.742833705940672	2.0
5.867156489858134	78.24808248323069	3.731336907798565	0.03865660170227652	12.114767517410337	2.0
2.3908394583105794	69.45916789563607	5.989339728678571	0.021026239371665877	22.139626678003086	2.0
3.8642083103058935	43.19427070341996	25.232524206416855	0.014152667224159903	27.69484411263312	2.0
18.729618103244274	69.08219161115761	0.18018867462946908	0.08267771118446517	11.925323899784178	2.0
4.4862699895774645	84.91374495197152	0.837671355300436	0.007133313517592162	9.755180389632978	2.0
6.732687780145503	86.84148926002298	2.004993186464422	0.013690846555269243	4.4071389268118075	2.0
2.759942648238995	57.08213298467991	31.939673864116923	0.007296598995379556	8.21095390396877	2.0
2.156518637270013	53.43738371555713	29.39731534075147	0.007366700653705135	15.001415605767676	2.0
1.6314663310867783	29.93582737272838	64.40313779370133	0.005033514225274045	4.024534988258236	3.0
1.301109675501148	43.85614149992407	46.256809852278785	0.0024903708655272237	8.583448601430458	3.0
2.2787509210725836	48.219429109405155	44.33706079921262	0.005053545025789062	5.15970562528384	2.0
0.8138125703018023	30.373462704236804	64.92787149945329	0.003866470979173022	3.8809867550289243	3.0
0.8553879445999486	20.210127475087553	73.4890648416835	0.0035477641542242607	5.441871974474756	3.0
18.27398224561189	45.25961149455896	2.0203353924372998	0.008134337583797582	34.43793652980805	2.0
8.233494510674321	83.46741746417939	1.5651862315762446	0.01622939100479673	6.717672402565252	2.0
1.5191243460457535	25.75125242188781	71.50322282893119	0.0016817833251371332	1.2247186198100928	3.0
1.8571006635605407	25.199638857755964	71.20587079168337	0.0026169683557976174	1.734772718644332	3.0
1.4337447817604076	38.749385901843006	56.05947017226908	0.006761482360123643	3.750637661767385	3.0
1.4967951573729634	25.487781875789373	70.01451420170007	0.009365270525046408	2.9915434946125345	3.0
0.6606292819826105	11.457366465744272	86.43563571284095	0.002692987874870967	1.44367555155728	3.0
14.22703926789428	70.91143863434652	3.6813302171940876	0.012386249643119518	11.167805630921986	2.0
7.619900152180183	67.69028741651252	12.000990718898391	0.005502278403157153	12.683319434005764	2.0
7.215632707280129	83.4236871233131	4.112811123029375	0.011025463081723896	5.23684358329568	2.0
7.379037106955752	77.34572534891689	10.225694050373448	0.004956635174446004	5.044586858579466	2.0
1.3377757328098203	37.409832038314526	56.85480645585778	0.0036338594198491512	4.393951913598015	3.0
1.0191226656307875	20.870206007298762	76.67530122862011	0.0015850696381767206	1.4337850288121399	3.0
0.9387376759800256	14.321403623967836	80.52811156297957	0.0012329217775703721	4.210514215295006	3.0
0.8687263101806642	13.48660662043814	81.27368024654811	0.0012892706754441376	4.36969755215766	3.0
0.19826583427125358	3.5163175821328796	94.61026148469924	0.0010955248368564212	1.674059574059772	3.0
0.9404320949324587	22.959481794467	71.85466594178239	0.001774781355538781	4.243645387462611	3.0
0.17666081024824237	6.607363340205989	90.47068764265099	0.0006226581154180938	2.744665548779382	3.0
0.17602019063671007	5.541644296295057	93.58630189614725	0.0008236382401161217	0.6952099786808718	3.0
0.16357029729125885	6.611045819530868	92.65531243276396	0.0009006932539453698	0.5691707571599596	3.0
1.344019907241769	28.150161421642096	66.36500459761298	0.003347808413905308	4.137466265089248	3.0
1.9654792446778289	32.29923741593292	60.518110792758186	0.007795696542095655	5.209376850088966	3.0
0.8833037615824395	24.996154683554366	70.94143473263306	0.00866929902407819	3.1704375232060658	3.0
4.345675315604878	55.98906431126526	22.90516956529466	0.011796017474015923	16.748294790361193	2.0
18.016757333783602	66.35089963140945	7.389663093492942	0.010746240251975367	8.23193370106203	2.0
14.071985235070224	79.10368813715776	1.8616737003209352	0.03111241674225019	4.931540510708833	2.0
3.458117759690279	50.418906654492005	40.59392764618372	0.008875042355226747	5.520172897278764	2.0
4.282992670684778	65.04392666620537	23.720285980758277	0.019142430943377083	6.933652251408176	2.0
0.9054208359452042	27.79765992212132	60.639704227430066	0.009156083071034818	10.64805893143239	3.0
3.988411109235047	14.263172736477896	0.9711928055749428	0.013348148798052588	80.76387519991405	0.0
26.4984768779112	49.89203770688614	0.32775347759131007	0.06369684825109373	23.21803508936025	2.0
15.93634050955993	61.24488249488671	0.6848172894943039	0.0274715104497755	22.106488195609273	2.0
13.150979536913404	73.94160288436649	1.062393055584135	0.020484017282812343	11.824540505853165	2.0
14.395268580191761	68.00408084626591	0.4903578922570977	0.02944307766149935	17.080849603623726	2.0
22.402432668382165	65.92144636190443	0.7100074489800328	0.03614473837970908	10.929968782353646	2.0
23.25366176791554	63.30590307222913	0.410651918211161	0.08189889665353572	12.947884344990646	2.0
14.955373088932925	45.705339489228834	0.5466455066958268	0.04402153781798001	38.748620377324436	2.0
6.209287614662118	79.46543419016832	1.9248835305290277	0.037427224666541706	12.362967439973978	2.0
8.442540648393907	68.45733279463708	1.335118200273143	0.03210279814117663	21.732905558554684	2.0
8.821805684342195	53.08698788338111	1.3079755201958627	0.0240055094430554	36.75922540263778	2.0
2.972336905383213	66.83408552682134	2.011816945690547	0.012969956359634851	28.168790665745274	2.0
1.7626088912446172	13.781991755167262	0.051252085480355536	0.005764842827883589	84.39838242527988	0.0
0.047744902612825116	0.1674884376063205	0.006347137594506034	0.001455933845471826	99.77696358834088	0.0
0.03563827967242297	0.043521135321905234	0.0061049298398072015	0.001583045763210245	99.91315260940266	0.0
0.16160500219734225	0.11066428445582227	0.011374298407553142	0.0019018568822487497	99.71445455805704	0.0
2.10003547284128	0.038948072073666844	0.00037694073145557756	0.0003734470653602574	97.86026606728824	0.0
4.110570109064087	0.11333756497394985	0.00023168738243439945	0.0009699215092117133	95.77489071707032	0.0
15.183234334066395	1.4373898167351917	0.0021447565119763574	0.0024771702823183053	83.37475392240411	0.0
1.6878847208965504	0.21479012372754405	0.0010091190018775766	0.0009899301874414716	98.0953261061866	0.0
18.10459928172151	1.3250558260736176	0.001182372627053916	0.0019179264833303654	80.56724459309449	0.0
16.526905125785753	0.9754383117333904	0.002333028042744936	0.0023141769885159096	82.49300935744958	0.0
42.459581905521524	12.734882698456365	0.023499873047573245	0.021559268269534335	44.760476254705004	0.0
42.80516713377816	51.914944914655834	0.061432906192884315	0.01953194570413746	5.198923099668963	2.0
16.968534925222365	79.56861161173957	0.09148769089691249	0.04755909954695179	3.3238066725941975	2.0
9.748078285515405	87.62679187117925	0.5155498832672984	0.06521305825401197	2.0443669017840156	2.0
7.817518117627739	88.14455954838708	0.8042618966825313	0.0511771743655647	3.182483262937077	2.0
5.9861583223754105	90.93511703031517	0.6412644096611134	0.03101073755244888	2.4064495000958677	2.0
2.421228564867271	93.23674829242317	2.3144987755303825	0.03816671388589953	1.9893576532932629	2.0
2.1320688271654533	91.67864533437418	3.7728277422173577	0.011737691283510118	2.404720404959505	2.0
3.625520659437715	89.43627032444572	4.469595348618782	0.025369345366829877	2.443244322130944	2.0
0.8565803595208636	64.4808224785045	33.9748339746086	0.007011751843241167	0.6807514355227756	2.0
2.679699279578399	92.18811471560431	2.8171878972384228	0.007991075851592326	2.3070070317272777	2.0
1.355218606380752	84.7931888991432	12.38202324071058	0.003926529954699264	1.4656427238107634	2.0
0.9107248239331716	50.343859962799186	48.29873778089569	0.003256571365860175	0.4434208610060943	2.0
0.7229322237109295	39.604271078177746	59.347707410899844	0.003820993584767801	0.32126829362671344	3.0
0.46395500662110845	42.98759159430924	55.88053360897985	0.002898472304237098	0.6650213177855673	3.0
1.7047897528120752	87.59096597603315	9.503201472236318	0.003919140819575087	1.1971236580988995	2.0
0.5566919871142216	17.797747729315184	81.46455306038271	0.0024536423545223397	0.1785535808333649	3.0
0.1408949620686293	9.911859342717102	89.86331378345773	0.0012377792996029907	0.08269413245692811	3.0
0.30117387849175836	30.914708354902526	68.32809010055301	0.0015536847022370114	0.45447398135045186	3.0
0.23498859309931203	10.304209203383403	89.32274503527151	0.001027050425136125	0.13703011782065355	3.0
0.1926678100407546	11.746213605822966	87.99860574935265	0.0004492663881399474	0.06206356839548509	3.0
0.013547879305213407	1.3300497282484924	98.60295183320707	0.00043867436232995484	0.05301188487688424	3.0
0.047577109534529025	2.8578938175322985	97.0341269303209	0.000400755631916013	0.06000138698035445	3.0
0.07643784778307416	6.355181489923363	93.48911516060211	0.0020254636797231366	0.07724003801171714	3.0
0.029290080145521456	1.7232033389384702	98.18225304976842	0.00032434730542460775	0.06492918384218546	3.0
0.023221419006544678	1.7345044819598854	98.20320209735233	0.0003037144737942943	0.03876828720744851	3.0
0.04394335312906415	1.8307603125478866	98.05661638450735	0.00048192162018978447	0.0681980281954994	3.0
0.09017978439829638	4.151026447808028	95.61369790682306	0.00026878620204960553	0.144827074768566	3.0
0.7612795526044444	30.443263828556983	68.41188932337306	0.001400957198756833	0.38216633826676866	3.0
0.21286912101262717	11.282121543614913	88.25805916890339	0.0010146750060954263	0.24593549146298982	3.0
0.9747733637117794	57.28357936827114	41.35911358335601	0.0017683895319788143	0.3807652951290826	2.0
0.07132795431817868	5.327416021670098	94.4832940120645	0.0004633011411378856	0.11749871080608215	3.0
0.14467983937591422	17.594969135237353	82.1260859006202	0.001841248099892027	0.1324238766666414	3.0
0.10495245419702656	6.922880413379062	92.84383502539241	0.001208758167946802	0.12712334886356105	3.0
0.014295689029444418	1.8971904177277614	98.04992319401974	0.0004836580367982226	0.03810704118626822	3.0
0.009041772468773118	1.0661388233693818	98.8801370666949	0.0006254641564275148	0.04405687331051388	3.0
0.012560636941148074	1.8260076517336494	98.094514167276	0.0003454894611890622	0.06657205458800435	3.0
0.021722199583092728	2.023720549723419	97.90596700067731	0.0002944245044201483	0.04829582551175497	3.0
0.0065340760787267515	1.4577801383405589	98.50494625776352	0.0001720133703287382	0.03056751444684927	3.0
0.00477962607294729	0.46695929389136304	99.5070520372762	0.00014197641189892988	0.021067066347594317	3.0
0.006183669902721565	0.5967047346124829	99.37051964179547	0.00016892163661587185	0.02642303205272159	3.0
0.0032358787787661485	0.4598834102677381	99.50954824833934	0.00016682700174985556	0.027165635612414342	3.0
0.0030125511093955734	0.345572928235889	99.63366180313791	0.00016037220976086424	0.017592345307036083	3.0
0.002530541703853224	0.5619981137811989	99.40810893562079	0.00016053711355542744	0.027201871780609035	3.0
0.023277416493167682	1.3497552254504819	98.601634046369	0.0001043087977650264	0.025229002889604512	3.0
0.019118250905755405	2.24261253601577	97.69972184698736	0.00014984651633354997	0.0383975195747811	3.0
0.007546543734603315	0.8724245347406963	99.08835528309231	0.00023771846893530515	0.03143591996344772	3.0
0.012629731487118545	1.4919850580513923	98.46823532244326	0.00032154298984368333	0.026828345028396892	3.0
0.005082911524540606	1.1754776780518572	98.79480655297492	0.0007995221655108897	0.023833335283189285	3.0
0.005253163211199415	1.5185309197101706	98.45191265775486	0.000782821074869412	0.02352043824890861	3.0
0.0018753783975248327	0.9663238944020075	99.00649842897151	0.0006704625442445557	0.02463183568470899	3.0
0.0023103849345410166	0.9036463707536067	99.06928488079066	0.000937631997749504	0.023820731523442214	3.0
0.0018095756472546458	0.7343883291739548	99.23218711420508	0.0011180632201909693	0.030496917753495473	3.0
0.005238194391907206	0.6212018916054226	99.34168699430515	0.0005384092485481459	0.0313345104489671	3.0
0.004558698171777646	0.8287060468750502	99.13566411670953	0.0004641640537978336	0.030606974189826077	3.0
0.005003567212302894	1.084536344213377	98.83819574346471	0.0006950273532527744	0.07156931775634574	3.0
0.002625326825591989	1.1932024037887956	98.77730680852594	0.0008482850597982809	0.02601717579987019	3.0
0.007714949378251976	1.234985074365274	98.72166281587808	0.0014218089499936993	0.034215351428404636	3.0
0.002942024056615109	1.1193323728945381	98.85011899085117	0.0006586831323028127	0.02694792906538501	3.0
0.007237325561607814	1.1751678349798838	98.76414566090398	0.0008982591275756848	0.05255091942694746	3.0
0.0038819748390698165	0.7652805436293378	99.1958650656059	0.0010084118573994594	0.03396400406829615	3.0
0.018215638874895898	1.6702955782042197	98.23708138780451	0.0036565446134528097	0.0707508505029304	3.0
0.08843925230520165	5.706809564441531	93.89845738664768	0.017564985495707834	0.2887288111098925	3.0
0.0690961621348107	4.52319802098395	95.16668766896088	0.022009419611106317	0.21900872830925075	3.0
0.0781284006547513	5.024728931923014	94.57154228955585	0.03726275413459129	0.2883376237318137	3.0
0.06752636979821841	10.643333176741795	88.41594542508689	0.0741963919561516	0.7989986364169513	3.0
0.49795720556244083	0.9074912085270109	0.13833119446112643	0.014905626892623374	98.4413147645568	0.0
0.3578754455733989	0.15222232458959922	0.00822474294901637	0.003578705831444199	99.47809878105653	0.0
50.70359700183229	21.089641751288866	0.12372478967280336	0.0782359004248773	28.004800556781163	1.0
59.40476145741555	11.886637474112225	0.05326170403850814	0.012912564185995673	28.642426800247712	1.0
74.03395246741943	16.872455127755394	0.06677734075837903	0.011008747333434377	9.015806316733386	1.0
16.610284479952448	76.5634262175368	0.4610620441179643	0.01135918946602653	6.353868068926763	2.0
15.277609702302414	11.052542884022388	0.13723359650306444	0.017676322116304922	73.51493749505583	0.0
42.932332734287954	45.461844989394535	0.0726857268313086	0.03424443132492913	11.498892118161264	2.0
17.36098812530422	68.8220454290698	0.5441575121791344	0.03467427527944884	13.238134658167395	2.0
28.796216444099628	65.48101751417256	0.6796416289363411	0.026206935177321432	5.016917477614132	2.0
3.388873221968991	9.35957275120569	0.21366483308236459	0.016079451245935714	87.02180974249701	0.0
28.127866577748144	28.907851554297654	0.3400583128250184	0.0566718505969837	42.5675517045322	0.0
77.74367293630206	16.76705731641487	0.011858594684414064	0.048472649110314	5.428938503488332	1.0
24.047463065032716	65.02169084264719	0.47701770849697667	0.029547902841367248	10.424280480981766	2.0
32.8268416430856	65.42375222821441	0.1479733364003313	0.015904422155038952	1.585528370144599	2.0
4.751988601483405	93.01539297651274	0.43149648165701804	0.009651788661590964	1.7914701516852378	2.0
1.269644504562525	93.65356099582796	3.7840645869279386	0.005963440050490152	1.2867664726310957	2.0
1.2630865598218144	97.24326797097288	0.1737414877957088	0.008672973268845217	1.3112310081407632	2.0
0.9263019132807311	95.80249893380211	0.5213912620547637	0.014024060768292861	2.735783830094079	2.0
0.9369450565138326	91.52047909921922	2.3260047584293524	0.01764439567116196	5.198926690166438	2.0
4.226143423361643	54.729986628287705	0.5628932354241791	0.034727689830714184	40.44624902309576	2.0
0.058769906331496514	0.051006045534834864	0.011357953018912693	0.00102000177728149	99.87784609333748	0.0
0.2287926095311263	0.03952769927678576	0.0033467179952337126	0.0008052065874802861	99.72752776660938	0.0
51.42642192160301	3.341401499235768	0.009437129919339048	0.021488357729302146	45.201251091512596	1.0
32.06103600706257	48.448555309417	0.38823312575386965	0.03548616034469853	19.066689397421865	2.0
7.809475121038095	83.53843682854819	0.238742565236636	0.03209660754169007	8.381248877635405	2.0
10.429786370240617	12.0144815105443	0.07230064203819674	0.04256825193629661	77.44086322524059	0.0
11.76180340508012	72.04770346041443	0.3248438877786644	0.09030938643828698	15.775339860288511	2.0
39.103942279175904	55.27768009257995	0.15098063043624027	0.056207701770137355	5.411189296037762	2.0
14.056597000134072	81.86892474689556	0.6613984904465368	0.029637180658862495	3.383442581864967	2.0
5.84435235531118	89.07128117331602	0.6277075006818058	0.04466600829876772	4.411992962392216	2.0
1.635576022587882	92.22798871490285	1.1636591275188135	0.015801244199329358	4.956974890791117	2.0
0.9082622828040796	87.5156844997785	6.963566120414876	0.010742754790148391	4.6017443422124	2.0
0.5655466836489018	80.46536679997757	17.245025191819817	0.008796426631507521	1.7152648979222085	2.0
2.57085387685927	86.7871139403602	4.326671854925455	0.02679038197693659	6.288569945878147	2.0
1.2791430020417094	78.37960383617461	18.669511949573888	0.01774201660007509	1.6539991956097133	2.0
0.3385506762389103	36.50644531233995	60.98515402001635	0.004748672423868565	2.1651013189809207	3.0
0.49293352778360955	69.69357943531563	28.604572124989424	0.008754839401404257	1.2001600725099424	2.0
0.16197935925558454	21.792899737685804	77.59018353467606	0.004404154941853617	0.4505332134406996	3.0
0.3652251722401102	74.96507928626005	23.754333309515356	0.003479905272175349	0.9118823267123134	2.0
0.0344293042477916	6.688370776478769	93.0631038381468	0.0012217265712215672	0.21287435455540094	3.0
0.12048612093317516	16.819697651947948	82.60498591796781	0.0012326807315717978	0.45359762841947493	3.0
0.04424768885550312	7.679473357865832	92.18797424418183	0.000900100703323643	0.08740460839351949	3.0
0.026350183117764464	3.344299036422337	96.54215892607793	0.00039846664087966644	0.08679338774108895	3.0
0.18777849033588873	34.620715328400095	64.99639992482697	0.001659278694401232	0.19344697774263728	3.0
0.04135886624190752	7.793440219716817	92.09887050255443	0.00035899635623947525	0.065971415130595	3.0
0.04970199401022229	7.407707672933639	92.46413404669981	0.0004882909504114753	0.07796799540592557	3.0
0.05302832173451407	7.293142114401761	92.598235084077	0.0007574150481297795	0.054837064738583643	3.0
0.05874422693515983	10.379736643592093	89.45693717013866	0.000818434738303432	0.10376352459577512	3.0
0.025597227452702532	1.9368728214778235	97.95831426262941	0.0004984601585586851	0.07871722828150178	3.0
0.03775041148845478	4.146196990003848	95.7482697763938	0.00048275551595774264	0.06730006659792419	3.0
0.030093250494022995	2.8664122646993166	97.05071946219726	0.0006373401102459208	0.05213768249913984	3.0
0.03251065861256183	4.377078260770405	95.56009903879142	0.0009852970619448225	0.029326744763638682	3.0
0.026821611805188272	2.810703399969429	97.10592030957072	0.0006041731644252914	0.05595050549021527	3.0
0.03976574324797981	1.9860107407219372	97.95266854086974	0.00042849873288783194	0.021126476427456613	3.0
0.015600421950212186	1.0051711199674158	98.95807786960263	0.0002964404525715653	0.02085414802716961	3.0
0.006150556536329054	0.7517508397675009	99.22598248911495	0.00023891029140435307	0.015877204289821558	3.0
0.008506069019646957	0.9238248214886086	99.03807845200413	0.0004014967339019795	0.029189160753690935	3.0
0.01181547729206137	0.9660894489996501	99.0014399335825	0.00017232311226847186	0.020482817013511793	3.0
0.005940419277987294	0.5918669868808996	99.37570848577106	0.0002978027986670053	0.026186305271389036	3.0
0.10125269029066357	0.8137384497874522	99.06468674627492	0.00033886000052462263	0.019983253646413183	3.0
0.03840820897762548	3.618941177702526	96.29924891798338	0.0007692527858129991	0.04263244255065196	3.0
0.013463562800841837	0.98982358330349	98.9744613339153	0.0003765909837668623	0.021874928996584293	3.0
0.012310095730050158	0.9274394095612072	99.04399319816358	0.000587305303622007	0.01566999124154232	3.0
0.019753258069820593	1.4362939897473819	98.51107293308718	0.00037935746077655415	0.032500461634844685	3.0
0.019378421522025704	0.997755574632417	98.96221896149143	0.00027424892306862544	0.020372793431045404	3.0
0.009670618835100392	0.9386242595168259	99.02189389389054	0.0002648984151975657	0.02954632934236114	3.0
0.017485738508798587	0.9816515401438668	98.96408894431433	0.0004271116561120681	0.036346665376881804	3.0
0.019220224186925282	1.2903432124091903	98.66732657257973	0.00028291067942831655	0.02282708014471951	3.0
0.005891904840791031	0.5829461727016572	99.38843235678205	0.0003194355412127274	0.022410130134281225	3.0
0.009909041426030859	0.732328167899159	99.10167656282468	0.0006395698986860891	0.15544665795145948	3.0
0.09154910150932537	2.987101645828335	96.7670370612684	0.0025793270236954854	0.1517328643702698	3.0
0.14506976596395288	2.904108779208138	96.64647540892385	0.002216492582309498	0.30212955332174646	3.0
0.7039270031592816	9.385073696131041	89.56793126176007	0.00284825737517171	0.34021978157444205	3.0
24.649860730864052	63.61775340749458	1.6266692425399243	0.011391135023963163	10.094325484077492	2.0
5.329458131799333	48.995256004263425	39.745809940640505	0.005429409406347019	5.924046513890388	2.0
9.864316559163179	86.17250542018287	1.7519085552475115	0.009501003964584682	2.201768461441861	2.0
3.876663673092209	75.80402494487272	19.648683733005395	0.005349019571950452	0.665278629457729	2.0
2.440445233240315	85.46831356150982	10.575300240911577	0.006219966073851809	1.5097209982644222	2.0
7.2927342273702775	72.80147289550042	17.5849216416268	0.00328889673943219	2.317582338763083	2.0
15.504207450994203	79.48720388944452	2.4780928890474976	0.0093408933194436	2.521154877194348	2.0
1.3933946587476498	85.94295444555506	12.4252029335422	0.001842371605887487	0.2366055905492052	2.0
4.637506553599703	89.87467809013958	4.826039536686643	0.004130620174770922	0.6576451993992781	2.0
2.90404725666537	90.26131780439557	6.640207451036077	0.009438583468211487	0.1849889044347786	2.0
0.44033561288293377	45.69548420073931	53.753145111102285	0.027702520337650874	0.08333255493782014	3.0
0.389897579988417	67.65067612408477	31.61950006548403	0.09950732679599023	0.24041890364680948	2.0
0.7263415595533067	48.54776618284673	49.89174360104246	0.44383946133665625	0.390309195220853	3.0
0.8558335634576015	66.74107120422728	29.971284324601772	1.4226960587323871	1.0091148489809556	2.0
2.4656008615154006	82.1341293638455	3.637520551254418	10.334378492037688	1.4283707313469867	2.0
3.8554151445870355	58.03084703772424	0.5053442775780635	36.19426127739716	1.414132262713499	2.0
3.5902230242582966	47.5944069954582	0.15864904457829695	48.28888170983176	0.36783922587346163	4.0
4.591691214766982	37.40582005405588	0.03440514246123355	57.2905441284677	0.6775394602481966	4.0
9.25284712262862	44.80867817906678	0.04663177682170642	45.58314247052653	0.30870045095636084	4.0
3.1903666495806893	30.39121230421052	0.038751319372283814	66.18591033418684	0.19375939264965925	4.0
2.020007263122991	32.869739656662986	0.08054073381795424	64.7371060713638	0.29260627503226644	4.0
1.5587716718434417	31.23258389613779	0.05817148185084938	66.67691199113457	0.47356095903334694	4.0
3.08678966452708	24.25623161853718	0.028645454638707914	72.23480756374926	0.39352569854776115	4.0
3.963011402338521	9.895467809502872	0.012095099675084951	85.89715820405199	0.2322674844315262	4.0
0.48060376207223043	2.17052295584467	0.004157897621503695	97.24660013056702	0.09811525389457752	4.0
1.006275761620151	4.644147959410275	0.007204995232266072	94.20110732526874	0.14126395846855538	4.0
1.0708649270609514	2.6257807879140214	0.004727875360148363	96.2248747094088	0.07375170025609144	4.0
0.564166867162751	1.3262551597923857	0.006198800029309497	98.00175871017413	0.10162046284143955	4.0
0.3372209202759587	2.1063127446132786	0.0023173914308628	97.49930523376129	0.05484370991861986	4.0
0.7404523934492941	1.9975877469567673	0.0008793000566228715	97.21146336229809	0.04961719723923053	4.0
0.2681990561276147	0.9704323271958147	0.002518763768367345	98.70203773083362	0.05681212207458037	4.0
1.653058700405705	11.43524708576132	0.013382046904067326	86.58519789834833	0.31311426858058533	4.0
4.574643826567577	9.393530586164989	0.007189188039598892	85.82539768102289	0.19923871820496097	4.0
6.115932250680537	22.80113937811068	0.04068782322934959	70.85900242586422	0.18323812211521567	4.0
4.020421615872979	11.903209398367967	0.01778729769916748	83.53156293802851	0.5270187500313651	4.0
2.450003789410175	7.182590275010472	0.01158708124880868	90.15290549690154	0.20291335742900193	4.0
4.834964411211347	8.993423552222806	0.010766387918955	85.51306460749329	0.6477810411535999	4.0
2.153499836382957	2.7250879033565796	0.006775046904230461	94.9084020892778	0.20623512407841335	4.0
0.4245282519477017	0.819808728708495	0.001334525106749192	98.6614823405504	0.09284615368664413	4.0
0.6287884446338944	1.2377923938334323	0.001640710714915698	97.94638998005992	0.1853884707578196	4.0
0.9574363286998742	0.31191398473679854	0.0005817534649933535	98.63920204975311	0.09086588334523871	4.0
1.3646861266723969	0.8377762629000864	0.0009933644961378858	97.71910875847361	0.07743548745776263	4.0
0.8211740989095495	0.33904837275843214	0.0018419672247691607	98.66636753443913	0.17156802666810997	4.0
0.4872686233616105	0.27385500819086966	0.00015442676743138218	99.20119437318957	0.03752756849053378	4.0
0.6758510178739541	1.1877499028537066	0.0004632811710527003	98.10199894309093	0.033936855010334756	4.0
0.4176158142246129	0.6343518484311264	0.0006336851860518418	98.91209821056728	0.03530044159093937	4.0
0.14366158659512243	1.036660936465191	0.0008411891693255029	98.79133344914153	0.027502838628824224	4.0
1.1170795905782922	14.54465432079639	0.009678362874869782	84.17718306884095	0.15140465690949315	4.0
2.6961025930518123	9.747035323776247	0.006570446662512403	87.36048998013676	0.18980165637265634	4.0
1.173906147193491	48.705765343313274	0.04518391807474472	49.79363500516769	0.28150958625081063	4.0
1.7666536431728455	62.13593212334101	0.020484224294232092	35.59603176427714	0.48089824491477545	2.0
2.323136018702506	68.38093361958875	0.07532750305779734	28.915401170350773	0.30520168830018957	2.0
2.271432249792112	59.65850756713219	0.0786199007689587	37.02360809555786	0.9678321867488573	2.0
2.1611963900064906	86.72229789369639	0.2018648391744085	9.046464988407976	1.8681758887147157	2.0
1.112216516706816	0.7070672919832391	0.03129604221203775	0.37876514508597414	97.77065500401193	0.0
18.134367829876137	70.17486779516354	0.12463349680408434	5.461743633060144	6.104387245096097	2.0
16.6594104097244	71.81214378794914	0.2701247213608579	1.6178007433305164	9.640520337635092	2.0
49.4840930976865	44.99400976747452	0.11220887841512618	1.3237263095655958	4.085961946858245	1.0
10.301345612735487	83.84162037163048	0.17170046240211	1.8665818309958067	3.8187517222361307	2.0
7.01765230206263	88.5694486106722	0.23698650967479748	1.8022922132013304	2.3736203643890463	2.0
10.973808561063178	84.51894783162113	0.2593217507588277	1.7018422347660414	2.5460796217908315	2.0
2.728363620980073	95.1354140011619	0.6167529932232022	0.5636661575405975	0.9558032270942284	2.0
2.4485294552997323	96.31637996649998	0.4761370639600111	0.17452353526841466	0.5844299789718435	2.0
0.9468990775139253	96.52204989024605	1.904615043961484	0.15627961412432695	0.47015637415423717	2.0
0.6996583546183505	95.31291525653522	2.6267093149251393	0.06245745169133954	1.2982596222299427	2.0
0.6406272663730985	95.64137539918369	3.37579025127876	0.028294468231727665	0.31391261493271216	2.0
0.4769985199537092	80.68329162491406	18.41111238794474	0.04388260771927749	0.38471485946821055	2.0
0.9829134269079085	80.91894617702063	17.68500133421631	0.018593840630675054	0.3945452212244886	2.0
1.6151734099278157	87.91943871072203	9.070544195249752	0.046565592722007054	1.3482780913783887	2.0
1.4075433264910813	90.37675906878276	7.675444025615846	0.03399661925021098	0.506256959860089	2.0
0.305776467403023	30.3715470310062	69.03148871316478	0.013538435231263897	0.27764935319475115	3.0
0.7578045652324045	61.52209069575758	37.17467010771357	0.019526610578667274	0.5259080207177832	2.0
0.6080151287517283	44.85260776755871	54.35079476762454	0.021311515199600877	0.16727082086542144	3.0
0.23732067069471854	22.43131605146211	76.97699248681481	0.022773443404303626	0.3315973476240658	3.0
0.12388467935249084	17.61880896446933	82.11978621366252	0.022371328489566952	0.11514881402608529	3.0
0.13194815536793475	11.11126264593235	88.70044904361136	0.011561522189242866	0.044778632899120784	3.0
0.16444701839057316	9.666462336259093	90.05819954224718	0.02497705957009161	0.08591404353306863	3.0
0.13382911132037598	18.95806490402646	80.70795124558968	0.041153701932574026	0.1590010371309187	3.0
0.05157979040349392	5.961526269379206	93.91449467306249	0.016667453882783127	0.055731813272000164	3.0
0.051712999080582786	12.430765536788863	87.3893987810622	0.020289000813847324	0.1078336822545131	3.0
0.042886446688537895	3.6641021650033294	96.25828435804723	0.008781835254088207	0.02594519500680125	3.0
0.013050232105657845	2.530012010719921	97.42600690471251	0.003469572323841455	0.027461280138069075	3.0
0.026049763537964142	3.240210149395275	96.63670235846841	0.009252430347633688	0.08778529825069267	3.0
0.022869185222947487	2.1707691087421788	97.76687896916526	0.011038888355940036	0.028443848513695597	3.0
0.00576273955156731	1.5476521187671324	98.42400314409151	0.004385384814738832	0.018196612775041473	3.0
0.00933518321653443	1.161582702191914	98.79237091304634	0.009373305051618519	0.027337896493589704	3.0
0.01070373114326732	1.998051039317297	97.97470036844732	0.0038775121338177924	0.01266734895830314	3.0
0.008901471907051503	1.40662514237331	98.56623335121704	0.0034007080480106745	0.014839326454591645	3.0
0.012473474665432725	1.8617920754919148	98.10886879725497	0.003638669190062994	0.013226983397612004	3.0
0.008385568765307938	0.9706779685138882	99.00594177522822	0.0029786775000615905	0.01201600999253169	3.0
0.007242532138957108	1.1177115490559562	98.86273898034425	0.0018166792042784367	0.010490259256570973	3.0
0.006873093250812432	1.0073536120063264	98.96378326363987	0.005342276791513588	0.01664775431145596	3.0
0.012398369367284915	0.8541629357308008	99.10506846161014	0.006147781960245892	0.022222451331520593	3.0
0.01058565184940034	0.9826896862166451	98.97751817139493	0.007902443745202003	0.021304046793810205	3.0
0.017205154408152554	2.027768329881356	97.9216720855938	0.007848276649055401	0.0255061534676326	3.0
0.023512312306905325	0.936813634440756	99.00802827819297	0.009460592680474932	0.02218518237887774	3.0
0.01720989798179711	1.074766475251607	98.84932010026937	0.016957840032467666	0.04174568646477	3.0
0.013454784511126382	1.1295947582018584	98.82634974414208	0.0058350011121000795	0.024765712032862187	3.0
0.014995343953482825	0.7727054675844941	99.17410961887884	0.006679005038311335	0.03151056454486049	3.0
0.02166309211482415	0.8545200929181185	99.08255916091086	0.006104919862722384	0.03515273419348524	3.0
0.024482219782625044	1.1703051712339243	98.75066568119996	0.008175823975257394	0.046371103808239	3.0
0.14859519690441256	2.814376391014678	96.87691316929866	0.003931795450851291	0.15618344733139986	3.0
1.3589426501319308	11.070749230095542	66.62817351050764	0.007716064087167897	20.934418545177724	3.0
9.887632463500772	71.68919467430223	12.112445388970535	0.011060470500076839	6.299667002726385	2.0
1.9524512702026204	52.66776845243841	37.31647685071693	0.008046396674707228	8.05525702996734	2.0
5.5071923355062475	66.28453413819206	24.45912486958766	0.00951154839795289	3.7396371083160838	2.0
4.246454328522068	90.67439114115585	2.542041084026562	0.018017579718046333	2.5190958665774756	2.0
2.798694908898488	94.46898941614275	1.714151772427986	0.021398353255010973	0.9967655492757623	2.0
2.1112476464836467	86.84362761500334	10.487148122246566	0.010823852302905751	0.5471527639635431	2.0
0.15968585150796807	33.49439651904984	66.12779674139134	0.005619937171058947	0.21250095087979215	3.0
0.15759272932251425	13.771009197331747	85.97552440916586	0.0033392599594286375	0.09253440422047236	3.0
1.6948923716202022	81.55070240345462	15.95600614313655	0.010293205718919318	0.7881058760697172	2.0
0.716496712035657	62.155297343630146	36.66622083962594	0.004488535273724589	0.4574965694345453	2.0
0.34960972065612067	32.99627684852561	66.4435087465591	0.004308946448668657	0.20629573781048957	3.0
0.07829502981922987	16.973942392156218	82.84384417606033	0.0025558454522770203	0.10136255651191481	3.0
0.07992213621099631	26.945722034841207	72.76903005296482	0.002633663192832252	0.2026921127901375	3.0
0.1249462046687674	29.351876496873103	70.41920267792881	0.003748658084876235	0.10022596244443888	3.0
0.11473203911450722	13.936602234930003	85.85492185741894	0.001663982034832297	0.09207988650170967	3.0
0.030408018414495263	4.129112695051256	95.81157409626398	0.0004837385853589018	0.028421451684906004	3.0
0.04532995179359575	3.1904072400301784	96.71617302970968	0.0009632599263909363	0.04712651854014446	3.0
0.09091255478921877	12.462923743509782	87.3289618923497	0.001948477841324698	0.11525333150997114	3.0
0.014500513679997615	2.1571458575974543	97.7892127926688	0.000544653112737337	0.0385961829409879	3.0
0.017504306102555135	1.4646470158032938	98.49954602318653	0.00039432436051549207	0.017908330547106353	3.0
0.016726675874944936	2.201467755074991	97.76067553679081	0.000607765462369198	0.020522266796902697	3.0
0.01847207406635226	1.6891497293840017	98.27628223214634	0.00044844258413883194	0.015647521819158742	3.0
0.006452319260125514	0.7882069032278135	99.1878500610892	0.0005691274422136276	0.016921588980616704	3.0
0.017650674315208434	1.3497298323985776	98.60626666594044	0.0010396795328784306	0.025313147812877742	3.0
0.016298275565640088	1.6316750832928077	98.33111612554411	0.0014150396293759933	0.01949547596805725	3.0
0.0058514049355410875	0.8455912890205046	99.13849473498394	0.0006090465050760973	0.00945352455492441	3.0
0.012407983417840095	1.1291442284244952	98.8465355731308	0.0006635824955386127	0.011248632531336879	3.0
0.034342073848832325	2.0652754203248107	97.8693489692709	0.0014462490675781889	0.029587287487890183	3.0
0.03498472894759211	2.188069728629987	97.73866875457801	0.001962736084465126	0.03631405175992601	3.0
0.011438883535012026	1.645276627932652	98.32238451636505	0.0009912517825366722	0.019908720384754924	3.0
0.010244157912849178	1.0214159884215515	98.95257054119007	0.000619898434891658	0.01514941404064241	3.0
0.0037107340524692107	0.5976661302181483	99.38712374846516	0.00040020817849640547	0.011099179085742527	3.0
0.00528991447155883	0.7283003096193723	99.24681193440682	0.0005313289607346037	0.019066512541512634	3.0
0.005720738290558019	0.6914823182405009	99.28923389088425	0.00028593178133102967	0.01327712080337019	3.0
0.008188491306587085	0.9407363421888221	99.02196883004754	0.0006386627753172643	0.02846767368173627	3.0
0.01092947279591849	0.8779087879320931	99.09099552867445	0.0003403079362801819	0.019825902661267273	3.0
0.005810017833935063	0.6963804487914584	99.25977583292504	0.0004351295635519821	0.03759857088601937	3.0
0.021566411588575023	1.14597988412267	98.74597390398846	0.0007589245405706837	0.08572087575973027	3.0
0.04393512236313041	2.9935077151444607	96.87123755367834	0.0014364323157564987	0.08988317649831991	3.0
0.029905502405896213	1.6873356489921574	98.19427345771082	0.0005656955209549737	0.08791969537017005	3.0
0.02005291747685137	1.1301735162259532	98.80817820944937	0.0008899626058218607	0.04070539424199209	3.0
0.021120693142595008	2.1082645704542693	97.84040229266033	0.0009632936952826455	0.029249150047512464	3.0
0.029050139381766964	2.919469893740527	96.9498761149699	0.0023302176639864837	0.09927363424383993	3.0
0.026134962174408354	3.23689228019389	96.69119335635895	0.002245118257513742	0.043534283015253146	3.0
0.007720397200380627	1.1824549664628201	98.78820011368235	0.0012952686299093211	0.020329254024554565	3.0
0.009341867665333377	1.0521874930595134	98.91561461804221	0.001546000072839045	0.021310021160098423	3.0
0.018303717938900958	1.1772560537052243	98.77229969869023	0.0013380111619963485	0.030802518503662	3.0
0.020522386009657112	1.431454361141896	98.52097920374231	0.002209742320247246	0.024834306785894746	3.0
0.015414246345718743	1.089818265335708	98.87177924781896	0.0008654332368212175	0.02212280726277673	3.0
0.06995149940402078	3.2151603721587105	96.66396508319521	0.0013647569821018271	0.049558288259976734	3.0
0.02971272287637491	1.4433267902312759	98.50063023889383	0.0011605963675527812	0.025169651630954557	3.0
0.009652010605639421	0.6961279406881502	99.28101179393394	0.0005368113849977267	0.012671443387263245	3.0
0.005216771455935909	0.5652412329853392	99.41039013177289	0.00042427381306041947	0.01872758997276476	3.0
0.005325564364080852	0.4982761436461061	99.47471224212536	0.0006232630086899088	0.02106278685576937	3.0
0.007610683501804516	0.8292627352960704	99.13913846707564	0.0010358652297930593	0.022952248896692208	3.0
0.0058701589619071445	0.6987593767265943	99.27364773677495	0.0005507531596983697	0.02117197437683359	3.0
0.005188079670699994	0.6459758062671559	99.33058883259864	0.00048666000624461846	0.017760621457270184	3.0
0.008315059793513746	1.10838126354613	98.857490952257	0.0008825863353683444	0.02493013806799277	3.0
0.016551552903364783	1.6433363484794798	98.29904356214469	0.0029776763082608585	0.03809086016422326	3.0
0.056193497470808144	2.6977530288352125	97.21489756573068	0.0010343901588825714	0.030121517804419785	3.0
0.0422430540626067	4.9890970364026215	94.88178587952846	0.002409360445818088	0.08446466956048371	3.0
0.09293903356469184	8.239647879557307	90.0879005075795	0.0016968726870311408	1.577815706611449	3.0
1.1743814463325064	43.00254130104176	54.651852997213304	0.0026772508277275228	1.168547004584696	3.0
7.2328372610814675	78.71028982262857	7.158873489735782	0.010318196740435654	6.8876812298137375	2.0
9.292917872757647	82.56445206167838	4.695012234207939	0.008698291650917124	3.438919539705127	2.0
1.2424971839020833	73.41677760597052	25.027362187636566	0.003304288320927189	0.3100587341699023	2.0
0.6331187838046142	29.160089433935244	69.84083559990675	0.0025925776126142783	0.36336360474078166	3.0
0.8466223456845765	65.89934243581574	32.51499426729947	0.002418910080772311	0.7366220411194404	2.0
0.6413153422491725	78.735207743544	19.78283767721737	0.004794920715858061	0.8358443162736018	2.0
0.8342684621213136	67.75924685772398	30.933031532106924	0.0029014908769847496	0.47055165717078473	2.0
0.1344366639486565	46.0120452854124	53.6716996412183	0.0019763208092441445	0.17984208861139903	3.0
0.5921458047569916	78.83333272068721	20.12099606948475	0.006626069377092103	0.4468993356939587	2.0
0.07310437379139267	21.924577278320164	77.87061582436982	0.0028243517452098896	0.12887817177339517	3.0
0.2467003388595258	62.757423214946485	36.82810887846779	0.009544615264690212	0.15822295246150497	2.0
0.5003713895385146	59.71498583321135	39.49153777376358	0.026957917243191108	0.2661470862433811	2.0
0.970710982722006	73.83835714458571	24.63375305631208	0.043259349356236786	0.5139194670239539	2.0
0.2975323233628103	33.27268382740187	66.06311954235917	0.0278977411422397	0.33876656573390795	3.0
2.418746190915436	70.707374586529	24.926862789276207	0.06572190456311797	1.8812945287162348	2.0
0.5067975104564956	29.677372501419757	68.41880850721934	0.42965425961793513	0.9673672212864602	3.0
