N1	N2	N3	R	W	anotaciones
1.8938934089743842	4.741825719604519	0.07530476679628445	0.0021418412411675315	93.28683426338365	0.0
0.6909602713517043	0.654628807677296	0.006883467577914587	0.0021455807790528893	98.64538187261405	0.0
5.049662056666908	1.5059597950751649	0.011260699273106446	0.012759749505342059	93.42035769947948	0.0
2.1696458299747117	6.82377787899104	1.0315038880992724	0.0033965748536061375	89.97167582808136	0.0
15.726634611891232	19.607564595886874	1.5682245637133398	0.006137916153374406	63.09143831235519	0.0
4.570597135065138	11.303617722323473	6.9498042499988975	0.03594402525471869	77.14003686735778	0.0
8.262716946197093	58.18390973026354	2.0254894735286313	0.013312417463420085	31.514571432547317	2.0
8.702031123394681	71.94005348213489	3.7419095248209513	0.026258154225742403	15.58974771542372	2.0
12.014692161029084	12.1602075316651	0.42194780674345245	0.045661409492946024	75.35749109106942	0.0
2.3079279849485808	6.292091110266888	0.399189745929225	0.02279203932608865	90.97799911952922	0.0
1.0156360066139147	5.248586920252107	0.7710938278292612	0.009476339659974985	92.95520690564474	0.0
1.0252847311872602	7.761451579888792	1.6056978281337917	0.005515247091131699	89.60205061369902	0.0
1.7973087158683418	22.844131162692715	2.329306696083854	0.013038902962334278	73.01621452239276	0.0
1.6558811398433932	7.782637227322153	0.23468408225655912	0.02580192884719125	90.3009956217307	0.0
6.710915627159696	9.745000401131783	0.34629163174516303	0.09349124062254784	83.10430109934082	0.0
5.744418671570591	3.947741851540553	0.07323486972259552	0.06019870197373335	90.17440590519253	0.0
23.99411638647466	4.136406311374065	0.009292972097349935	0.4019812241503258	71.45820310590359	0.0
4.847241038417801	9.464092879958425	0.23757273863141545	0.05838802441801967	85.39270531857433	0.0
12.14764171681355	14.94263771286224	0.062037312505026226	0.117167266304967	72.73051599151422	0.0
20.987423599396806	20.044031851685958	0.12582666788144212	0.13898405665895902	58.70373382437683	0.0
11.656954505537934	20.464587421979985	0.578679170320209	0.14640860707360764	67.15337029508825	0.0
18.680801912918525	30.202646640704128	0.2798691333611579	0.5462270896794434	50.290455223336735	0.0
6.2756958027047585	31.136444764330772	8.761577508442006	0.17782863840093585	53.64845328612152	0.0
4.0440424747663934	27.03800537520368	0.2251288118538157	0.15260441747037817	68.54021892070573	0.0
1.7160369212742645	5.90391300456595	0.3894830167185455	0.03705237041309573	91.95351468702813	0.0
1.604286371589784	7.1899432398656815	2.935503815853753	0.026762142130278502	88.2435044305605	0.0
0.7980643769093749	4.786001454210527	0.23441369029804618	0.012625327490458065	94.1688951510916	0.0
5.175877577794564	3.888464748463817	0.009318103350027829	0.06209288918201114	90.86424668120958	0.0
2.033123212180317	2.7462959330596663	0.06144306926382731	0.027435239456956834	95.13170254603924	0.0
2.9977500065999925	8.055317762362472	1.0002128210206167	0.14591397263658407	87.80080543738033	0.0
7.722784503259778	5.425234571563449	0.11630632254416222	0.09060239563766223	86.64507220699494	0.0
18.070859858612774	15.253719813095673	1.083542214482042	0.36124780054628935	65.23063031326323	0.0
28.815636327467587	20.028419491586924	4.182675242141179	0.58451214274836	46.388756796055944	0.0
12.215542071902712	12.330278522252263	11.931980556980573	0.07590738103714731	63.44629146782731	0.0
2.3600982245204314	13.071705136697373	29.030513908499707	0.10567565867311406	55.43200707160938	0.0
28.954276178706234	31.976992242636477	8.323361466317419	2.2435014490827196	28.501868663257156	2.0
10.63953464053559	38.66686560593298	37.54356535424274	0.1072906860857239	13.042743713202967	2.0
8.458598836114675	75.4124208182284	9.064502968760179	0.10772208037828751	6.9567552965184785	2.0
3.832387596867636	58.234965431492036	31.644899085249563	0.05426210197977155	6.233485784411003	2.0
4.179437431706497	82.65619329862149	11.877077054937365	0.14607289343506605	1.1412193212995791	2.0
3.672938909279516	86.00346339647368	7.694571393482804	0.06981159449840926	2.5592147062656094	2.0
5.290602815820895	86.43414656234097	6.435183047411799	0.07852266052562133	1.7615449139007078	2.0
1.5246287695192393	82.39596572824914	11.66150392221036	0.05634356452986109	4.361558015491397	2.0
1.3779223320284966	86.52874427479706	7.195194324028886	0.035604504520587096	4.862534564624943	2.0
0.5235151383290162	76.60188572162969	19.31908198065356	0.04207197403357443	3.513445185354178	2.0
1.2526853825108382	80.62467434321171	14.902779770064594	0.06547770006378686	3.154382804149076	2.0
0.6292224669386497	78.03545333743659	20.05948231686862	0.06628095342511824	1.209560925331017	2.0
0.6129737920441586	76.29422564272386	21.57767840749255	0.028837007590132767	1.4862851501493042	2.0
0.7942888969444404	62.037480823374565	36.530372823629776	0.03593428540836484	0.6019231706428364	2.0
1.7145215937985692	51.89172715156859	44.378393710014066	0.01518729293124682	2.0001702516875346	2.0
3.4650675304125995	76.6819675235276	16.620137819888438	0.010867654060693649	3.221959472110672	2.0
2.2443668494736726	72.43488704073242	24.706288210698606	0.009060825518409497	0.6053970735768963	2.0
8.08833394209747	79.66110927614046	4.776032541632104	0.03829123753869901	7.436233002591251	2.0
5.2631801978258945	81.97072549882945	3.4685266295195616	0.03265576083628059	9.26491191298881	2.0
0.9873243773125164	90.3180337351362	2.2887334103980175	0.03535751111763107	6.370550966035644	2.0
1.202482188880019	79.88572083460195	3.4406598944657816	0.022498124208723776	15.448638957843544	2.0
0.7063550880174075	63.842293687050756	9.883302292374767	0.020235304575211076	25.547813627981853	2.0
0.5413089516827854	45.793869100249246	47.71069087789026	0.008663300415523358	5.945467769762193	3.0
0.8292998691784629	39.190084575742084	33.19081212902301	0.011849049619795458	26.777954376436647	2.0
0.2811518948725364	10.315395786989638	87.5246515562898	0.009108264376502648	1.8696924974715325	3.0
0.45314071986548315	9.757684852165944	88.08163424716695	0.010313119737322213	1.6972270610643194	3.0
0.10287904906743615	10.917815529430777	87.22408463126901	0.00627591178217513	1.748944878450611	3.0
0.9463635374549436	13.432234072282922	81.85725136943313	0.02445849508387832	3.739692525745117	3.0
0.4447746351666997	13.159326639998797	82.84832239432026	0.011915250251576946	3.5356610802626665	3.0
0.11200172179901739	3.4569120040506993	93.13032927824604	0.0027185257149604297	3.2980384701892893	3.0
0.07429061867614392	2.1494581672796853	95.03768545571577	0.001890497229437186	2.736675261098941	3.0
0.11782770533713678	1.2601076316209145	96.90513558984577	0.003045892002976513	1.7138831811932091	3.0
0.13778859931229798	8.708483827258071	89.43960705588664	0.0026732226530715706	1.7114472948899266	3.0
0.5731856332086305	6.1492408807765235	87.34416467924268	0.04868903079925808	5.884719775972905	3.0
2.1701309165926217	10.647487709152223	73.6548425223333	0.2943782389865935	13.233160612935253	3.0
5.024095000773258	33.101601982384004	27.18126570387434	0.15902520088051003	34.534012112087886	0.0
21.721418253924877	28.253204131184273	2.76478846181971	0.0561793543309798	47.20440979874017	0.0
18.248684694077557	58.88867498085616	10.03562395683019	0.06374409001359957	12.763272278222496	2.0
28.031629945389962	40.75576435987423	2.1930895240293307	0.042039208799431294	28.97747696190705	2.0
27.54621784679238	44.19949475558299	25.5669042458866	0.05659932332041749	2.630783828417625	2.0
6.211979535603082	81.97208900456397	9.580134274252222	0.02844316612081098	2.2073540194599404	2.0
34.59251559372644	49.65778434348894	6.082583077504114	1.9466390784934389	7.720477906787066	2.0
27.877885738380296	28.495200749806937	0.9688706954646641	10.60334033419115	32.05470248215694	0.0
10.457123673995419	60.14208154045387	12.16002212875256	0.13910100055689442	17.101671656241262	2.0
10.381060109606322	63.38214017135053	22.318753724307342	0.0587634283434705	3.8592825663923302	2.0
2.4216847566218425	61.92269970100127	32.28720485465376	0.050605526626011546	3.3178051610971195	2.0
1.1266855523917965	68.82640353865085	28.688937641327477	0.06570024280882363	1.2922730248210543	2.0
0.6775597094742954	72.6419808995946	25.502096263717753	0.15401294500192833	1.0243501822114216	2.0
0.4944590198548542	79.12765421389503	19.569520455735358	0.06968712210846441	0.7386791884063117	2.0
0.3984037936935579	68.62317300906274	30.50074252548114	0.0693853707592729	0.40829530100328765	2.0
0.17581766197434048	52.5801915484785	46.812791161297454	0.01889814046359577	0.4123014877861085	2.0
0.22819698936847932	60.28811884478201	38.78585129155628	0.029215983937335235	0.6686168903558998	2.0
0.4848164092054206	65.85274139938873	32.649269529719334	0.0198065120898915	0.9933661495966093	2.0
0.5293996568262481	64.84006130898831	33.028542577948734	0.025143722609552464	1.5768527336271525	2.0
0.5671721528820118	57.50743072346527	38.97221937671137	0.012436563010343038	2.9407411839310114	2.0
0.2477358116759112	43.32657079575899	50.67101913764122	0.005523338895100605	5.749150916028763	3.0
0.27134091978185904	25.373186851550113	67.62067006531717	0.004683570768550513	6.730118592582311	3.0
0.23482864717302618	39.434386009881436	55.27045740045837	0.004014546313301898	5.056313396173861	3.0
0.3567648035363462	43.98165517560651	52.51769819617551	0.005567844459883583	3.138313980221747	3.0
0.14338676667332081	19.57983569899635	78.72626602727904	0.001683765362823526	1.5488277416884604	3.0
0.054362157142174815	1.4362860804607607	97.80670840614873	0.0014774556243801222	0.7011659006239712	3.0
0.5163632143362421	14.481222094759637	82.6857454427841	0.0019866493813299043	2.314682598738706	3.0
0.5562863151293189	24.252142223426514	67.27339333377637	0.009640052956557272	7.90853807471124	3.0
0.13580758892569847	8.019663129293168	90.72698093228536	0.002022035141613771	1.115526314354151	3.0
0.04814281774307454	5.262572554850903	94.12427160431695	0.003513107243578816	0.5614999158455013	3.0
0.04304953204312265	10.626636820671163	88.63527750871954	0.00319939727067654	0.6918367412954989	3.0
0.07868570456565041	4.363025238445308	94.84390772203626	0.0009718662694251407	0.7134094686833614	3.0
0.025127512672845582	0.7411662761635869	98.92771657748989	0.0011989648682215557	0.30479066880546135	3.0
0.03159975972237535	3.222945404416088	95.97491285994907	0.00112949468551136	0.7694124812269679	3.0
0.038323000422616	1.03096957222765	98.68640843681685	0.0020956857113212154	0.2422033048215684	3.0
0.034846809567458045	0.5784754891100717	98.709887250556	0.0016231763121949028	0.6751672744543038	3.0
0.019710391062849518	0.4013099968948059	98.93063343228197	0.0018330994726415268	0.6465130802877483	3.0
0.06189009884639263	0.8889432933557999	97.86648000896164	0.0022366541232786506	1.1804499447128913	3.0
0.09378301643924276	2.1112256999987897	92.47649028613475	0.0024989447307409976	5.316002052696487	3.0
0.0374566569821361	0.5793183642307637	96.29629970295862	0.0018257296169861604	3.0850995462115103	3.0
0.04397324016696579	2.121751134068472	95.82958567586036	0.0014209026634422427	2.003269047240754	3.0
0.02000962536459642	0.34384202232672545	98.5909450177926	0.0009781135500457631	1.0442252209660174	3.0
0.011915605389110425	0.29649602481424375	98.62935772982618	0.00053614269160921	1.0616944972788371	3.0
0.018880498415891032	0.5314171166549821	98.7639714850046	0.000670468926945939	0.6850604309975686	3.0
0.013821846594849073	0.24141639161059442	99.21107999733294	0.0008505046865257367	0.5328312597750817	3.0
0.07374142989110691	1.0266711269653246	94.64692329931992	0.002686896107892821	4.249977247715747	3.0
0.07338133115758837	0.8966786708329135	95.43977808268089	0.0023937915958036175	3.587768123732814	3.0
0.4339134043998071	14.039363470041996	80.2318002589826	0.0025760176341670382	5.292346848941428	3.0
0.044231616593460615	0.6250326755289675	98.45659213734731	0.0006133897483491431	0.8735301807819319	3.0
0.10215798366332628	2.1914255659564645	96.41795276286523	0.0019013885805459333	1.2865622989344259	3.0
0.13150944362944453	4.085176747996277	94.87557502151795	0.002443301197121547	0.9052954856592004	3.0
0.020965151565301588	0.8170302516116069	98.68152147930832	0.0011789487871867795	0.4793041687275901	3.0
0.032983595641287854	0.9274190092364227	98.69976012614775	0.0019201139200167023	0.3379171550545182	3.0
0.02860225764175917	0.878295490967995	98.86851712046574	0.002887244669812131	0.22169788625471962	3.0
0.020457972849112473	0.8136214270821599	98.90907230860502	0.0023820413336609887	0.2544662501300537	3.0
0.01915072726589425	1.2899304397939522	98.44609705782852	0.0036495551919369013	0.24117221991970433	3.0
0.00939915593429787	0.4316399258903346	99.33917620766034	0.004309091532538834	0.21547561898249395	3.0
0.016368745081409036	0.5121310030975669	99.14118678716866	0.016706567271780708	0.31360689738056335	3.0
0.023926467692478522	0.7703890842986578	98.52653782158637	0.02672660238016346	0.6524200240422967	3.0
0.024876861036905028	0.7373301920999364	98.52891777141602	0.03592813300526737	0.672947042441879	3.0
0.046854080737063916	0.9409221778724766	98.18598734394436	0.01286079183484815	0.813375605611227	3.0
0.18232244861669902	7.067677401185119	90.80011910833841	0.04096627611206479	1.9089147657477206	3.0
0.17474875153116284	13.008837940775361	85.62404528283871	0.04944847260017277	1.1429195522545934	3.0
0.1882720129632211	10.254027422557812	87.9770354318643	0.06539308588309788	1.5152720467315746	3.0
0.3026840836548568	26.945155846837928	70.5443423193322	0.16337843796532767	2.04443931220969	3.0
1.3688733595938667	50.045124892944436	43.82083694237886	0.1935425003282696	4.571622304754565	2.0
0.9770303661954773	54.9676731380297	40.0381688125649	0.5260659885946529	3.4910616946152757	2.0
0.5971782280936043	66.69802174950416	30.40915320453013	0.5955729770653294	1.7000738408067657	2.0
1.136902872209441	74.47183560471727	22.437247710664167	0.7746166418597971	1.179397170549317	2.0
0.7353657698893299	69.63775206220497	27.241432644308993	1.4165425659106756	0.9689069576860165	2.0
0.705040295493081	62.3874349126522	34.21470160247886	1.4709925905314123	1.2218305988444356	2.0
1.2876659487893103	74.66250774662197	20.24309122334109	2.6905980813305237	1.116136999917112	2.0
0.8151685963358919	71.09706062686112	25.08831835920636	2.172275152071631	0.8271772655249992	2.0
1.195621032497841	71.94325779244282	23.48382064046703	2.53333591676382	0.8439646178284546	2.0
1.342423316937857	61.08830169565241	34.69738352825934	1.5905840895350916	1.2813073696153001	2.0
0.8665366772150969	55.18850640360073	42.06038988866976	0.9456462133888912	0.9389208171255252	2.0
2.5632095389351166	71.76796917261476	22.760160329058692	1.1401433897530688	1.7685175696383642	2.0
0.9823531330823816	67.47649670538684	29.747998655519726	0.5813732908343082	1.2117782151767527	2.0
15.513151116845375	53.078132760556194	20.754885299701385	0.3507110902316175	10.303119732665438	2.0
22.192747666013503	36.4580903725168	11.519898065949178	0.2260967492232451	29.603167146297295	2.0
22.793885065841653	39.8970621065475	16.909014205514573	0.5174549773867233	19.88258364470955	2.0
16.020924744510705	53.58040005501075	9.91616617429849	0.3364884615638254	20.146020564616226	2.0
5.427426058011118	48.35309647047541	3.676573111645048	0.302543757710678	42.24036060215776	2.0
5.5699357567741785	62.49691144912477	4.620132629449714	0.314298679221698	26.998721485429645	2.0
3.0802789290578403	52.43100340626935	15.470674067011142	0.3386988455542085	28.67934475210746	2.0
3.757437631106085	57.77682129841877	2.663598766854687	0.24770299108044197	35.55443931254001	2.0
2.206709599531543	68.3960020496296	7.55314454711483	0.09151951638683425	21.752624287337202	2.0
2.714348824362883	80.04978542729613	3.754293340737131	0.21631497741136327	13.265257430192479	2.0
1.1046154173387133	48.044461495737615	36.44675707902466	0.1283650553429429	14.275800952556072	2.0
5.061591540101465	50.291763086410356	33.942274330063825	0.060975871601623245	10.64339517182273	2.0
4.6180315648959755	40.66497214700055	37.679620497567456	0.028061341047867984	17.009314449488137	2.0
3.7259790164663134	21.800419153121375	66.09584922814602	0.025624586718890476	8.352128015547414	3.0
5.578765045164777	15.762592199256007	67.53449731089904	0.03493296633483612	11.08921247834532	3.0
3.416816157201423	15.914825857964447	71.03780358037864	0.07474168999481785	9.555812714460682	3.0
3.1528777982115943	4.0934637088730375	89.79846764862273	0.11811019350133199	2.837080650791315	3.0
31.064480601674997	6.1848084449968805	2.289266308053197	0.021989106250739462	60.43945553902418	0.0
36.51970835738684	19.44611716835544	9.747240761794696	0.02561364891840493	34.2613200635446	1.0
19.05856911826829	11.515418771541283	4.335795549747499	0.017551080863744475	65.07266547957919	0.0
44.99785908293466	31.99701303848576	5.214370746274001	0.003159613854047366	17.787597518451527	1.0
54.314460966019894	30.994524555704967	8.28294874083501	0.005768170717009214	6.402297566723128	1.0
53.825211653466255	29.76336139303186	5.912038235273821	0.006452434607628014	10.49293628362044	1.0
48.86811073993355	42.06265019139695	6.024984271163259	0.045079370605741756	2.9991754269004884	1.0
57.88416350512381	23.378736411220867	4.27685937235269	0.02266553676663439	14.437575174536004	1.0
17.41157910013369	16.021754812636	9.336682403786504	0.030058232162165608	57.19992545128164	0.0
51.4653255361457	8.691757357020723	10.01058028609166	0.009891911575107356	29.8224449091668	1.0
5.252296776242953	10.01654787354888	35.40082753487906	0.03451706200852842	49.29581075332059	0.0
23.282003656276995	30.207103514757627	24.64372226258951	0.03360963299164046	21.833560933384245	2.0
52.00240607770178	28.40230239176167	15.908656028346815	0.014924156126961389	3.6717113460627693	1.0
60.43248823691428	28.50579057919851	9.026109234913859	0.02086930492848093	2.0147426440448792	1.0
68.23310462980106	20.306872512701183	10.386239900039698	0.031635781010653403	1.042147176447411	1.0
11.785759113837724	41.99183202571491	44.715669066981086	0.39004236772373196	1.1166974257425597	3.0
20.75478859440894	63.796320679905335	10.922950449402284	1.2112058235384289	3.314734452745014	2.0
14.669360699938554	66.60478669792175	15.394245753689754	0.5651018782154931	2.7665049702344526	2.0
14.366171211317106	69.95184158898763	9.61174339775472	5.311861844938196	0.7583819570023393	2.0
9.730757660887605	82.95382718784278	4.830473646146153	2.196348636580735	0.28859286854271793	2.0
9.851254999963931	74.11751272898924	10.865705976618074	4.9833299773855355	0.1821963170432044	2.0
3.437082146555454	81.86794701654792	13.752108319049777	0.7922384547201129	0.15062406312675192	2.0
3.6289702466740166	89.40815811476229	2.8545555158638005	3.75870217390966	0.34961394879025265	2.0
3.8236759053483436	86.56654774062714	8.35342752860733	0.8531002020500111	0.4032486233671846	2.0
1.3806103421190226	92.75393434896502	4.952248168015242	0.5577118009219232	0.35549533997878324	2.0
1.107218928773721	82.27146352857359	16.079644852434146	0.23791341516924813	0.30375927504929623	2.0
1.8906383319998017	95.51875354124424	1.9046350859816679	0.164881853881085	0.5210911868932216	2.0
0.7952839192957537	94.0111446123468	4.896478848239491	0.12083913198520947	0.17625348813275835	2.0
0.61772240420576	94.24482324667284	4.792951618092889	0.18993872148075336	0.15456400954777377	2.0
9.189093219453657	63.44497514828075	14.437730749669155	0.2122076738410189	12.71599320875544	2.0
12.461444285118942	83.48113457576203	2.9157077011598695	0.219897921434304	0.9218155165248647	2.0
5.210019739899772	82.14844990638447	11.580498786847206	0.16479317920957226	0.8962383876589906	2.0
16.522103845043226	78.15446035598322	3.5837628594073245	0.17120163877427907	1.568471300791957	2.0
2.368606833486778	92.79142979100499	4.278919768764528	0.28301551268833514	0.278028094055363	2.0
7.948943521343763	90.07871898820711	1.435459023447722	0.19165093045303697	0.34522753654834815	2.0
3.174704538218277	89.92341494303294	6.445201161262243	0.17192753349523673	0.2847518239912799	2.0
1.0584493260681829	74.52216257509068	24.25490610272391	0.06062231760396988	0.10385967851326974	2.0
1.2407280302426351	96.95727498772293	1.4241519060654886	0.11784466853872091	0.26000040743022124	2.0
4.309672650317	72.01415209832935	22.938047287811056	0.1681892795165504	0.5699386840260389	2.0
2.0637024551585648	64.72611707208664	32.93325889455495	0.1329436039254084	0.1439779742744129	2.0
1.205277702802971	64.45837365220119	33.807801897940884	0.16951999331014084	0.35902675374483034	2.0
0.9056235147350359	46.33520662981343	52.537722499118324	0.06158696636939036	0.15986038996383828	3.0
0.25741183642146004	34.692693526540154	64.9148901525315	0.06519477239990486	0.06980971210698554	3.0
2.9527020095940033	66.93187513227116	29.34110157465635	0.16825020915350408	0.6060710743249931	2.0
9.44470882580642	35.02609013803518	36.45704107070844	0.20564559235693503	18.86651437309304	3.0
32.618833435455485	49.803539619168	9.066594659574791	0.9235084564856774	7.587523829316043	2.0
45.48051173855854	39.6563889262999	7.979116626057177	0.18201161877072944	6.701971090313644	1.0
46.74585834777303	40.36558855216265	7.675403584282643	0.47678408165607095	4.7363654341256165	1.0
9.372815245563821	69.623489946664	19.353734104888275	0.8250424921331406	0.8249182107507635	2.0
48.87398774461641	38.6496229557635	8.150220991214931	1.5168022021074827	2.809366106297687	1.0
3.8746079201615165	45.29242118950992	50.06513106727565	0.366610864920378	0.40122895813254034	3.0
13.867002560508713	54.27641151085658	26.545962262277122	3.269234590388455	2.0413890759691293	2.0
11.837612003803299	51.911599965796505	10.49192171636367	0.4844052329058164	25.274461081130706	2.0
8.32838250938027	13.977709831429635	11.647255395726342	0.11211970614365623	65.9345325573201	0.0
52.423771762315575	24.746927898665025	1.9036677691996111	0.12028222087514352	20.805350348944646	1.0
58.74833858645352	35.55380033190508	0.5943189024416469	0.109193594824018	4.994348584375738	1.0
60.30961298459905	27.176890000223963	0.7644373176676698	0.1005912146509073	11.648468482858412	1.0
40.00130221554274	52.12541070238858	2.754325927395362	1.442017697863864	3.676943456809461	2.0
55.46852430945347	30.90990144006521	5.189414477543554	2.0986612255250043	6.333498547412754	1.0
26.300775601767374	22.74124592223157	6.284680998283884	0.5750604052004166	44.09823707251676	0.0
29.728491066050477	13.25250972695509	1.9659655904262872	0.22928872610105755	54.82374489046708	0.0
36.07858568777269	10.630293700151121	0.8301426151786936	0.9114004718155825	51.549577525081915	0.0
33.168691044539145	10.656982776465581	0.18620325943243418	0.27818215614157715	55.70994076342127	0.0
79.34210138128054	11.701983086622386	0.1228034791229127	0.8349513118327382	7.998160741141451	1.0
74.73066564441945	17.588728625923654	0.3023876047080596	1.9366048525086499	5.441613272440191	1.0
58.11560182874766	29.413104938965944	0.6174755806145069	7.6565883541109825	4.197229297560909	1.0
28.230566150021215	60.58699813934959	1.19807174956171	6.997814044493272	2.9865499165742166	2.0
5.4654683696082955	55.84971912162317	1.374970416261555	36.56106240503029	0.7487796874766907	2.0
8.998756931349888	6.935512003657833	0.028247998865651304	83.60452604877482	0.43295701735180103	4.0
6.368867751031406	30.96830959924003	0.11955533279671299	62.28611648054746	0.25715083638439185	4.0
12.514529026418561	69.32067807653621	1.9124310037243977	15.617187409125656	0.6351744841951701	2.0
39.67116524206003	13.927340024653578	0.04188797196039431	42.25958989268437	4.100016868641609	4.0
25.350011809817087	61.274605312280016	0.48346652250381045	11.820526493797932	1.0713898616011517	2.0
59.609876874511635	25.70823178989005	0.08274243616265685	13.101599727560853	1.4975491718747973	1.0
28.51722973380828	63.80329114161617	1.7217040310568532	4.012567424590043	1.945207668928654	2.0
25.290144520634648	66.08575324199415	4.16023854098968	3.404680412688806	1.0591832836927182	2.0
32.12034823167791	53.70945180618608	6.597069642464007	0.3026163310555473	7.27051398861646	2.0
38.20762037906664	26.670264476780424	28.168362181294377	0.1217933552805154	6.831959607578035	1.0
34.18018315959094	36.09930414072971	18.621813050048953	0.8139578922200605	10.284741757410329	2.0
26.78854402347241	33.67241121288702	37.95491816552967	0.06573087528102496	1.5183957228298737	3.0
21.327973528360236	23.26370790446682	42.462212835847886	0.052212049244400954	12.893893682080648	3.0
19.07691186136083	33.032176505458274	45.0788487335013	0.04089539583407062	2.7711675038455206	3.0
31.82650762987039	39.33858641232935	22.34903062044646	0.020281435581413	6.465593901772379	2.0
17.310708074712537	48.009933793358535	31.114520588440282	0.00971799804000245	3.5551195454486346	2.0
24.30963017683746	61.22012611195854	7.870911994531209	0.02987674382310432	6.569454972849696	2.0
8.113963285292701	32.01423491230215	12.958221687087601	0.03705116420854269	46.87652895110899	0.0
13.91985109998549	29.833309112104082	6.1799682328291325	0.01508428476504902	50.051787270316225	0.0
41.85930048059176	48.12816562970729	2.2672233702161666	0.03618029475478372	7.709130224730005	2.0
30.244148983612103	44.474905057995215	2.8513809714196854	0.02573438123657484	22.403830605736417	2.0
36.64477215812552	39.20570613065696	3.195206927431903	0.022842199312348106	20.931472584473273	2.0
22.818014281689443	36.18542044546173	0.6370907538027212	0.022794301290590957	40.33668021775552	0.0
40.71168609602243	45.100680479616784	0.7048221527625242	0.025816025977465726	13.45699524562079	2.0
52.70370384237791	36.489066310386214	1.7829760532937617	0.028043714255612785	8.996210079686488	1.0
40.06972852548553	53.4751541317534	0.270415546017357	0.1194340292149075	6.06526776752879	2.0
32.8587546479169	62.3864915599043	2.2639404184775307	0.10184766688213223	2.388965706819117	2.0
11.028594483894153	78.23978252181425	9.428960705345784	0.10337770681716416	1.199284582128677	2.0
7.677506681409228	73.9602568021149	15.801528569238945	0.5361035547270578	2.0246043925098633	2.0
4.532836063152814	91.24746162081743	1.5278882884183638	0.6463407551889353	2.0454732724224454	2.0
17.468922176969027	72.19706713554423	2.86629632713744	0.8359883388962563	6.631726021453067	2.0
20.057243454840755	28.242961902696372	1.7147219386780037	0.26922048198174187	49.715852221803125	0.0
6.473428708505074	8.468161166931361	2.5465727886333167	0.1001505760255089	82.41168675990474	0.0
54.86218993406775	29.08424833678479	0.09269730188980996	0.2526485133398888	15.708215913917753	1.0
21.99542338733666	8.903389579003779	3.1520836329683712	0.11670208814962327	65.83240131254156	0.0
17.276208929371496	27.895142344595026	2.8917022882876275	0.09085133000864254	51.84609510773721	0.0
35.557929367731916	48.234259400944445	3.2876213120402924	0.16768460574221575	12.752505313541118	2.0
50.50747942837715	33.35646596247248	1.8086263591037992	0.332946368945379	13.994481881101192	1.0
45.69607229624337	31.961039002262698	3.3704445774805887	0.46000746664977266	18.51243665736358	1.0
42.813537706150264	31.712997161563806	0.7659269127026267	0.20738660342042892	24.500151616162867	1.0
55.14905492842427	36.745761414746134	0.2055036221506425	0.618399638094361	7.281280396584587	1.0
51.60287911354593	45.18675098844463	0.2699798612286479	0.6995281118263436	2.2408619249544453	1.0
5.6989077499905685	85.83315960731883	7.39243633723663	0.5506359095321691	0.5248603959217893	2.0
6.359323903419541	90.91119860611111	0.44682805334304826	1.150549192044662	1.132100245081638	2.0
3.298415415990299	92.50946302338649	2.317640639730679	1.021582770435456	0.8528981504570694	2.0
1.8793605485009302	84.47759242318092	11.330399502938933	1.8353816698189616	0.4772658555602466	2.0
9.81449073962839	81.45266777463831	1.316351421990442	3.824360503882317	3.5921295598605565	2.0
5.43920799732782	84.80247402992859	5.722955712115494	2.854346361995461	1.1810158986326325	2.0
5.287193398518777	88.30621972439057	3.702508604687976	1.0095994552652956	1.6944788171373741	2.0
11.909491791998501	79.70309296788426	2.99091889117512	3.5869280813371893	1.8095682676049263	2.0
31.96878234068713	56.065250331097594	2.597362492911137	3.0975779930275187	6.271026842276626	2.0
43.593000414165346	33.149523042382995	0.7811386269993492	20.860709886167182	1.6156280302851267	1.0
72.18330610142436	23.95358432172801	0.6829992422657991	2.4668620739118268	0.7132482606700108	1.0
45.78690246796378	46.22671384076937	1.3940187407788351	5.59374921577794	0.9986157347100861	2.0
39.08147519621816	55.926174870347	1.00566420721679	2.5089699142317947	1.477715811986252	2.0
39.74875514884533	52.165433180870465	3.395879527737047	3.6130143839091597	1.0769177586379886	2.0
31.727625960676388	58.53119157589104	1.3310608292000594	6.988260190537902	1.4218614436946055	2.0
38.43336510575642	53.97909323627411	4.1837627196276355	2.540812032832315	0.8629669055095114	2.0
34.01682553435362	55.80729237145399	4.695038818762138	2.8705632121261697	2.6102800633040784	2.0
46.878207813202636	49.02539054030945	2.1930391018570727	1.1183901242261274	0.7849724204047075	2.0
29.658795001523874	64.41441400511987	1.710626935678634	2.526478194167144	1.6896858635104879	2.0
22.653421070886914	70.4007417901017	5.382180486768168	1.0601416796630352	0.5035149725801622	2.0
11.900697972764691	79.17779757793382	6.545012435402017	2.19608467900426	0.18040733489521996	2.0
11.629213815969397	79.73111052581345	6.214054349474919	2.0296071442997405	0.39601416444249277	2.0
2.8368746257240893	88.01756494475357	8.638106504063254	0.3601410138008041	0.14731291165827673	2.0
11.948544665607304	74.70324384976591	10.585725013210538	1.0894939500880825	1.672992521328174	2.0
2.917165508623171	80.88144617903002	15.546221165808948	0.27475097530501075	0.3804161712328386	2.0
2.1877232877263086	88.65560815196704	8.604976345747149	0.24103606247105397	0.31065615208844577	2.0
19.901804609394645	41.974616248540116	18.296335269927937	0.16092562662575116	19.666318245511558	2.0
22.747816899449973	39.30525463688795	0.4200298454468586	0.15815671687754046	37.36874190133767	2.0
50.89500063712686	31.797965309835813	0.5673947427085538	0.12469083694670871	16.61494847338206	1.0
58.97620739499659	36.73747247892056	0.74229576855263	0.09829008773857754	3.4457342697916347	1.0
66.50328399649956	29.23075465771545	1.6434541856095644	0.27343662458443874	2.349070535590984	1.0
48.81594452526279	42.33966225624274	3.5340915187129887	0.37206889205229043	4.9382328077292055	1.0
25.03275372466626	65.73826773877927	3.531910869400703	1.3247365963074207	4.372331070846342	2.0
47.83816466944455	47.51898861953688	2.4539579674401324	1.213480147879563	0.9754085956988635	1.0
37.64371140757633	55.761412518190646	1.76818647149602	2.4160370427310633	2.4106525600059356	2.0
25.830239272120963	69.0963586848389	1.8493544245824576	2.20120520286241	1.0228424155952596	2.0
7.790014065562442	79.90133923119342	5.650338199717487	6.104096047414333	0.5542124561123134	2.0
6.05522803690326	88.20671944437741	1.0311002208945912	4.251635949484955	0.45531634833979506	2.0
24.310075037846236	72.64989578758816	1.4388647661590008	0.6422247082996054	0.9589397001070128	2.0
19.61956921139375	74.70518939023972	2.159413893438038	2.411124073352388	1.104703431576094	2.0
13.328242531304635	83.98712882401198	1.0952430723984155	0.6364755809301309	0.9529099913548402	2.0
11.382450760140415	86.06001624354379	1.6075159959852425	0.593722504667233	0.3562944956633246	2.0
2.810492525007685	93.51065638522228	2.4785759795113145	1.0560868420956016	0.1441882681631173	2.0
3.352256963785236	91.42762185653987	4.898335411166776	0.2184515922213946	0.10333417628671276	2.0
2.8506790746745185	86.42477600146191	9.512032854562257	1.0639609885795835	0.14855108072172954	2.0
4.006312525805275	92.3508377452388	2.952386035445233	0.4716461404896271	0.21881755302106506	2.0
4.406470589384439	89.84379916851059	4.242184240251447	1.4017222615055354	0.1058237403480129	2.0
1.9684814814867069	89.81317323926056	6.398399662451318	1.7008503845658596	0.11909523223557059	2.0
2.0884560759305577	78.9474003805644	17.229496864260323	1.6038472729441287	0.1307994063005801	2.0
0.9956087233895617	87.0797965625508	10.198695789856814	1.5948679858773998	0.13103093832544313	2.0
1.9895792062141489	78.50844178197659	17.470208335873192	1.9011384755812273	0.13063220035485584	2.0
0.756345617939722	45.58043469797399	51.01825801387936	2.577384649735359	0.06757702047156286	3.0
0.19195510673841645	38.70805178338812	60.722862247174305	0.3418230909497548	0.03530777174939707	3.0
1.7968535909178054	27.50397576143233	70.04544192113406	0.5259365011315085	0.12779222538431004	3.0
0.14510880721917044	17.821703875690435	81.88196675612093	0.12121887684035482	0.030001684129114053	3.0
0.17839061220754418	28.200516336089287	71.26862817189688	0.2806529656023573	0.07181191420392248	3.0
0.07028163711770852	21.242730337753105	78.55390475187963	0.08726379587782047	0.04581947737174031	3.0
0.062065839043928414	7.682271282367481	92.03711958081102	0.17969080667952167	0.03885249109806686	3.0
0.044350908504586235	9.663819737731218	90.17622353518526	0.07868977954850592	0.036916039030439315	3.0
0.05197562410353555	12.386629142056469	87.47185631325401	0.03436098092947334	0.05517793965651546	3.0
0.21357846121413415	23.80580770258576	75.8953346246127	0.03134259455644873	0.053936617030967124	3.0
0.0369095435633678	5.080624426806917	94.80924001155007	0.030013407730923584	0.04321261034871525	3.0
0.03698969062044234	6.8286261227370675	93.04776756740786	0.04247557150410313	0.04414104773055146	3.0
0.035575303116049055	9.1939461465029	90.72326058699143	0.019172516220416047	0.028045447169198184	3.0
0.014308596570431983	2.88520144987354	97.04310402366444	0.024425991133306898	0.032959938758297815	3.0
0.006773060355275739	1.9964858388516322	97.96705610613691	0.01561363104508298	0.01407136361111642	3.0
0.0071726138401543935	2.902582379798782	97.06100756975363	0.006876843328827772	0.022360593278608187	3.0
0.004796072722688293	1.1104586298409345	98.8479717080042	0.020452888692508792	0.01632070073967104	3.0
0.0046071080655652585	0.9492200421656747	99.0058704413958	0.02177150062562508	0.01853090774733064	3.0
0.008167887114176021	0.9804563655285632	98.96174056520105	0.030509275644950252	0.019125906511264067	3.0
0.007869747925434954	0.7604251647240473	99.21451791803085	0.009378975019886176	0.00780819429978367	3.0
0.0036184445844814664	0.5104825562215857	99.44667584982774	0.02628607057752625	0.012937078788660296	3.0
0.007877015398782732	2.0112513064469586	97.94354263237797	0.023102680209961587	0.014226365566326143	3.0
0.00580853073223194	0.941985090685644	98.9692020548293	0.06541564376763016	0.017588679985168183	3.0
0.01261833013317148	1.7872287645481681	98.14196756188663	0.04073874258464605	0.017446600847381716	3.0
0.01931956192732843	1.7092989919711203	98.20611027744252	0.03983023518829496	0.02544093347074161	3.0
0.02256106789171626	1.1655532054102247	98.69039523271928	0.060062355593154995	0.06142813838562561	3.0
0.027199167637704764	2.0786195806347054	97.83394183417356	0.03401167963134131	0.02622773792268448	3.0
0.01564841354913784	2.609147169273762	97.3221795995581	0.03147825060873507	0.021546567010260177	3.0
0.028069904203558545	1.9710327756458559	97.8922937738327	0.06944385589390399	0.03915969042399226	3.0
0.02933573751764092	1.9630982253796947	97.89664519922917	0.07324499447633807	0.037675843397157044	3.0
0.03549840321141856	2.6589235163051983	97.00448715382544	0.19321753477819073	0.10787339187976626	3.0
0.10556971060059163	5.846808947983879	93.61047179058595	0.18527708613028993	0.2518724646992982	3.0
0.6174990244218531	16.62506983540167	80.399235591969	1.5738987907008093	0.7842967575066485	3.0
1.6513747488890629	44.13725201001312	45.978330469456935	7.8176025238865146	0.4154402477543537	3.0
12.636881840728758	38.692095826965925	41.43443085368773	6.482320537047993	0.7542709415696023	3.0
11.842046732615813	75.92041940376355	6.23633417332279	4.233949638990759	1.7672500513071017	2.0
18.661983882221637	55.61582797349279	2.2038106288112513	22.959792138714807	0.5585853767595118	2.0
9.24551474956938	78.56846702164631	0.7211101273488645	10.56726574847383	0.8976423529616088	2.0
5.016954647120574	70.21683274439431	0.38966592646094605	23.876773417519377	0.49977326450478654	2.0
4.6695074769354274	59.836595915561276	0.3527038831941103	34.61404400062194	0.527148723687265	2.0
3.6592016180316738	29.27893976408943	0.1496360001106216	66.32464894052993	0.5875736772383436	4.0
3.6764096484257704	31.89515199861929	0.21062362996605632	63.62524253816555	0.5925721848233303	4.0
2.3278111773520074	19.895688275467418	0.252552478977043	77.10377157336866	0.42017649483486613	4.0
1.0650008189559637	8.329108694180835	0.06334455893376963	90.38286214909878	0.1596837788306348	4.0
1.1870264101180779	8.890082007712625	0.09197890675858987	89.61080973992165	0.2201029354890674	4.0
1.548474640238466	2.762620329845272	0.011854360074247233	95.45298872540268	0.22406194443934505	4.0
2.7613515686214627	11.925494251260965	0.02833622672734887	84.81927384276496	0.4655441106252617	4.0
3.690382590506686	19.99791918297491	0.04455859638556611	75.6382150450955	0.6289245850373313	4.0
7.670145100952955	18.504860115672113	0.02131749196205008	72.30187194131192	1.5018053501009678	4.0
4.158371779404453	17.410273235876023	0.11200442125599733	77.64748256575048	0.6718679977130461	4.0
3.002639087437282	14.040156784167204	0.05708355380539739	82.38637367894287	0.5137468956472335	4.0
3.7495837024509417	17.774170759547644	0.12034252307882595	77.95174316933434	0.4041598455882358	4.0
2.89275920692889	26.269346576223562	0.046400266255920114	70.42419834530214	0.36729560528947963	4.0
3.5289033590844383	23.842294482480337	0.06082908417865237	71.18809206191423	1.3798810123423304	4.0
1.7278665024865711	11.731224085160004	0.04166031563960799	86.1935786152879	0.3056704814259146	4.0
2.2951401958529325	14.897895880288777	0.07886299314448512	82.57144345007448	0.15665748063931326	4.0
1.2419051926265925	4.717787417260824	0.02961775590477636	93.83884260333056	0.1718470308772514	4.0
4.858530504528645	19.67804557343863	0.016822906312404705	74.8798095735118	0.5667914422085133	4.0
2.0269521965838377	6.253355931494635	0.025291312063499445	91.52548183970708	0.16891872015094195	4.0
1.7658618751443356	5.129027244467597	0.06269367392232875	92.89296873357291	0.14944847289282573	4.0
2.144023875439004	9.881287324638565	0.040976334541141704	87.72022813345373	0.21348433192755017	4.0
3.27890637669815	29.802588004326708	0.05648936411548896	66.71955474315641	0.14246151170324162	4.0
1.4209966835113843	10.239624025784916	0.06236044335041084	88.19915392843608	0.0778649189172066	4.0
3.5786514741037285	10.268049240464446	0.010737015349839727	85.78037903308743	0.36218323699455374	4.0
9.63700087353896	18.01763681513594	0.04029736995613846	70.51935910679961	1.785705834569351	4.0
10.596745586566717	39.24440487905779	0.44463711656698607	49.135173252344714	0.5790391654637971	4.0
15.530859642214006	34.11087910816717	0.23280941127750593	48.91690606567345	1.2085457726678708	4.0
9.768987868122306	14.194193077870022	0.15754105114069994	73.05595743817487	2.823320564692095	4.0
19.018473351965802	21.313044791592496	0.36046645321311255	1.9659044040185136	57.34211099921007	0.0
35.01065543890975	15.597191230876714	0.3165325071431969	1.5045817406640536	47.57103908240628	0.0
80.62045233913328	15.952132453824053	0.6563997507558488	0.5623713358301939	2.2086441204566256	1.0
76.6395182573983	15.658240006038469	3.879658897513602	1.6139033983306534	2.2086794407189863	1.0
36.26405004018513	51.38405716323804	4.882536743281538	3.9940911478997836	3.475264905395509	2.0
15.267239317327883	69.17815684802578	9.044972036540752	4.256477067194233	2.2531547309113473	2.0
10.278138209447574	53.68781036553004	7.390513191367616	23.601438238366356	5.04209999528841	2.0
4.676586930699603	66.95174828255136	8.429928995815986	17.753738210646894	2.187997580286145	2.0
21.791122010933822	63.450962452076496	8.453398236804057	5.411038312332174	0.8934789878534423	2.0
7.818927448548994	79.10914518396058	4.86592433467291	6.868088874118692	1.337914158698819	2.0
6.979754714049006	88.69614829907266	2.145656139167203	1.196792431509532	0.9816484162015937	2.0
8.461571635805173	80.6336699325161	6.6967892784524485	3.3928010817568395	0.8151680714694425	2.0
3.8457948757163254	87.76415688975747	4.402441664788048	3.071797578182376	0.9158089915557825	2.0
