N1	N2	N3	R	W	anotaciones
38.73396729632825	55.95985204962373	0.1407892061752826	0.1675869420302639	4.997804505842486	2.0
11.01994290806136	82.69000877325948	0.27382612595125577	0.24029286305643183	5.77592932967149	2.0
20.814647541028624	67.49779915780324	0.1579944637009618	0.14279654450522156	11.386762292961931	2.0
41.122684132741135	8.203459520047758	0.008718899069461654	0.16894226136537294	50.49619518677627	0.0
79.80141401231182	15.503685094360273	0.024460421445368755	0.07461161152938992	4.595828860353133	1.0
39.43086122976838	58.66795957128551	0.4532949263379666	0.06444617233224971	1.383438100275886	2.0
23.610624061432848	73.11387781044571	0.4090696886154957	0.06720516141190072	2.79922327809405	2.0
8.637331113427228	88.12272999418025	0.5337466661934808	0.11783015652048591	2.5883620696785736	2.0
3.725664146001035	88.51361872411327	3.1614262185530664	0.12464409152598285	4.474646819806632	2.0
2.2584333465309085	89.93744783937655	5.071000754249703	0.08173421196346976	2.6513838478793845	2.0
3.3912679195981106	91.06939329612534	3.4645151952536084	0.051123443202894914	2.0237001458200305	2.0
4.4327433904075555	89.6619704593981	1.9927849073493937	0.14816797193931772	3.7643332709056154	2.0
4.375490341036673	87.72964512892986	3.156790175041837	0.1293281696803277	4.608746185311301	2.0
2.4288000897501183	89.57816855585523	3.6038173540104683	0.09462564419794597	4.294588356186229	2.0
2.603746764310134	89.55409670005538	4.167381354142951	0.10440689752517979	3.570368283966352	2.0
4.353019780818554	89.70635260983498	2.863017670607158	0.07779255294352831	2.999817385795796	2.0
1.5348355236849665	88.9040078155016	7.6557147654368665	0.09248353729382103	1.8129583580827457	2.0
68.62075529546048	17.84391844264049	0.04544740161772507	0.07324288102626832	13.416635979255059	1.0
26.797178336236605	67.7187854072356	0.7733131043908061	0.03587457659446321	4.674848575542521	2.0
15.220187928277259	75.58473976890122	5.195617799012407	0.029771020930163948	3.9696834828789482	2.0
16.18132290213047	79.5463160312697	1.3640817628641175	0.031615051655929254	2.8766642520797667	2.0
17.71902483592393	72.47536637765957	0.7447939035691482	0.07630417824215013	8.984510704605217	2.0
1.2838842236423886	79.58078400988825	17.735497001511604	0.014231533461098367	1.3856032314966729	2.0
2.966966702172785	80.26487439886638	13.348710374236717	0.026375912561798987	3.393072612162333	2.0
2.7551298471022574	75.88003159997633	10.114833307873125	0.02978501380791795	11.22022023124037	2.0
1.6443183553913907	76.32991393703945	11.84674605268696	0.025278523084446978	10.15374313179775	2.0
0.3869630731528601	11.62682098930043	82.27756005153705	0.012740965207126587	5.695914920802538	3.0
40.54844649783484	22.0862283076235	0.7424854352234048	0.006664562311566964	36.616175197006676	1.0
7.846742961909353	67.54828205729476	4.027330908363901	0.024459334444057537	20.55318473798792	2.0
3.130817280766002	87.18107088561257	2.1755546750579913	0.01849208156037429	7.494065077003048	2.0
0.7620887255209475	51.99719442797468	43.2822982674764	0.003791993289641865	3.9546265857383274	2.0
0.38980458660658657	13.487125786720735	84.65065999031745	0.0009746247365331092	1.4714350116186723	3.0
2.725500161001666	54.39072760866206	39.00194349947132	0.003666226747336707	3.8781625041176175	2.0
0.18133643055246407	5.326753980030812	90.4232036897685	0.000538891553512034	4.068167008094733	3.0
2.048743877072056	62.55693341214691	27.809348234363746	0.0049682597158661156	7.580006216701427	2.0
0.9145196998237543	22.03056316106638	71.61022282439914	0.03408774008427807	5.410606574626424	3.0
0.26931693819172153	4.70970489855163	90.27969356627517	0.0017659668205167855	4.739518630160957	3.0
1.9649110342648841	5.9449990962214905	75.95213774157745	0.002284423182372726	16.135667704753796	3.0
9.425155934544547	19.48768467568264	3.1227886522821735	0.0037330356388503997	67.9606377018518	0.0
12.287976528455689	22.820636738130638	1.7715325646156004	0.002601195602777235	63.11725297319529	0.0
9.631210171080088	69.51138015524097	5.484380483179555	0.011526696637235434	15.361502493862167	2.0
13.800004263823565	78.33216942142892	3.2606231695987518	0.015415644000522612	4.591787501148246	2.0
10.996121210090076	81.47215396051966	4.448183392130047	0.02353071423897256	3.060010723021233	2.0
7.561219796406079	64.2894119469723	16.588461950342136	0.014200585515590364	11.546705720763912	2.0
14.965713398508932	78.92022376307025	2.7543314371072025	0.028410803563138673	3.3313205977504596	2.0
3.8048433237581705	87.84226681605563	6.030968728010593	0.01758471846353815	2.304336413712064	2.0
8.217066368610912	86.30187606228084	2.399884934021253	0.04188183097652838	3.0392908041104483	2.0
0.64784117186172	84.42702370721481	13.81738402451655	0.033231968677068235	1.0745191277298294	2.0
0.26640392346483277	49.53185959614302	49.250635543104735	0.0142459817863484	0.9368549555010726	2.0
1.255060853480317	19.767694718222007	76.3576646299313	0.011378251440271249	2.6082015469260966	3.0
4.751821798484963	76.16235237398524	15.783961685481751	0.019576203846706292	3.2822879382013475	2.0
0.24344779077131495	7.133275941221873	90.91755815209126	0.0020313164739831266	1.7036867994415592	3.0
0.7805282426178037	44.54999943719506	51.64380384800611	0.003938243944368476	3.021730228236658	3.0
0.17606266008023014	1.5834406515580928	97.19612127410679	0.002111903894606618	1.0422635103602655	3.0
41.57405375906421	13.167196651363172	43.45472166323212	0.007765652342030222	1.7962622739984613	3.0
3.101620189880361	27.35862709009766	57.857675005657704	0.0032646480248861736	11.67881306633939	3.0
9.539597358554813	10.755210530897976	0.22336854983600343	0.010154389853761934	79.47166917085745	0.0
30.356209924620366	52.592313371365165	3.3899494860002615	0.015011442168770251	13.646515775845444	2.0
44.32956953917057	38.458674362559556	0.7492361760242754	0.01782166789355938	16.44469825435204	1.0
29.485031690979735	57.632184672884904	2.1260835617186338	0.005328282397023319	10.751371792019706	2.0
3.4471789614348416	75.96149982876842	18.519967561931992	0.015028654807451903	2.056324993057284	2.0
11.62850352810357	82.41901117870503	2.9858147668265818	0.011220258132029268	2.9554502682327857	2.0
4.3151093728073455	83.81937155372495	10.657617708383091	0.006099426254465587	1.2018019388301464	2.0
2.364235888854219	81.79811630028745	13.896836086121992	0.011015783191980558	1.9297959415443586	2.0
1.940251561576987	85.18113844642885	11.63758025693286	0.017123818564524194	1.2239059164967876	2.0
1.1323691766745152	86.74553877171881	11.398357177789082	0.006725765513998784	0.7170091083035921	2.0
0.475536368359107	81.9995164289237	17.099542728287584	0.002291146488335235	0.42311332794127055	2.0
0.13332836484003244	27.137341968645405	71.9874946307604	0.0031366950935606615	0.7386983406606076	3.0
0.6607844144869188	68.39575342528397	30.4610517010707	0.002778074712202219	0.479632384446205	2.0
0.10972120293932894	6.026521220382812	93.60149593163614	0.0006045053587181916	0.26165713968300336	3.0
1.413030855128359	20.081716055882044	76.85884484035493	0.0022987505441030395	1.6441094980905575	3.0
0.37988000160633706	6.9554166349866815	92.46131944640604	0.0002275134394173514	0.20315640356152026	3.0
1.874243249991344	5.554623356970919	92.1347768687364	0.00025713468023241646	0.4360993896211128	3.0
0.7375118993350009	18.136838003843057	80.42246772027089	0.001048366329267587	0.7021340102218057	3.0
0.18765732537229005	5.134463401451743	93.985582361166	0.0006733732549615437	0.6916235387550094	3.0
0.3665020767672117	7.005656106127243	90.83690759872437	0.0005123243497859515	1.7904218940313945	3.0
0.2177142745670224	4.021806603691662	95.44507366708761	0.000526125145189165	0.31487932950852	3.0
0.11656755081114623	1.3335408473038293	97.99949202597398	0.001276922000828449	0.549122653910213	3.0
0.2616950237373429	1.527791984880781	97.2765095809468	0.0007745426069448016	0.9332288678281317	3.0
36.59838343831267	5.694711944342286	56.38824062363912	0.0009952584132692248	1.31766873529265	3.0
31.231930025234234	20.33313021679948	0.7727425557703257	0.011209651348421935	47.65098755084753	0.0
10.79400234625868	69.9910888589764	2.782558502158869	0.010425588513178354	16.421924704092863	2.0
25.688628071882775	59.547403720471316	4.287708839967213	0.015094992741592352	10.461164374937109	2.0
23.65450781474036	51.887862534487915	18.42776935296903	0.00928151205078513	6.020578785751908	2.0
4.669483203203193	85.11142790414752	5.461506033303469	0.016219175082997417	4.741363684262806	2.0
1.959172900858487	82.20392398301296	13.19259261520605	0.01397533079597521	2.6303351701265534	2.0
1.7312931528564384	80.37469949691534	15.950986298798655	0.011163788101659617	1.9318572633279147	2.0
1.1556464440235346	82.92682074377204	15.20792533750201	0.007912505139265402	0.7016949695631736	2.0
1.2802438377129066	55.5116841954579	42.65746810199403	0.015083848899076968	0.5355200159361024	2.0
3.6222882404706542	21.49952603331257	71.36787494435673	0.008447392681382778	3.5018633891786823	3.0
53.325062250526486	33.528703912258884	1.4577196916436277	0.04197351979175331	11.646540625779247	1.0
23.952885329504888	37.978739852712394	2.658768893317836	0.030757224621941345	35.37884869984295	2.0
18.605317718679633	16.405852970173676	0.11337778591574844	0.01770938926030059	64.85774213597064	0.0
5.279392296467267	87.58915514352803	3.8645248355340596	0.017957859507221053	3.2489698649634495	2.0
33.84749852145128	47.52966737960617	1.2251205483032828	0.015937080827970178	17.381776469811292	2.0
28.348514368833154	53.80093094095356	0.33617469712606196	0.05283378517652427	17.461546207910693	2.0
9.694923368518573	86.86033480702984	1.757240316467599	0.023364507939579775	1.6641370000444151	2.0
2.4509915187895226	93.35161379976125	3.4899991544294524	0.017543682625594	0.6898518443941642	2.0
1.4937265412094378	92.41578703623551	5.1825628822373435	0.06078749005870495	0.8471360502590208	2.0
1.3180595903677903	88.65505270335949	9.08435145980583	0.08766002706753882	0.8548762193993692	2.0
0.2339426913761724	65.94392751560086	33.56835216014008	0.008939163857616204	0.2448384690252647	2.0
0.34542508301825736	66.64290324714557	32.61784929891617	0.013646741572278106	0.3801756293477278	2.0
1.3625455413865446	79.07800589239736	18.967490385055143	0.02699218727942993	0.5649659938815348	2.0
0.1725014127719753	23.755740407595294	75.83859594220657	0.0068491792422201445	0.2263130581839416	3.0
0.025127601768953494	1.3940745349873707	98.50908864140553	0.0013573129661372156	0.07035190887202032	3.0
0.745553635014147	32.66291442875734	66.3216411951859	0.01103338101330792	0.2588573600292947	3.0
0.0213379826438023	1.450465585287974	98.42664164717992	0.0031212720274636074	0.09843351286083414	3.0
0.03731309339908434	3.7320378664452787	96.14966396186237	0.0022630926698079786	0.0787219856234507	3.0
0.0047854363581276965	0.5276525183595053	99.42460720512996	0.0008032851592096656	0.04215155499320293	3.0
0.03402374424412898	2.7094177871537215	97.14939571863206	0.0021886617930380234	0.10497408817702429	3.0
0.004481891176878513	0.3057903799997526	99.6585675502894	0.00043355353803813964	0.030726624995935335	3.0
0.008191513793463816	1.2875249099799444	98.66331679398918	0.0006007393502676008	0.04036604288713215	3.0
0.0053274639204031055	0.5347120281325858	99.4392597973235	0.0005136970342030599	0.02018701358929474	3.0
0.01237545583825812	0.8994562603574658	99.0584889992273	0.001383770537730757	0.02829551403923055	3.0
0.005379414428339428	0.5798673686172143	99.38566686597984	0.00040351769407577563	0.028682833280534285	3.0
0.0016879094614050578	0.08651035791460437	99.88394601163812	0.0004172786350935686	0.027438442350790515	3.0
0.009940191139049512	0.4150249386235293	99.54297263138075	0.0008425871449030084	0.03121965171176941	3.0
0.0025970620329367946	0.1534072142909652	99.79977595414539	0.0004612999412224351	0.043758469589497154	3.0
0.002091813109902433	0.12435103192694132	99.82024751950748	0.0008954192603414423	0.05241421619532417	3.0
0.013161131128771238	0.4736367970561905	99.47224456005482	0.0004352464806726943	0.040522265279535834	3.0
0.003820340937096674	0.2231254971184279	99.72581399696175	0.00024507901951584856	0.04699508596322109	3.0
0.0018642949326323143	0.14623094409206366	99.81347557327132	0.00020732295197548354	0.03822186475198482	3.0
0.0024788001794463312	0.18825736299544563	99.7604240173003	0.00041351761487248823	0.0484263019099256	3.0
0.004143736991725394	0.2658424155742755	99.66748668752001	0.00032730906322553366	0.06219985085077091	3.0
0.0032171324373645783	0.1898643777244265	99.7522148040807	0.0004156343275434171	0.05428805142995719	3.0
0.018321944545200225	0.7163935007601202	99.20484987293526	0.0011140743696207225	0.0593206073898157	3.0
0.002393256269837969	0.07132206468911803	99.89382116920865	0.00012361467039154924	0.03233989516199413	3.0
0.0027287724819419117	0.1143690186740928	99.78217919710605	0.0003458278306712737	0.10037718390723757	3.0
0.00237043417816825	0.09949032226424248	99.85880085564258	0.0005413591740253039	0.03879702874096808	3.0
0.006212277441449917	0.11818244807061894	99.84514695811264	0.0003007920131921461	0.030157524362080884	3.0
0.00450543851396461	0.15074683178748374	99.81721739152427	0.00020981927645981408	0.027320518897827724	3.0
0.004445550362457417	0.2634717494165698	99.69417571009078	0.000419471909874343	0.037487518220326074	3.0
0.001773978405645915	0.07002259644941031	99.90740364012865	8.15836509764188e-05	0.020718201365312928	3.0
0.00163808231172982	0.10724128222592165	99.86876214494765	0.0002035785034186299	0.022154912011277186	3.0
0.002752810034309872	0.2129985998599246	99.7486635807378	0.000513229079661843	0.0350717802883024	3.0
0.002020895188076251	0.13785917035087686	99.79310896246783	0.0004631344890611385	0.06654783750414574	3.0
0.022054111793076855	0.12079872608557367	99.8352108785295	0.00016704949363398116	0.021769234098220052	3.0
0.0040770799312740535	0.23936182805732037	99.7241224982776	0.00044461442758712236	0.03199397930623188	3.0
0.013814882567691946	0.6550653149772628	99.27120919213765	0.0010381605431157787	0.05887244977428068	3.0
0.004511464764141631	0.22302751782235186	99.71526314417541	0.0005896503286767548	0.056608222909399916	3.0
0.0065002067390730065	0.2999057760408362	99.66180366979967	0.0004253056941306813	0.03136504172626948	3.0
0.003957484210504413	0.2076498344788793	99.75179702489511	0.0004671625462746958	0.03612849386923281	3.0
0.0041989380152383455	0.31265363954861186	99.61974176264305	0.001179608019606319	0.06222605177348096	3.0
0.003412412999060863	0.13714108640877298	99.81319667763911	0.0005622805303200119	0.04568754242272593	3.0
0.008514282407731296	0.40213086411366417	99.51961710815053	0.0010287923831632548	0.06870895294491342	3.0
0.003209254573241073	0.17558410206509847	99.77593580690328	0.0004014309617443111	0.044869405496618026	3.0
0.020260051313141122	0.20858217870413082	99.75264446872905	0.00039190969834754496	0.018121391555323194	3.0
0.0036990986616183136	0.22634214271431982	99.73691794146434	0.0011077027025450715	0.03193311445715569	3.0
0.003526937658447502	0.32688017941652386	99.62703284505771	0.0009179454401660741	0.041642092427135596	3.0
0.00677844059017169	0.8254192240947518	99.10324960241948	0.002186101140606156	0.062366631755014564	3.0
0.006660138158812006	0.2986362124746378	99.58765032274201	0.001725738511172083	0.10532758811338302	3.0
0.01289915147160008	0.23010708739707667	99.6848268837205	0.0010182871880532575	0.07114859022277269	3.0
0.009845351961737811	0.38579650020474315	99.50361939592905	0.0013125936954057826	0.09942615820904824	3.0
0.011678891176544571	0.428228110630173	99.44924012275584	0.0008972094290860316	0.10995566600835761	3.0
0.009485961566355356	0.2314645672888976	99.51984576694827	0.0018792977704488833	0.2373244064260143	3.0
0.0020818946631596296	0.21453296238191735	99.7429273356649	0.0003365587606419273	0.04012124852936432	3.0
0.007070488119786833	0.8693303157713418	99.03326833454676	0.003145519580682551	0.08718534198140428	3.0
0.003925766016279226	0.1949715245300229	99.69801492951747	0.0019214458829377066	0.10116633405326707	3.0
0.008329107629531672	0.5014642658123372	99.43188850560152	0.003517553843339913	0.05480056711328094	3.0
0.007481929953859197	0.5307294519227282	99.38529685089432	0.002978312929706013	0.0735134542993694	3.0
0.008802264890879766	0.39506518501627896	99.53929786223856	0.0034786433913855715	0.05335604446292062	3.0
0.01965044497642167	1.092152756565183	98.73027299752405	0.015985182976567903	0.14193861795776433	3.0
0.06000027563457125	1.7344893823627323	97.65985880858643	0.07164063928213632	0.47401089413412945	3.0
0.6976578872744382	8.964462411724075	88.34826439048324	0.3238512756837643	1.6657640348344822	3.0
9.029991858053998	65.59655463478927	2.5777871164855504	15.753171758724354	7.042494631946848	2.0
5.579885111003531	39.737899960977224	1.2980451449196622	49.61144484506173	3.77272493803787	4.0
6.4512386952049114	22.822413294849227	0.09932713959009892	66.27356220017242	4.353458670183343	4.0
72.06725451761592	8.128200728505965	0.038834988010307527	4.024626212539729	15.741083553328073	1.0
34.94459597187659	45.44171002780663	0.03356461168591846	16.34416421685105	3.2359651717798337	2.0
40.062081134144975	24.689589274274244	0.018128390115032963	33.24767330530293	1.9825278961628028	1.0
35.702169012913195	4.124808100906917	0.0034733932136485146	58.316862337331024	1.8526871556352127	4.0
24.637477744073323	5.981383703326974	0.019215220307049106	64.55273060864187	4.809192723650789	4.0
16.318503890083004	3.8542458634825167	0.010201336529844543	78.51710006327319	1.2999488466314415	4.0
20.779747792212422	2.787185896148746	0.002940652134732993	74.83621151198392	1.5939141475201712	4.0
8.950060285135029	2.4889751981630313	0.005096371784234569	87.31914401124361	1.2367241336740937	4.0
4.1773888344042	7.811322848895526	0.005099132452860227	86.95249680339404	1.0536923808533711	4.0
1.4877093855260475	5.856323780073854	0.005018346821301877	92.03432863035125	0.6166198572275375	4.0
2.9277549075339486	2.513053966866191	0.002795306851672512	94.11573228956567	0.4406635291825149	4.0
4.143121747516097	4.447611363171752	0.0019364894256494447	90.70821334417532	0.6991170557111853	4.0
1.62852169732782	1.8206523513639599	0.002145044128962424	96.15992136291801	0.3887595442612475	4.0
4.5216123446538585	2.4998972191962445	0.003975405818361885	91.51694306057323	1.4575719697582952	4.0
5.5546352750458565	3.0462180112217583	0.00471628574495784	90.61021180437743	0.7842186236100076	4.0
7.0470678844093495	10.533511970249972	0.007645490737057997	80.54583316597058	1.8659414886330365	4.0
8.983103209659296	6.385226208645155	0.0025687109664180013	81.59471696323308	3.034384907496042	4.0
12.828172827628043	2.521573228106776	0.0018646378153521087	82.82645018604966	1.821939120400165	4.0
11.173984093725382	6.512240291047656	0.0012743382349092172	80.71614538448651	1.596355892505549	4.0
6.510778232958309	2.981931668353276	0.0026941364662861297	88.66994396940571	1.8346519928164182	4.0
4.014292166309579	3.919916954332466	0.0011580001929210226	90.82335552487322	1.2412773542918083	4.0
3.508517473591933	3.926433394685578	0.0011626666162896301	91.40663307236139	1.1572533927448172	4.0
3.9919907931367855	3.9922120674082726	0.0018633282898224766	91.37175406894336	0.6421797422217644	4.0
3.3694312016882964	1.9438444506477803	0.001760051964025689	94.13900915981075	0.5459551358891425	4.0
2.670418998634084	1.1716082635629441	0.0014322607905753184	95.74616949381125	0.4103709832011389	4.0
4.197088409613133	8.251411114713514	0.00613147155605019	86.46644435778859	1.0789246463287125	4.0
2.4353931450929536	1.1230450833535455	0.0012111256491291044	95.75560133032897	0.6847493155754191	4.0
3.264276028363585	4.593353266896586	0.004096591059699943	91.2282276939804	0.9100464196997301	4.0
3.0576344849241996	5.424575288453638	0.0047622959167965585	90.12864262719994	1.3843853035054177	4.0
9.418832232888974	2.893071335141646	0.0024164521179496565	85.82936610924678	1.8563138706046645	4.0
4.978045997661313	9.080933815543565	0.005112356371304992	84.29608550756592	1.6398223228578879	4.0
6.660045902487255	5.6571875650683054	0.0035677640660578074	85.75188467617134	1.9273140922070369	4.0
4.748010767464796	5.602720748447784	0.006562667336171865	88.33119568825313	1.3115101284981179	4.0
6.094233949762355	5.9053557616300205	0.003459835146296806	86.07965208412345	1.9172983693378578	4.0
33.59682157795289	19.610704551020184	0.1256922230782315	10.667566456221596	35.9992151917271	0.0
85.20941561102569	6.843306878397584	0.014214413268160375	5.056025480128295	2.877037617180269	1.0
73.44030794183992	24.168982979262807	0.035261964559581534	1.4736502265266271	0.8817968878110485	1.0
43.75363333018723	53.896762221473324	0.06822288362123066	1.4004676175417274	0.8809139471764899	2.0
18.165849515007245	78.13011984967024	0.029933152183298027	3.0990726239112356	0.5750248592279968	2.0
5.180562024552354	91.04169679525766	0.1607504022333286	3.345674234123598	0.2713165438330746	2.0
0.6815570035863303	98.80263310347216	0.23310672142247327	0.20345841412378762	0.07924475739524807	2.0
2.182867758763327	96.48179344251477	0.525277565749784	0.5664370053794993	0.24362422759261637	2.0
1.4865865278343406	97.03618901852462	0.7988302820171757	0.5416001586564909	0.1367940129673549	2.0
0.9404350318774848	96.6561881120209	1.8819211535023843	0.3180844217449738	0.20337128085425732	2.0
1.1025772292825542	94.3814070801428	3.7627092753167024	0.3598681529022769	0.39343826235566737	2.0
1.1591119867878612	96.37522916252298	1.496539641369136	0.47482110760224294	0.49429810171778665	2.0
1.1230900900990544	97.55050835678166	0.7871085930816252	0.20423885250952134	0.3350541075281449	2.0
0.9008897710941578	96.19650511110277	2.2278562390543444	0.2800824504382787	0.3946664283104627	2.0
1.3374903523617654	95.85756578416765	2.145617938640725	0.28685732894253524	0.3724685958873377	2.0
1.2636086311532813	97.72313776049558	0.5558617018996656	0.16081263353945038	0.2965792729120111	2.0
0.4190668304957361	87.22238519956619	12.085399647088918	0.1461367089747597	0.1270116138744173	2.0
2.338629477363567	95.5660607435925	1.2503694940042784	0.30024317860988936	0.544697106429791	2.0
1.5633142726385514	95.98035111404192	1.5949950092987466	0.5118677154083997	0.34947188861237677	2.0
0.521893305967615	96.62895127280864	2.3970236372816043	0.19801224976676848	0.25411953417539596	2.0
0.5955313158675961	96.5976829106578	2.4365646246392987	0.07420047189183089	0.29602067694347856	2.0
2.0614584941319087	92.74084807573495	4.1098372160499475	0.6306296630581077	0.4572265510250747	2.0
0.8153603043167457	97.12295457208953	1.690495715047952	0.10446649689612086	0.2667229116496417	2.0
1.7617932930776399	94.00624646933447	3.3413035221108243	0.4958110711107841	0.3948456443662771	2.0
1.2715679349493652	95.5473031370353	1.83081994669377	0.6780136115895056	0.6722953697320583	2.0
0.4436592020519025	97.81552601745109	1.3165810845547892	0.22684520601323968	0.19738848992897545	2.0
5.373940169744242	54.622455010598145	1.7416881103908797	0.14618315723132377	38.1157335520354	2.0
0.3358151921109719	0.7401632894506657	0.005395736821494975	0.014644241561811164	98.90398154005507	0.0
2.120772724049552	0.3738964725564677	0.0015709356608930535	0.03358095591355779	97.47017891181954	0.0
0.9052378432451949	0.03941274981748156	6.955972523595682e-05	0.007025460214569921	99.04825438699753	0.0
47.82714778602555	1.7074264372558319	0.003164931363522939	0.13538402614191075	50.3268768192132	0.0
54.38489363052291	12.392797504785246	0.006917562101976855	0.613290712524325	32.60210059006554	1.0
19.137868168877354	4.342410806329529	0.0011994512604237507	0.37739377545226144	76.14112779808043	0.0
31.28057835766313	26.12958163920763	0.010338802933582603	1.389648474781312	41.189852725414354	0.0
2.337466021965783	0.5474526224441691	0.0004584011020212224	0.18373308485339998	96.93088986963463	0.0
4.962911086735586	0.2897595722176971	0.00020271701782526702	0.13753173661824591	94.60959488741065	0.0
30.110366387588243	1.4842994393648403	0.0012995573256786464	0.3053045717391715	68.09873004398206	0.0
16.821102542811158	1.6597991043344937	0.001345196261264227	0.19381300060118936	81.3239401559919	0.0
71.33336950799819	1.9070915004422522	0.002074838802268852	0.23524163518819696	26.522222517569116	1.0
69.01772851546323	9.197305410053264	0.0033425694430218745	0.1777767393330455	21.603846765707427	1.0
74.01416709912566	21.673397952867447	0.01365032427102035	0.09882955618408387	4.199955067551773	1.0
48.65974998213271	50.3196430497179	0.0774068571406868	0.235856987087887	0.7073431239208201	2.0
26.598105225362858	71.53071822708739	0.23896884033381863	0.6135819151825314	1.0186257920334052	2.0
3.609082568564807	95.61105969101115	0.11624606978491941	0.385078448093547	0.27853322254557056	2.0
2.8126802962349506	95.67996494575868	0.4898315120368429	0.623536605858895	0.3939866401106185	2.0
1.3846426550635518	97.22689268606388	0.5605753878789697	0.334469127339469	0.4934201436541065	2.0
1.7679380452729283	96.84799809685785	0.5384813008309117	0.4053404312081871	0.44024212583012856	2.0
1.5969873765375742	94.97580097373014	1.7905683034436588	0.5832548630747916	1.053388483213839	2.0
1.8905127627932654	96.16647206596238	1.006938808708737	0.31231481314036375	0.6237615493952473	2.0
3.412193374072383	93.83079887926058	0.6693098167189024	0.6123860746772528	1.4753118552708844	2.0
2.698506750097377	95.26022546417484	1.0147937179310584	0.21072195657242232	0.8157521112243117	2.0
3.2820305451761795	95.41787239364061	0.37054916870128624	0.15726183546685893	0.7722860570150776	2.0
2.0152233886392925	94.35287981908267	1.7832343475873726	0.2832375839210553	1.5654248607695775	2.0
1.0268117906393759	96.95197255917581	1.3354770853284883	0.1005540607075812	0.5851845041487588	2.0
1.0632243970833262	91.78089486046929	5.626111337006262	0.24969005030310976	1.2800793551380119	2.0
2.116899128287303	95.0475175176844	2.048531947578551	0.15256683957753614	0.6344845668722168	2.0
0.8930724680724382	88.75635721431371	9.028682273977479	0.2188640524239672	1.1030239912124131	2.0
1.8635678843596424	94.64552110170969	2.4151161767473797	0.1615630638384247	0.9142317733448431	2.0
3.760191659875888	93.35391507596054	0.9113209144679054	0.4514605676968215	1.52311178199884	2.0
4.399758279771207	92.80122060841074	1.0414063151772388	1.053606530368434	0.7040082662723618	2.0
1.1738986362625532	96.79433773296209	1.3925891973987217	0.296476983894805	0.34269744948182107	2.0
1.7517045977120602	95.90986870679646	1.7090221113685422	0.3382939075337074	0.2911106765892172	2.0
1.8185238170839682	96.74952326847422	0.5593667469602378	0.37803709367441557	0.4945490738071534	2.0
1.3454894493893532	97.28479508289549	0.7112725816638085	0.3206003480976433	0.3378425379537292	2.0
0.5857035122296863	96.26980619697187	2.542577400436103	0.18586536979211243	0.41604752057024535	2.0
2.027612381646523	95.65399878660148	1.3987127650419648	0.24592473820296354	0.6737513285070755	2.0
2.0886934511193362	96.2578155717327	0.9448718994589104	0.22092632570555534	0.4876927519834883	2.0
1.4989545409411738	91.19479416020963	6.2327599033644745	0.046499358503183395	1.0269920369815648	2.0
12.172209449011362	80.1985099981679	4.707181750538285	0.019080796226630083	2.9030180060558144	2.0
6.166932567664881	88.69222301496708	4.295635386837713	0.06313891559985592	0.7820701149304758	2.0
1.398299482241364	91.76935101156212	6.429146904909014	0.020211018253977864	0.3829915830335245	2.0
0.593643277613687	91.58244839376025	7.490780980131026	0.008390924407678663	0.32473642408736686	2.0
0.30543904978859376	97.6447067195224	1.8117507184376613	0.009063115389291257	0.2290403968620613	2.0
0.5919361528458177	91.74984755455198	7.200229205765781	0.027910851428517524	0.43007623540790485	2.0
0.7923626390684684	92.9079924358175	5.999899616000165	0.05459507501665066	0.24515023409722916	2.0
1.3679114697353338	92.3861925500112	5.147358244290804	0.12614521253553043	0.9723925234271222	2.0
1.0413570160078633	89.46741021416412	8.831845252633592	0.18993603390624386	0.4694514832881785	2.0
2.6772112466980147	80.13033004708187	16.35438688760333	0.11753334604585419	0.7205384725709347	2.0
39.769497784036574	17.309158603795904	0.19016891935292224	0.33185087757003423	42.39932381524457	0.0
36.81739113660855	55.40755102590759	0.9375744360291252	1.3493231885144135	5.488160212940325	2.0
33.281715267242774	63.32389543651708	1.7610113507034917	0.18022459256271156	1.4531533529739467	2.0
14.361486338739162	81.26428570186474	2.0041777226294837	0.3087594844846541	2.0612907522819546	2.0
1.986248843850554	92.15270068019053	5.402902950399828	0.1709747139082908	0.2871728116507805	2.0
1.2023448326536643	88.61191280046708	9.626223048475225	0.2817527588591324	0.277766559544915	2.0
1.1103552043353708	93.88183091374206	4.385976962501922	0.1903396778416197	0.4314972415790247	2.0
1.2561320257204527	95.81851527605725	1.9436494336189905	0.5129346530405201	0.4687686115627529	2.0
0.5304885550290404	93.6292457975781	5.409385651352534	0.24713829251684216	0.1837417035235144	2.0
0.5104437110918462	96.1503225588455	3.0353314714683375	0.16382275418015696	0.1400795044141775	2.0
0.6963308852603204	97.24669453043775	1.6872774987649224	0.1692783179251016	0.20041876761192212	2.0
0.6580428326707249	94.21942325245202	4.57715812507933	0.3412664534634066	0.2041093363345104	2.0
0.18547872255266334	85.69155070336473	13.927408473245368	0.07550584075388223	0.12005626008337755	2.0
0.8526094926368478	90.60279107855003	7.964154987076127	0.2878285266997999	0.29261591503719314	2.0
0.3324781707427334	97.407558094637	2.023024408067576	0.09083824328220282	0.14610108327048985	2.0
0.6134410767710673	93.64400290886348	5.420625303590618	0.07559386865397803	0.24633684212084928	2.0
0.15193858790584505	91.38972508718155	8.320647795445787	0.03744950443423577	0.10023902503259743	2.0
0.4179341601280576	92.42951504896591	6.878372913976952	0.07876082396476675	0.1954170529643146	2.0
0.4153040619844268	70.98784988079736	28.397611965068002	0.04615499274586312	0.15307909940436912	2.0
0.12071816488041186	50.8346888198838	48.95820867655706	0.021142767798373423	0.06524157088035756	2.0
0.21078791190939605	47.34604599816728	52.19924918431732	0.05305950449014636	0.19085740111585164	3.0
0.060625501590814715	24.279598798941795	75.52469572663394	0.021986552377263567	0.1130934204561888	3.0
0.3581280224962784	40.41753170637006	59.076623662019436	0.019457184721965032	0.12825942439226917	3.0
0.6975884991705755	71.40053445166117	27.47537383346732	0.11048396677588528	0.31601924892505345	2.0
0.2771359057665996	14.910675736329585	84.61240186421192	0.031798787913959604	0.16798770577792255	3.0
1.081792161789622	76.53248131389121	21.821583772483937	0.11104092780002815	0.4531018240352102	2.0
0.4400962814939243	6.568569606541306	92.1494857304607	0.024446553280475927	0.8174018282235795	3.0
5.335767101718245	87.14204114803118	5.223493509642949	0.2636330790160764	2.035065161591554	2.0
47.59883742185133	47.92161809612391	0.73353904446473	0.05650477164850546	3.689500665911558	2.0
40.56343716907515	52.06873375669686	0.6370890749065088	0.07821222588201017	6.652527773439458	2.0
10.911247769659287	86.0841494337192	2.1601116566362757	0.13187218645553017	0.7126189535297195	2.0
14.309200020819922	83.47193907703362	0.8414459100472274	0.22194382568756177	1.155471166411638	2.0
10.191282040253027	87.36800646594959	1.9270982901153522	0.17170695989166987	0.3419062437903655	2.0
1.9781363355514607	94.9019202373886	2.566935332070843	0.13252235188898998	0.42048574310011466	2.0
0.5943475679493913	94.93652729325953	4.161659804626829	0.10583210650154021	0.20163322766271302	2.0
0.2546823860074909	96.86690036209869	2.731534859237016	0.05825654072360225	0.08862585193321643	2.0
0.853945837657265	95.97022716454714	2.6247451623217484	0.21945661464677452	0.33162522082708296	2.0
0.4981119945715497	97.657313962359	1.476812842901694	0.205799035283192	0.16196216488455092	2.0
0.18911993677982594	73.131304227463	26.332998022537762	0.18238549584003586	0.1641923173793701	2.0
0.6494809616099846	90.82755418324656	7.529210569048137	0.6657138341720519	0.3280404519232678	2.0
1.2739696565716403	82.20687075244093	14.7704063350716	1.0653338569237014	0.6834193989921221	2.0
2.047849650250579	91.34155470714059	5.41276429502057	0.5875581976718341	0.6102731499164177	2.0
20.52030484190655	75.80697428506244	0.3068051993965459	0.09043719589907566	3.27547847773541	2.0
8.170099661168242	83.64366991744274	5.973203661408888	0.1511652290785542	2.0618615309015964	2.0
11.26685480415098	85.5921829448648	2.0037368569739265	0.19493871320982473	0.9422866808004625	2.0
9.294389756096644	88.03471750902564	2.333178124407564	0.08556096544631411	0.2521536450238557	2.0
24.034580976747915	70.86348180713904	0.5241800028191981	0.12528068845700344	4.4524765248368405	2.0
13.351810988598281	84.8629803693002	0.28285263196287963	0.20953331190669933	1.292822698231941	2.0
21.456414672153056	70.36496906141161	0.22117149849584694	0.07237252530216895	7.885072242637318	2.0
26.88221752915893	69.052468261727	0.0989275045778065	0.1063711739440576	3.8600155305921855	2.0
14.878141527137197	83.27141013852287	0.1260291645286886	0.0778234154261941	1.6465957543850613	2.0
14.927363610011673	83.90117947088427	0.5641058685183559	0.11522785866412544	0.49212319192156323	2.0
1.4301103601259402	97.12924266887131	0.8048624797481567	0.3567692376834319	0.2790152535711714	2.0
2.5859637933798996	95.75170530613912	0.4647171789233231	0.77265536337271	0.4249583581849514	2.0
2.266968067126211	95.54816467642796	1.4928888744621223	0.36815730152823234	0.32382108045547675	2.0
1.3716935670576027	95.63483858096164	2.2797967636433656	0.4611266681420636	0.25254442019532286	2.0
0.7432405563462746	95.57689674578863	3.0145868823959874	0.43605697867744797	0.22921883679166932	2.0
1.2034592917161229	95.76928990243194	2.2021737843293994	0.4878785160897366	0.3371985054328043	2.0
0.6613813977578015	92.5033988153152	6.330573645288363	0.33866021830861426	0.16598592333002266	2.0
0.6000433694207289	97.42493284750331	1.4842382858816452	0.21327107637236226	0.27751442082193895	2.0
0.5230071981876744	91.98601574036725	6.451404481344937	0.8139895437572524	0.22558303634287782	2.0
0.8730234560486506	95.09450191828111	3.4908336892094853	0.23077535789945827	0.31086557856129016	2.0
0.5609590875069393	95.32359039259609	3.858302561091425	0.10782694841277964	0.1493210103927905	2.0
0.8656378729185026	93.79577510532037	4.653356756369196	0.2500974665412388	0.435132798850694	2.0
1.906485556673919	82.90909524767208	14.313432088004182	0.3374969841777263	0.5334901234720862	2.0
4.580960338368773	92.85328666800964	0.5106708683893341	1.1792284722100441	0.8758536530222332	2.0
6.814362890939006	89.39373813455536	2.75969430050135	0.19010676382419736	0.8420979101800662	2.0
5.973656703191228	90.78666633666123	0.7551823518511757	1.24884145675584	1.235653151540518	2.0
7.176276928885467	84.2079246603526	3.061036557975695	0.12316953221299429	5.4315923205732295	2.0
19.349840983075826	9.22910027288731	0.01682980455218142	0.1532262298253199	71.25100270965936	0.0
29.00654599830649	66.1856775030486	0.24362966345796325	0.09984966845034011	4.464297166736618	2.0
50.79361256416167	30.620834637054017	0.1003064735966125	0.15485794809938117	18.33038837708831	1.0
28.940384525234002	66.78153083142992	0.10514314303897032	0.050304412721913105	4.122637087575201	2.0
3.4363141594416517	93.54243352671415	2.1178842941668283	0.10570249445327295	0.7976655252240963	2.0
0.7441323658569836	95.84508884517327	2.9863387762299443	0.028043560278200916	0.39639645246160465	2.0
1.8593065454835929	95.7885233219465	1.68641712736533	0.11283198990649664	0.5529210152980684	2.0
0.750540225599609	94.65778756898537	3.974705241161721	0.253300248814592	0.3636667154387047	2.0
0.9693276325795598	93.48898665344272	4.828730015201616	0.15735112822603392	0.555604570550067	2.0
1.1083114765523578	96.3060852117989	1.6539168051050772	0.23610283629867776	0.6955836702449792	2.0
0.9564172708974391	92.71022754145405	5.378017863518832	0.374815324202429	0.5805219999272695	2.0
1.810674197277913	91.80470648081926	5.328323605038735	0.46319625395956077	0.5930994629045431	2.0
0.5786278338859729	96.13320998892907	2.6795936563621896	0.30218070048866885	0.3063878203341031	2.0
0.8489951565579387	94.75479719702194	3.7758941789087688	0.23378491492179018	0.3865285525895453	2.0
0.26259052944778083	93.41704488415712	6.047915500898923	0.1643005213991801	0.10814856409699561	2.0
0.47072353326801036	91.20178699645736	7.853203242748144	0.21096201745275717	0.2633242100737134	2.0
0.26150942214288164	92.87040967949426	6.3344078041979195	0.24260337957528302	0.2910697145896478	2.0
0.316250150105478	86.71829584791813	12.425054285068551	0.3668214844966077	0.1735782324112232	2.0
2.4030014698559983	87.51067621141954	3.1347774246993954	6.380197492064483	0.5713474019605932	2.0
1.0245749435492297	88.62985360351658	4.719742665633646	5.281464830788521	0.3443639565120064	2.0
6.292508331165464	48.79299368443498	0.2866981526599703	43.87383419024381	0.7539656414957703	2.0
2.579455091411175	11.828176469959365	0.021875403461376487	85.08744121555102	0.4830518196170617	4.0
10.334264597361415	8.891623021600234	0.015817422538161832	79.32852824366479	1.429766714835408	4.0
13.37682816296909	7.993928860781292	0.020952219115042768	77.39523579574114	1.2130549613934276	4.0
6.025673656879791	3.095465346762723	0.006701211192231464	90.03581103051779	0.8363487546474497	4.0
3.6948807575941913	2.3554247781838087	0.002696323822685544	93.40148122376019	0.5455169166391309	4.0
23.849846079576523	2.2739362182235596	0.0017376437717899974	63.0515292806721	10.822950777756029	4.0
23.880402720655457	1.7131254996613727	0.006959082719406712	61.75959336787482	12.63991932908895	4.0
35.16221712785055	2.3001563698280036	0.006605244364295278	55.88749554654731	6.64352571140983	4.0
45.860144469583894	6.101168857718033	0.004279053451724619	33.54755811633117	14.486849502915177	1.0
29.463917694829927	3.9266073976541804	0.006232223952001091	8.332086286617645	58.271156396946246	0.0
1.0522704527699267	0.05510887385514391	0.00042658326646019285	0.12902602196005303	98.76316806814842	0.0
4.243518792170223	0.22173502573468104	0.00021501983425849193	0.15237015382125438	95.38216100843958	0.0
12.191964624740935	0.1456256662047747	0.00017735589818237052	0.06056383784578622	87.60166851531032	0.0
50.17940616779428	0.49893753179465117	0.0009039652333139042	0.29066350983101846	49.030088825346745	1.0
62.5847162259341	1.060292739643064	0.002602985332592574	1.9543184529591977	34.39806959613104	1.0
86.08511653050708	3.165753373066998	0.009900296659764314	2.698622650597635	8.040607149168515	1.0
47.83716366599011	46.0181802046874	0.030480855470047863	1.7763784477873337	4.337796826065112	1.0
45.06527475598193	43.33787579306146	0.03616181554406688	8.942742729504324	2.6179449059082285	1.0
34.57660971886348	40.07268408824528	0.021931588283510935	20.155085783633883	5.173688820973839	2.0
33.91322199059592	46.667278073759306	0.02998912176217728	3.986497795159747	15.403013018722833	2.0
44.49474223395213	49.244651080547044	0.04538973927135774	3.5637449097562452	2.6514720364732103	2.0
34.572407914216235	59.65069072338056	0.10915644465189335	3.8531802115176963	1.8145647062336223	2.0
11.221989825910116	86.75876020915815	0.12714459647463033	1.0109107981651224	0.8811945702919942	2.0
12.112651479145645	81.8980427531335	0.07208483168262984	4.77501992538124	1.142201010657002	2.0
5.2258370554979265	92.78405657482911	0.33119351005974823	1.197936704562411	0.4609761550507795	2.0
8.759150075303099	88.8608978943802	0.11897289464807824	1.9028674129501721	0.35811172271845904	2.0
5.369084097791709	91.37999139609686	0.04677160493276794	2.6032572888338765	0.6008956123447955	2.0
3.014659608686684	93.42930991949731	0.17040349533887672	3.025345551868961	0.36028142460817686	2.0
2.03449282450836	95.16828965883319	1.0270889999255106	1.5207831006705546	0.2493454160623856	2.0
1.749654237831827	94.37297317235127	0.5009943391758204	3.02626269312937	0.35011555751172385	2.0
3.3117999301430134	87.50139099554505	0.31281284406734317	8.49841235237966	0.3755838778649391	2.0
4.482855387246341	90.66670435391076	0.1577973347262623	4.163003161642889	0.5296397624737316	2.0
2.3996031746372863	94.55778331144	0.3821207334424813	2.441530204962306	0.21896257551791176	2.0
