N1	N2	N3	R	W	anotaciones
0.025249361649578337	0.029026105155717748	0.006738488843338476	0.00016755862498366904	99.93881848572639	0.0
0.39234799746734356	0.16882999820525194	0.387572842976122	0.0003496824983564968	99.05089947885293	0.0
0.48504436342465	0.5633256211561776	0.20939480239269126	0.0006693143640506309	98.74156589866244	0.0
0.2518743696375614	0.04754979226100535	0.000641446170137593	0.0016831679912901016	99.69825122394002	0.0
0.20419492378975146	0.018580761437657516	0.00110228547720477	0.0011737399110774655	99.7749482893843	0.0
0.1814346758246292	0.032532089501515364	0.00039292896675043954	0.005747052586729783	99.77989325312038	0.0
0.3522394759012962	0.08487261094924929	0.000840335307114807	0.001057482608225734	99.56099009523412	0.0
0.6681202071106739	0.14182373790189928	0.0006234244130468992	0.0013735175714358959	99.18805911300295	0.0
0.4414868483934532	0.12407342224303498	0.0014388358772009315	0.002643102658707222	99.4303577908276	0.0
1.8289815865678973	0.46271484537364815	0.0011057946216784837	0.00776774250809431	97.69943003092868	0.0
1.8785898249755424	0.3722996356976329	0.0007826607867564868	0.0032273061693926194	97.74510057237067	0.0
1.5201509397034718	0.18082262969234586	0.00032575679615352523	0.004252976270349402	98.29444769753768	0.0
4.546275173321144	0.3815657266498063	0.0009084894512812381	0.0028488909355102792	95.06840171964225	0.0
4.358707303776526	1.0126193463367776	0.010147569037841657	0.007226602114833688	94.61129917873401	0.0
2.6526522037588496	0.35553322891300526	0.0002847047798078923	0.0038347920792379422	96.9876950704691	0.0
12.863491703196328	1.1745735186743276	0.003966938293688934	0.006753161969139705	85.95121467786652	0.0
10.191784141213134	1.2608443977847137	0.000541914786109965	0.01970093109294424	88.5271286151231	0.0
9.633015714386008	0.6736762258643585	0.0028046405006275734	0.013278465351466033	89.67722495389752	0.0
13.661096900703932	1.0402787986945095	0.00256286760985554	0.004261924600226359	85.29179950839148	0.0
18.99657876667215	0.9537197615737788	0.002282155858975699	0.007549885047310532	80.03986943084777	0.0
7.92995639866283	0.5488713618250038	0.0010658088256708296	0.009491221606535056	91.51061520907996	0.0
17.013521160188738	0.619840767622734	0.0028130863975288777	0.02300408016836016	82.34082090562265	0.0
24.55867885539316	0.9975531693389165	0.0014085767789630609	0.02038115989349408	74.42197823859547	0.0
4.730893764952611	1.7129946366537923	0.02827863195718347	0.005251813111721002	93.5225811533247	0.0
4.303542925186912	5.784303594221804	0.3131592609030884	0.03211023697755833	89.56688398271064	0.0
23.600342281371503	1.0204911275332755	0.0037377858742198393	0.02051907449306856	75.35490973072794	0.0
45.31340218679827	1.7469001029083049	0.003672572220107534	0.12446686226647151	52.811558275806846	0.0
40.957221369614444	2.8432676608494956	0.014776181607694554	0.2247851659707526	55.959949621957605	0.0
39.18753178474837	0.7460260947986452	0.00319330692589598	0.017571786598116493	60.04567702692898	0.0
17.87809946975038	0.16133930006824207	0.0002692458598072723	0.014156202672480243	81.94613578164909	0.0
23.879029592523683	0.4831628899137446	0.0012233221208681187	0.016395308815751238	75.62018888662595	0.0
19.321007442518265	0.21845433685464352	0.0012119776021964148	0.004132575768511185	80.45519366725638	0.0
48.59969623354038	0.9609274043335678	0.004349109406551643	0.021996124362095075	50.41303112835741	0.0
33.36632009959396	0.6864631270206869	0.0027658829226355677	0.02053708179639808	65.92391380866633	0.0
44.093710734630434	1.6135855538425306	0.0036924140508622695	0.047789062755633736	54.241222234720546	0.0
60.81446871745825	1.3653082312324905	0.004595480544907732	0.023555795885895375	37.79207177487845	1.0
42.23578875125393	1.6551177688213767	0.002851602080279667	0.0169361010401529	56.08930577680427	0.0
16.17679070352073	0.4313548969949255	0.0011455403795545306	0.007296404277014138	83.38341245482776	0.0
70.82339930720202	1.9092363784876762	0.0030260792613984464	0.010544640925424226	27.253793594123486	1.0
37.88728022217149	4.754533659187137	0.012060394206928542	0.01335125673803066	57.332774467696424	0.0
37.17624933221477	9.22001897195188	0.013955683889388476	0.030315793751006938	53.55946021819295	0.0
25.004410707835312	0.6605201900047385	0.002357349281972258	0.005561778991403375	74.32714997388658	0.0
21.43276658387077	0.4552253615533297	0.0015776395746357902	0.003150729355824776	78.10727968564545	0.0
63.520156351686296	2.485213621597895	0.004140611257353669	0.029208964484818044	33.96128045097364	1.0
46.62060937777356	0.9156899178147583	0.00017756258070955914	0.016705425611664788	52.44681771621929	0.0
34.90521752704778	0.34002089083983694	0.000880453740791354	0.0024457700310830358	64.75143535834052	0.0
65.47593162700727	0.7856285218384316	0.0010585788595171889	0.0015574596274475284	33.73582381266735	1.0
73.55652087603885	0.8332603849920202	0.002202826743565225	0.006589150753101935	25.601426761472464	1.0
90.43672817711203	2.0279061634747957	0.0028882982797810174	0.003804408484243586	7.52867295264914	1.0
91.50528833936079	2.5641954912004437	0.003514822947525736	0.0034883243475309906	5.923513022143728	1.0
85.0797649731855	1.58215535349105	0.002354013984717077	0.006784323541625245	13.328941335797104	1.0
90.79489488221787	6.061675587646382	0.004579573957488469	0.0023675089261867475	3.136482447252073	1.0
75.38978245942128	21.96693965465892	0.011628335886825355	0.006649901878219924	2.624999648154741	1.0
58.58155206145058	39.32916239023873	0.02221361546641641	0.016857664401828877	2.050214268442458	1.0
57.97055961144708	40.314966395390336	0.062253948657025986	0.05924648083946206	1.5929735636660989	1.0
21.705047797876027	75.39221380791054	0.03144806170560912	0.06962135373694167	2.801668978770886	2.0
25.66141087936208	72.85405704506204	0.1208176291719903	0.0706411667086141	1.2930732796952933	2.0
10.173596086885782	88.47164370141284	0.18738922976275946	0.17278356690211086	0.9945874150364902	2.0
15.070742678854913	82.0259441443958	1.5735824435826975	0.2542547796588814	1.0754759535077147	2.0
18.500328735595595	79.34355038024673	0.19121782055544276	0.28758782750931755	1.6773152360929109	2.0
18.377568886876976	80.2904314950651	0.0574796863482725	0.14440227168932257	1.1301176600203102	2.0
8.29839976614077	90.4795040838303	0.430173540349925	0.05499964501649305	0.7369229646624931	2.0
19.25383622191229	79.7892905284996	0.08903885502654245	0.07202264800359778	0.7958117465579598	2.0
3.358025083988391	94.57756162256416	1.625726228515954	0.01267578622839202	0.42601127870310174	2.0
8.648344075107795	90.77809914479779	0.18066057703813568	0.00939560407350433	0.3835005989827749	2.0
8.75106995941266	89.45117562871214	1.0621134575625584	0.004699831422399045	0.7309411228902328	2.0
13.895875221310728	85.17830350044953	0.266605089857193	0.00659791932865065	0.6526182690538869	2.0
4.201468530969709	94.8087441038628	0.3755412235119561	0.0036435718043938375	0.6106025698511428	2.0
2.0065023896575647	80.23578304604278	16.841590732350387	0.003536805292679396	0.9125870266565792	2.0
6.008638642296151	92.30600498433259	0.5427851097787328	0.0026185672564287966	1.1399526963360964	2.0
2.710648863434885	95.28623791918413	1.7553762169047735	0.002151086858659047	0.24558591361753898	2.0
2.065362337891485	77.72749961498043	19.27642261922575	0.012609921700212221	0.9181055062021132	2.0
2.1357283218419547	95.18055387751426	2.2137307263205566	0.003364998916412792	0.4666220754068107	2.0
1.3715169356397852	88.94918017649755	9.001435961090557	0.013735415277847652	0.6641315114942725	2.0
4.007514746623135	89.41381462687106	4.9435446680573225	0.025693329041395454	1.6094326294070962	2.0
10.734326561366371	85.47923004446052	0.8127415135432988	0.0343129734144044	2.9393889072154096	2.0
1.5704724917433774	93.97626496750932	3.650492541929165	0.015142300214158678	0.7876276986039605	2.0
3.099103884454634	89.455147669492	5.9834092201177	0.0412845072257739	1.4210547187099059	2.0
2.487804283829056	95.43357041188048	1.0659361436365853	0.03760953859118454	0.9750796220626851	2.0
2.541286548759525	92.69996922618735	3.4825734683658056	0.06449672713951897	1.2116740295478101	2.0
1.8447356820142535	89.37126839345896	8.233110025019883	0.02096383938542786	0.5299220601214831	2.0
1.7565375286662683	77.39565940878947	19.423049135097507	0.15611410500371795	1.2686398224430118	2.0
8.93683830794873	88.53146723224965	1.0170897717493401	0.10247475883480182	1.4121299292174647	2.0
2.8377339476479113	88.62756452627998	7.874339368341148	0.11877495839283524	0.5415871993381268	2.0
2.1057264487833214	78.43054080666	18.085877774135707	0.13560447506021037	1.2422504953607778	2.0
6.760671097762271	90.84140414470329	1.3251923588198116	0.11371023124868754	0.9590221674659267	2.0
2.1342898301698576	94.93218544622843	2.1243676697409324	0.08433570959175966	0.7248213442690119	2.0
1.6342191228206446	85.32789215060234	12.231862668195188	0.03963914937372299	0.7663869090081116	2.0
4.151459711941154	92.95761628110172	1.9769038420879954	0.04966542081086204	0.8643547440582772	2.0
1.7234670735810846	61.22385487293644	36.36308719264673	0.03861765672486522	0.6509732041108657	2.0
0.6315733174962176	44.40300461815068	54.27553739752947	0.015724276975141414	0.674160389848483	3.0
0.8191901436694854	27.577663869993025	70.65096221010737	0.013574781922704515	0.9386089943074152	3.0
0.4730278453275858	29.838231832285896	69.08648713878718	0.012851642586794141	0.5894015410125398	3.0
0.42271150850796935	27.906328559442805	71.0390703384504	0.008060073122369093	0.623829520476455	3.0
0.11482671275763147	4.169518420312504	95.29658312548766	0.005415829717887056	0.41365591172431715	3.0
4.006931834151911	62.04420453799384	32.0340566875999	0.022178417529513286	1.8926285227248425	2.0
5.532086905630888	62.85708415229686	29.956528850760257	0.010219350147192736	1.644080741164808	2.0
1.4046542850338295	51.61791187195942	46.03287206354746	0.013081238613629954	0.9314805408456793	2.0
0.7545475288062429	20.628015960324333	77.79462492813629	0.009558842370704939	0.8132527403624409	3.0
0.7564062154109785	39.27914791861373	59.56795199185204	0.005335343710239575	0.39115853041301485	3.0
0.23337787897603426	11.745188199926455	87.56402857675525	0.006502977295853545	0.45090236704640974	3.0
0.24060843366420837	21.598718757334073	77.85371145966518	0.0046213161844856	0.30234003315206	3.0
0.1719543391478221	11.933750910594227	87.43785496482253	0.002393268266016762	0.4540465171693868	3.0
0.400999670170885	51.84760125360475	46.22511924658969	0.0050330893085008465	1.5212467403261896	2.0
0.13025674481120464	18.294959566490046	81.1532187605904	0.0053364301480074245	0.41622849796034744	3.0
0.13581313099981493	22.966342208634238	76.33325408433237	0.007368530938626391	0.5572220450949523	3.0
0.05295810633762245	7.416871887960181	92.3172688487605	0.003984628916478994	0.20891652802520044	3.0
0.14940597029226624	15.307392050867517	84.07507572605422	0.006935328482600421	0.4611909243033876	3.0
0.015237572326004914	4.705914688482208	94.98776177831297	0.0030400508325039892	0.28804591004632135	3.0
0.04444005224208981	3.9549497897620376	95.43130592278037	0.007251595746390368	0.5620526394691344	3.0
0.10719581984539985	7.594333626468185	91.52635227750297	0.0060421114548366295	0.766076164728587	3.0
0.044286172311354885	11.198669627601268	88.3444326604431	0.003036411198494224	0.40957512844578253	3.0
0.055104417314720655	8.242010507109262	91.42388783075062	0.0038202691786668463	0.2751769756467235	3.0
0.03410401585021461	7.681056725658923	91.98426903958573	0.006988108673599935	0.29358211023155006	3.0
0.026564097141069554	7.10620690295996	92.70332802891191	0.002753075406817698	0.16114789558024484	3.0
0.032646870489176916	4.5601507298421575	95.26172176274775	0.004086557769061756	0.1413940791518624	3.0
0.04088653951827002	10.406874018585182	89.35722407867897	0.01123140514375674	0.18378395807380107	3.0
0.039069311567323066	9.059569115929623	90.73143314836189	0.006896280895717078	0.16303214324544518	3.0
0.020226570494608555	5.773090501942154	94.06417832833586	0.005633089130571737	0.13687151009681459	3.0
0.07285921613553163	8.920116294913456	90.75377512686144	0.0142380095644815	0.23901135252507108	3.0
0.05907161285242244	7.811420005711573	91.93878760137622	0.02066649533942974	0.170054284720344	3.0
0.07576204858627701	11.752261320268099	87.89005905890471	0.048985849466995475	0.23293172277391366	3.0
0.16654870185077084	4.904455781198109	94.1980301782389	0.06542760558496281	0.6655377331272688	3.0
0.43843132870846746	17.836351171857036	81.1670211083342	0.050684536671078154	0.5075118544292104	3.0
0.5692681413185865	15.401272322446388	82.88168660210764	0.09996680981505743	1.0478061243123502	3.0
0.5471407618986943	7.4662240386977246	90.48639396216635	0.1219567387835739	1.3782844984536469	3.0
13.281509389669122	56.525935427174836	11.042253129865474	0.35802445348298856	18.792277599807576	2.0
8.827195238853092	83.02487544891525	3.137477580627569	0.7955188790031746	4.214932852600918	2.0
39.44547310586288	33.83880508068518	0.2212677534152679	0.20911638591666204	26.28533767412002	1.0
7.392667595848579	9.005574917712979	0.2781805836513782	0.0703457424857818	83.25323116030128	0.0
18.495764424084037	6.285187691404147	1.0185623994070558	0.018017348158354977	74.1824681369464	0.0
3.213958876571388	2.1861228950454925	0.013451223138525847	0.005963735970837424	94.58050326927375	0.0
21.19234292126957	2.8973352867167645	0.0647102478061308	0.00654301893886167	75.83906852526867	0.0
14.895297243901714	36.514159938929744	9.43160904308105	0.07234335227525858	39.08659042181223	0.0
7.933641639844245	53.00776036716772	13.231518444917626	0.10539698032378672	25.721682567746633	2.0
2.299865561052533	41.588992743079025	40.20257898594053	0.21786457449541702	15.690698135432504	2.0
0.30427939289765676	45.99138105904328	47.734468731912756	0.06580114667672175	5.904069669469593	3.0
1.0482517287212505	54.485513782547436	39.488933647625615	0.024291112087606908	4.953009729018083	2.0
1.2680842444343714	76.09608965505072	13.155377755757494	0.034951004468368296	9.44549734028905	2.0
2.017605635301699	75.70289452924813	10.318999918958482	0.041350612682536536	11.919149303809164	2.0
1.0150863053227088	87.35565108736793	9.478930372061235	0.04444773900003016	2.1058844962481076	2.0
0.5588550182025113	90.11896665236134	5.417262591031502	0.030884232879784604	3.8740315055248478	2.0
0.36749719377375956	81.38642573619765	15.989438393071154	0.21270320726981645	2.0439354696876246	2.0
0.46747404834979855	77.8511969277043	8.788105565731872	0.11664914585108899	12.776574312362959	2.0
0.8710669503393254	83.73428529744601	8.202316267264226	0.27461029394344927	6.917721191006995	2.0
0.36364583619820784	62.58362498044983	27.15231135296395	0.13629269707977487	9.764125133308243	2.0
0.6998552907220761	66.69873895365733	11.468840644046336	0.4348129351879538	20.697752176386285	2.0
0.30011425956197885	50.23519014810094	28.865593287747878	0.396636594208379	20.202465710380828	2.0
0.21818006617627778	45.02282688291	40.49656256560461	0.39871262830973464	13.863717856999372	2.0
0.4206845172578304	37.451980043304665	17.948668947564737	0.0922470262550101	44.08641946561775	0.0
0.31788292287789255	45.09563263611281	31.78730723442203	0.07383408260230344	22.725343123984953	2.0
0.45227398400407404	51.97936302003156	26.553012635537804	8.601603603993604	12.413746756432944	2.0
0.21966683693841318	51.70399404575945	34.1772295183867	0.07343017942159535	13.825679419493827	2.0
0.31589336786404765	63.02004167135473	22.081208315647352	0.15762851818728513	14.425228126946596	2.0
0.44354666828862854	46.39586939588865	26.11587995771172	0.0983343610794623	26.94636961703153	2.0
0.2735330119246885	51.37873758292301	33.512909238746595	0.03231379532936198	14.802506371076355	2.0
0.629343622727925	35.092075197343284	54.487384480420666	0.11801917906886636	9.673177520439276	3.0
0.463933018603423	46.5372424819441	50.633284544999434	0.05278325724721999	2.3127566972058307	3.0
0.21535922510309272	31.957017381270887	64.15980838404334	0.016425525437795744	3.6513894841448686	3.0
0.20697534118250405	15.775635126672228	82.57519667630825	0.00748937642681873	1.434703479410205	3.0
0.25450595757799305	41.30503723196335	56.75176561437356	0.00857603622700289	1.6801151598581077	3.0
0.10146443440408727	35.86115934636306	61.85628870431662	0.012606834375173575	2.1684806805410664	3.0
0.8222034385529221	80.50798045729367	14.658715756592718	0.059225867404233225	3.9518744801564525	2.0
0.5737886280427884	63.970130794898	30.73469863558701	0.04577279957750245	4.6756091418947054	2.0
0.2817158418016763	43.30793086347184	54.94324452721511	0.02550457698902067	1.4416041905223578	3.0
0.3882001162464445	27.57423077727893	67.3383025766646	0.026341386921547055	4.672925142888489	3.0
0.4413787785913732	32.95633691826103	62.18388992628836	0.04394743711256535	4.374446939746674	3.0
3.2843789913260424	78.3698913396981	11.689038244554744	0.09107741432195718	6.565614010099152	2.0
2.713636753672279	72.79428577465343	16.15966062734954	0.12216210332936624	8.210254740995392	2.0
1.0844465361818223	64.60528155429401	24.57721335526669	0.0650753730845658	9.66798318117292	2.0
0.5932623968257711	45.14253077106004	52.31537731680515	0.04117072815759189	1.9076587871514394	3.0
0.8694640929082105	53.78031276104585	38.94338539305661	0.11658996178897886	6.290247791200351	2.0
3.020649031546234	74.00019496752189	16.418301842438122	0.10165988269166602	6.459194275802083	2.0
1.721321972370286	76.78119509324122	10.38308756147417	0.08879083224608825	11.025604540668219	2.0
7.502486837431054	70.01537976337823	7.690086924087426	0.1178742285285019	14.674172246574777	2.0
2.8070862640797722	54.37386244488414	38.174830208693564	0.07412797687426094	4.57009310546827	2.0
6.431583660310612	75.74793589728505	8.809358364448554	0.08398600501019397	8.92713607294559	2.0
2.8219867193343138	64.90292693022086	25.921228447472593	0.0569725616406857	6.296885341331544	2.0
2.057440367885172	69.94495049215018	22.896463921225347	0.1037096275964765	4.997435591142826	2.0
2.0713946743664344	56.404833650037254	38.00757823624051	0.04698591702289774	3.4692075223328946	2.0
2.876047413154626	45.421025354847075	49.64808815946214	0.08392664592580859	1.9709124266103626	3.0
1.6339977240108396	78.62185844812755	18.195211855003684	0.097719624930889	1.4512123479270236	2.0
5.771090682652315	78.70315001766724	13.77009633613092	0.17987343631348832	1.575789527236049	2.0
2.0868670477048807	73.91351053966329	22.95801928904506	0.19542772783331017	0.8461753957534587	2.0
4.690953203498525	79.81603553457771	14.152804819384567	0.5971220090890696	0.743084433450149	2.0
2.5809563167109553	83.60111561317709	11.79784696534983	0.9960125113844313	1.024068593377727	2.0
17.142801402659316	74.99266834403639	4.615432018175631	0.9542196212610197	2.2948786138676494	2.0
2.981745563437057	72.03082144675714	22.453060264234555	1.7151224678458847	0.8192502577253742	2.0
2.0028309027873723	75.71931298377694	20.985431614917264	0.5211552016967855	0.7712692968216396	2.0
19.508897573471433	73.56315674940844	4.491372085180758	0.9744948351744563	1.4620787567649267	2.0
1.391064824899867	77.7534171021287	19.67978742411937	0.2530496512261238	0.9226809976259415	2.0
3.224824388715259	62.52495717196416	32.56906464178099	0.4586745605954806	1.2224792369441013	2.0
2.865392532543995	69.2763484527981	26.622364929971415	0.19758039517494708	1.0383136895115217	2.0
4.528827542526404	69.92213700544023	24.496834763884323	0.13593767042057225	0.9162630177284551	2.0
0.9328462785366173	60.88499575198612	37.51984047966607	0.15994493867053727	0.5023725511406741	2.0
0.43849859909629335	57.35187005307988	41.83653398099417	0.0309956892725742	0.3421016775571081	2.0
0.9642675831695156	42.21413573845044	56.358285182591274	0.09108208326151811	0.3722294125272582	3.0
0.8875454938703804	62.39110495536476	35.99177069972741	0.08986858256043066	0.6397102684770103	2.0
0.7134307693394367	59.18995801723438	39.08257571584413	0.026271950108544936	0.9877635474735098	2.0
1.944553739348387	74.6864854439271	21.03711768789945	0.13708339456192545	2.19475973426314	2.0
1.272771481063537	55.71062494196255	41.83514492623412	0.05884600333235869	1.122612647407431	2.0
1.7136348071110192	63.72189803244028	32.7521541870583	0.09597737715852592	1.716335596231872	2.0
0.8998404929999969	55.88362281952071	42.5711609447386	0.06403050220798355	0.5813452405327298	2.0
0.7104650209234716	45.696923864666985	52.8878961995783	0.05482367884660853	0.6498912359846257	3.0
1.4417380580138341	76.53706204608135	20.95247402830539	0.14146806775251963	0.9272577998469349	2.0
0.6222383428607751	56.171954477679996	42.43903724267071	0.0695452677427142	0.6972246690458126	2.0
0.30517284403477246	44.38913013477767	54.52117309182769	0.02974830085087971	0.7547756285089814	3.0
0.8560517726976503	46.25808662546098	52.41712903405132	0.08915964208392621	0.37957292570612206	3.0
0.09874852882399564	22.95930317524285	76.63443138022565	0.017885947703166157	0.2896309680043619	3.0
0.7881073158082212	58.64069683438649	39.95411300851818	0.08929165788269358	0.5277911834044233	2.0
0.5555954428714311	64.86008516368847	33.794950164676656	0.04715176630622597	0.7422174624572061	2.0
1.0910200523036835	71.10270704171714	27.319363000431913	0.07854396424897044	0.40836594129828935	2.0
1.5527497984254273	66.18332885300795	31.664714184554725	0.10522625355422954	0.4939809104576675	2.0
0.39631830074992846	41.67028618642204	57.409752440521544	0.029633942366266448	0.4940091299402237	3.0
0.8521236903570867	64.5962479120598	34.04981682452536	0.10866701903827615	0.3931445540194805	2.0
4.175889565129348	69.83130826848729	21.858014287302225	0.06692798874203597	4.067859890339073	2.0
3.0635860822231566	80.56420862401258	15.142332742138475	0.07456118655346192	1.15531136507232	2.0
1.2372892668761575	66.80162416684159	31.199751364644623	0.07119355906332225	0.6901416425742951	2.0
4.966224836753998	75.23065434521165	17.534522367923763	0.35515377859421227	1.913444671516375	2.0
1.9273881643284312	71.36903030252942	25.93944187186368	0.19738320254159103	0.5667564587368705	2.0
1.9812593973022676	89.10007980425515	8.166858021681103	0.2383750099930244	0.5134277667684699	2.0
0.7162542038190534	73.48973628703611	25.045168210637208	0.04904338060283058	0.6997979179047961	2.0
1.6592551655858556	94.20860710535979	3.353448439672288	0.1621418744600188	0.6165474149220219	2.0
0.5352651462505795	78.82607756201956	20.32932726910898	0.03713668281581858	0.27219333980506094	2.0
0.44592795817648906	67.33666351990617	32.00178842504676	0.018416671707775226	0.19720342516280376	2.0
0.5602182780203503	59.13558585584002	40.090392440703006	0.020552585146815416	0.19325084028979458	2.0
0.07661435853870063	13.686615327836693	86.11583854465074	0.0032852654647718307	0.11764650350911383	3.0
0.8122937208816926	57.234504161388685	41.495843143098384	0.03289157230601263	0.42446740232522	2.0
0.47312148317389685	63.27232149579625	35.48694704194957	0.05067273575639411	0.716937243323893	2.0
0.14149384288630423	20.214430175263157	79.49864731340675	0.013885528810275261	0.131543139633499	3.0
0.16109844804561158	27.25501615138996	72.05451837806336	0.02545576450575976	0.5039112579952908	3.0
0.9798574508070593	76.9977962718849	19.847681040917227	0.1609135463200775	2.0137516900707677	2.0
0.16950532178166292	25.788112244602935	73.37155974497624	0.06280156840585875	0.6080211202333029	3.0
0.8497157318176999	50.601717811057014	46.15012393587489	0.4257027961259148	1.97273972512448	2.0
0.3563083160717598	28.450171928372086	70.10456912469216	0.06455704087993308	1.0243935899840695	3.0
0.20127225149797473	37.48043610438702	61.5348784132541	0.0436190281381021	0.7397942027228015	3.0
1.6799341222591382	66.14914152893961	30.239329562589575	0.4963355363123795	1.4352592498993195	2.0
0.4540333983965832	37.423273449343206	61.41121033526357	0.06165785683657063	0.649824960160068	3.0
0.33010033906672837	26.232550202958283	72.40512050690246	0.06280604229271639	0.9694229087797946	3.0
0.8490827543186292	66.96716564912595	30.397683245057838	0.17726124807236462	1.6088071034252187	2.0
2.794362492304767	78.97283491131509	15.883059677751554	0.2709593723167853	2.078783546311795	2.0
1.0239891721754373	83.38894438919019	13.669567987877349	0.2264272297655938	1.6910712209914132	2.0
1.1833187706227812	45.419221704429	47.86563364816341	0.11456361581173463	5.417262260973073	3.0
2.435467709381222	61.76923566002653	33.17048191957252	0.3848676488912617	2.2399470621284774	2.0
6.368560922915591	70.86992540377919	12.979106399484069	0.10479283180934358	9.677614442011807	2.0
18.270321017115922	66.95340923773986	9.563856185688259	0.2695495817778823	4.942863977678081	2.0
31.51544822925126	25.94766961385301	0.06810030734890063	0.37518101187713093	42.09360083766968	0.0
33.53421176458974	38.53395132455669	15.253142605192076	0.3285846489722895	12.350109656689199	2.0
21.32720637137719	36.52514389009744	39.64382711874219	0.10891226232808755	2.3949103574550894	3.0
9.290790500978554	66.84294910391473	19.851128855278276	0.13822667510890319	3.8769048647195214	2.0
3.0844145695984744	51.611465646025835	41.7769858739933	0.15235593928017838	3.374777971102209	2.0
6.704575578712143	61.763785218482326	29.540997110174633	0.1975303819621663	1.7931117106687255	2.0
2.5058994111327784	72.6906120139687	23.045555402709056	0.2805566269379608	1.4773765452515044	2.0
2.6307987421889476	51.539588290844826	44.23419880068507	0.2054432182723081	1.3899709480088316	2.0
5.716784932663748	73.90098580689775	17.149300870279944	0.8730714065396137	2.3598569836189314	2.0
2.6688145397305245	66.2621206008042	29.129745049978574	0.980641879380932	0.9586779301057686	2.0
0.49408493146122767	43.350428570612465	55.468094518326275	0.15006963866072123	0.5373223409393137	3.0
2.743510518601835	49.29577904167671	46.17511095376848	1.0951565402997834	0.6904429456532012	2.0
7.080295017872354	53.91624658027895	1.5072132473526134	36.68005462316583	0.8161905313302618	2.0
7.615725265213431	50.9159927520718	14.518052626111391	26.40330809420491	0.546921262398463	2.0
9.700450295993365	38.161364790194526	0.7582794004358908	50.22678651275411	1.153119000622115	4.0
9.40921593273551	17.622996908597987	0.034670357950141624	72.60473184384384	0.3283849568725198	4.0
31.148130763791688	42.94100426440946	0.5820800711025159	23.776369026293544	1.552415874402807	2.0
59.917054436967575	19.362950207216194	0.3519447852277768	13.926215016925807	6.44183555366265	1.0
30.303807916494048	4.497195381784792	7.4632100656450095	0.6769905367761099	57.05879609930005	0.0
74.92197278439846	2.622953293489374	0.004356273941589282	1.0848782354508524	21.365839412719726	1.0
82.32756157210235	4.463848903572686	0.0014876489471241144	0.5065585377166288	12.700543337661191	1.0
61.10416158161372	1.3144606078702032	0.0013863983936422374	0.39191360608609144	37.188077806036354	1.0
87.43638315616587	4.084873996883724	0.0028143002564378	0.30267279126621166	8.173255755427734	1.0
77.03729584285584	20.294348680275355	0.01606104644587356	0.7401035007094428	1.9121909297134931	1.0
46.382556611774895	41.240542022713896	0.25410260141672825	1.633233068767507	10.489565695326974	1.0
38.90165645348191	49.02765444722686	0.11704921955543707	3.504864129382178	8.448775750353613	2.0
12.20964911371181	75.88176138603762	0.12333804937758612	9.041099601424822	2.7441518494481585	2.0
25.684149059708954	54.141307641952054	0.19787193589707805	16.29268121238821	3.6839901500536962	2.0
10.686528688739338	63.93375282831244	0.2067609729234821	24.067305952934603	1.1056515570901326	2.0
4.978127072990259	24.235001080417334	0.029490333226243157	70.27820720865721	0.4791743047089514	4.0
4.040075298958291	11.228063085388378	0.015123486163600448	84.33250401232536	0.3842341171643705	4.0
3.3940206465852696	6.106174093509962	0.008680804382694826	90.00418341302185	0.4869410425002039	4.0
1.7302637213436654	0.8444877511277947	0.000544579516986688	97.30345214044625	0.12125180756530557	4.0
0.4837630065615601	0.4242978536686687	0.00020066150144309848	99.01454724902379	0.07719122924453645	4.0
0.8202717474393677	0.28642504714675654	0.0005063249769725693	98.6581096801437	0.2346872002932068	4.0
2.5859899134888833	0.2101211872380633	2.2250569998690268e-05	96.56706733852515	0.6367993101778945	4.0
9.704984468268357	1.6935086921370677	0.001318414901650939	87.39416967503901	1.206018749653901	4.0
13.854342206876883	1.4508663770848074	0.0014552282146237966	82.99501666260494	1.6983195252187393	4.0
6.615353100773241	1.4176863053375643	0.004933362784298449	89.67225452915076	2.289772701954143	4.0
26.978839040664525	4.240635542517483	0.005580938994251432	60.96555120175675	7.809393276067008	4.0
7.7946047488577435	2.499133787238773	0.00382162571988081	84.83650584906192	4.865933989121703	4.0
32.80419668111967	3.9234507164838934	0.004206263453095366	32.941495186131604	30.326651152811728	4.0
30.175852115054575	11.720619701860683	0.03215688191172817	35.12720157332595	22.944169727847065	4.0
30.353194108397158	1.2316874170712646	5.167647539910629e-05	3.2194972025417203	65.19556959551446	0.0
36.36038547175407	1.9635734597722623	0.00026901196888995675	18.20612917623201	43.46964288027276	0.0
28.244479853837557	2.276548190998879	0.00034623476661286	10.205025110269492	59.27360061012747	0.0
30.131481519068927	2.9883030294638036	0.012378605862485155	9.591989211967663	57.275847633637134	0.0
49.18800277596587	5.893237945362885	0.007288713849279485	6.708454337842237	38.20301622697973	1.0
45.061889910431674	5.788306267584481	0.006430122051586167	2.5869178598274654	46.55645584010481	0.0
24.484784162007905	2.209498674896719	0.0023693066824863945	0.32874014947847985	72.9746077069344	0.0
33.205328460184894	1.3515646187116521	0.002526283336932269	0.04509004438168392	65.39549059338484	0.0
3.2787125863980338	0.13725099593508136	0.00025263255854022766	0.00762362011929716	96.57616016498905	0.0
35.88096765958812	0.9460914291057861	0.0013727403969575436	0.03218532228934574	63.13938284861978	0.0
81.33264094128705	1.3975294464507768	0.003392108309239023	0.07177440835036483	17.194663095602557	1.0
79.86705821521753	6.144961619619622	0.006074320523868006	0.2515939173291383	13.730311927309845	1.0
76.30626479462052	7.501521358169051	0.006690956197266003	0.5175844982630611	15.667938392750091	1.0
46.85107177906503	9.856299733779144	0.01793535290400076	2.9984236137051075	40.27626952054671	1.0
30.845388086953605	18.918746208306857	17.349601819398817	2.5629842936676304	30.323279591673085	1.0
8.604136747532355	0.6086695832775937	0.02809340768287631	1.3508825621425897	89.40821769936458	0.0
43.21822180527431	1.5473466443022181	0.0035964685618625944	1.0581547120414543	54.17268036982015	0.0
70.04787031898768	2.671897993539064	0.004490773968225185	1.1400212644173602	26.135719649087676	1.0
75.32967783939036	13.964476474718222	0.021021747074504386	1.0009223383111594	9.68390160050578	1.0
74.20223587239231	16.836325861653815	0.004219664293861076	1.2099331165246812	7.747285485135327	1.0
39.86301015919002	48.239613047019375	0.03228691441606975	3.4230979302095594	8.441991949164965	2.0
26.569191887205545	63.85971136497034	0.10257805427591671	5.356851729151199	4.111666964397008	2.0
29.989481786876738	59.4390294701344	0.15933586896892532	5.443111086532318	4.9690417874876305	2.0
26.072455640690833	67.17313970183247	0.06002258519035733	4.345195747179	2.349186325107322	2.0
10.41377068337261	85.93445247243507	0.2118741703717752	1.9766630512517063	1.4632396225688389	2.0
13.840751422644074	81.30173284117768	0.028646225342762625	4.200198270875637	0.6286712399598443	2.0
4.926235061596648	92.96886437675965	0.06600022601347105	1.7025843224494523	0.33631601318076754	2.0
3.583667294005398	89.58435845704382	3.5312145433401603	2.690249965337733	0.6105097402728964	2.0
3.7215143947674565	92.93022416855506	0.7575680140429386	2.196336528901029	0.3943568937335197	2.0
1.9990564423934678	93.79542446737645	2.291273404506531	1.4685900827522909	0.44565560297124923	2.0
8.21196910723716	88.05353425507026	0.0356034532648315	2.80158637460712	0.8973068098206453	2.0
12.43184924017863	85.08579239901259	0.12406552696325232	1.0459800952187939	1.3123127386267175	2.0
8.303280885588519	89.20542712912098	0.5757917292469867	1.4317549050195393	0.48374535102397725	2.0
7.0197804143901585	90.51133765200152	0.16292173712056562	1.6273928067844272	0.6785673897033477	2.0
12.005334621891915	71.44958262289713	0.27035262322187903	9.166002856470861	7.108727275518223	2.0
14.556911740746873	36.450844237816455	0.555770488981783	37.59799105918115	10.838482473273736	4.0
28.74145275657305	24.674354099359817	3.913552845451223	1.937131273946016	40.73350902466991	0.0
13.858902308853027	17.99772441810439	1.7539066854563947	1.8047349565911721	64.58473163099502	0.0
28.83237066748301	1.8363493291062059	0.0012227567545578673	1.5133301371046042	67.8167271095516	0.0
35.21256893688089	1.0776758469873116	0.0017881123437896457	0.4196353456013002	63.288331758186715	0.0
74.60171128597482	1.6482245349439657	0.00233561172226883	0.7162764809965662	23.031452086362375	1.0
84.1891098081269	10.075682578777672	0.018167529764804593	0.9579590850117343	4.759080998318899	1.0
67.57991295780121	24.417427652525387	0.08629955319974711	1.0015593269140475	6.914800509559599	1.0
38.525530910311964	54.986988050664785	0.14793313246500836	1.1904383161354055	5.149109590422841	2.0
31.384860971183116	61.236874258600714	0.13486234502034125	3.378163761169349	3.8652386640264678	2.0
19.55544202612248	76.25805684598357	0.1952350393943784	0.7044773009693801	3.2867887875301856	2.0
16.9130674468153	75.57629183420008	1.460385818177674	0.6634294406751463	5.3868254601317975	2.0
7.64808066556437	91.32621743242227	0.05849228168879982	0.2555440134446672	0.7116656068799035	2.0
4.641990854594283	92.33187949716974	2.2345291282800352	0.12490447164222843	0.6666960483137201	2.0
4.425393522694312	93.22327074881993	1.5199469714724718	0.1584733097538673	0.672915447259399	2.0
2.247943558883946	84.07220304977906	12.704930693931626	0.10116486194970074	0.8737578354556728	2.0
6.931303311764969	65.87981720519717	25.365979495619456	0.21050147794015403	1.6123985094782554	2.0
13.904239706596305	81.08470836802267	0.5755739089419667	0.171266413451323	4.2642116029877375	2.0
22.319300420133196	64.57840957081382	0.2522129545929731	0.37667822980086424	12.473398824659142	2.0
22.73144809658401	73.02769889355567	0.1082194098431651	0.5725622345371895	3.5600713654799576	2.0
12.79360584363225	83.77936211210876	1.4751828233973854	0.5943353443117954	1.3575138765498305	2.0
7.693430860148161	90.35345292548524	0.9348452267803259	0.4369767729173457	0.5812942146689091	2.0
8.356925101490248	89.94858256029468	0.3769229475149024	0.9274657092074124	0.3901036814927603	2.0
3.249706464447845	92.4358145723275	2.773011027481111	1.1524779912800973	0.3889899444634515	2.0
3.384073977641444	94.20259991969793	1.4723608376569615	0.6590634668136781	0.2819017981899567	2.0
2.447060556432483	81.01181184456784	14.236390684438566	1.7418400249019244	0.5628968896591692	2.0
3.805426608022381	86.89710296699553	5.563037127309014	2.8578151487350167	0.8766181489380407	2.0
3.872987167456764	73.80369917922881	20.6754495088186	1.1861031180768258	0.4617610264189979	2.0
2.10807435328693	62.60533428967532	33.74487327192579	1.1053324793004453	0.4363856058115058	2.0
2.9769087358368935	77.9092836741433	17.43290718060256	1.1086630371207262	0.5722373722965337	2.0
1.522544248561886	38.72725232653693	58.344016438836675	1.0863027429562093	0.31988424310830804	3.0
3.90824326281193	54.46448634568183	39.52710192172409	1.4127898333411093	0.6873786364410448	2.0
3.458617141721371	51.26046401285358	44.10076758360317	0.6970178190940782	0.48313344272779607	2.0
2.555075389171271	34.591494356312666	61.78596941862522	0.48898528744221814	0.578475548448632	3.0
0.8349458060806761	16.14142572270584	81.99606518345955	0.5865036934374623	0.4410595943164745	3.0
0.7555416288018562	28.59889506257082	69.21433179666025	0.9427067396414782	0.488524772325596	3.0
0.9502385067480215	25.724692060240322	71.79676025827705	0.4978666819545053	1.0304424927800944	3.0
1.055776351449793	36.774161570555975	60.448358118388136	0.9956740656356514	0.7260298939704548	3.0
1.8353389110153913	43.250614573080384	51.78879984320399	1.834874546405849	1.2903721262943812	3.0
1.0664933797473992	30.586280764150946	66.27924677716909	0.5588250956318337	1.5091539833007357	3.0
0.9670836895008423	27.605243557245696	68.74914631480779	1.1127982482963128	1.5657281901493687	3.0
0.7191640325669075	16.24133076226478	79.3913462623993	1.7614106652369028	1.8867482775321094	3.0
0.9051449288057561	29.185191960349737	67.60889780793173	1.2377284915404256	1.0630368113723552	3.0
1.1017935350567558	59.15565663820409	36.82758423304708	1.774634852424118	1.1403307412679597	2.0
0.8548295670690403	22.350041281747153	74.47046145977619	1.3633449672457432	0.9613227241618776	3.0
0.43211646672140336	17.97802853581283	69.24053749742363	9.51697138058696	2.8323461194551847	3.0
1.5581682688484362	46.56507121308488	48.079230834977956	1.746482497669034	2.051047185419702	3.0
0.4919843065896732	23.377668789599266	70.81655576219448	3.582942938702611	1.7308482029139667	3.0
1.245165408711247	25.458667100710635	69.42183902624522	2.367499322688762	1.5068291416441297	3.0
0.498644439443008	25.50819661130494	71.85461596044969	1.0892750651127536	1.0492679236896085	3.0
0.17665173532396405	13.407541480429794	83.15373800718895	2.4651795070272393	0.7968892700300536	3.0
0.2736940783969342	8.371891324359456	79.99413418404518	9.079978127553888	2.28030228564452	3.0
0.2107400775093393	11.434216735083321	86.49055866903888	1.16476727603607	0.699717242332415	3.0
0.3709006347961557	16.357919143921073	77.88676290606462	3.9956014109186158	1.3888159042995345	3.0
0.2866063891853142	17.857837395042328	78.27051950705804	2.5483305621721923	1.0367061465421157	3.0
0.28681767793101576	8.072143321584557	88.73973570636309	2.4518040432275616	0.4494992508937908	3.0
0.17798200085360863	9.363981694662996	88.65279081574997	1.1461478788052333	0.6590976099282027	3.0
0.2735399265361581	13.118317429014114	78.26406502330975	7.435294183720482	0.9087834374195028	3.0
0.20154090465604804	12.032209644616733	82.57036920505897	4.338871790845338	0.8570084548229153	3.0
0.20314479347555303	11.937907795202412	84.56061851107988	2.4873603484087585	0.8109685518333863	3.0
0.16036177882665276	10.375001660380407	87.89714005262823	1.1340396357025617	0.43345687246215586	3.0
0.5554607504846316	19.558018714527723	72.72234294190702	4.461130035883792	2.703047557196835	3.0
0.661064775629352	12.634854790850511	82.30494861823541	2.0285837335291554	2.3705480817555578	3.0
0.8271881482319178	14.781769519726245	70.32919376582176	10.234520256390013	3.827328309830084	3.0
2.972596076781258	17.939485038440196	58.4050563286558	12.527471752234062	8.155390803888686	3.0
39.323873099845855	31.110014177519503	8.503949185929056	1.7772807690791992	19.284882767626375	1.0
4.807681623810349	6.244543016642547	4.528932719944451	0.24041641415094359	84.1784262254517	0.0
2.8757480465061076	3.7348673306349847	0.33467634206489005	0.05652456548752411	92.99818371530651	0.0
20.23374067947586	6.7828181669798315	3.098746869597182	0.07965115529307021	69.80504312865405	0.0
36.81788718542667	31.689806278947092	1.030851206477504	0.057124443124743844	30.404330886023995	1.0
7.023926615907578	7.335624548063952	2.9075043391216013	0.05639553690716043	82.6765489599997	0.0
37.85879024241832	39.32836005977414	0.37395316096568554	0.5594698985434202	21.879426638298433	2.0
56.4937190275972	35.77148269655904	0.10968614240566882	0.601496145271966	7.023615988166125	1.0
14.381029206253162	68.91123800741654	7.399221273318524	1.1868199676450129	8.12169154536677	2.0
19.747274904232075	70.40169598125941	2.3182611862973683	1.3124293524754491	6.2203385757357035	2.0
8.477316606460564	21.496376317413112	5.103426075591293	0.3697954136635931	64.55308558687143	0.0
19.155683013642857	20.41434020053282	1.2174136161700924	0.4408336380232195	58.77172953163101	0.0
57.371326032096704	31.922278985071717	0.21101002880989567	3.0016205544721655	7.49376439954952	1.0
50.53383274236973	43.026820459003865	0.6151269981194819	1.0553018174151747	4.768917983091738	1.0
55.768164642861294	30.903477977847203	0.5261882220847706	2.1560500523155244	10.646119104891202	1.0
37.06210337280852	44.21539290049654	0.3975671218593325	2.612137870291166	15.712798734544444	2.0
