N1	N2	N3	R	W	anotaciones
0.24491499431497193	0.09487422397900754	0.002345281991557643	0.0006735129978824168	99.65719198671657	0.0
0.021816195975025217	0.01684636880455982	0.002021167545948987	0.00039203510574052245	99.95892423256872	0.0
0.1297527746220438	0.04085737138066439	0.0011278236694168568	0.0005232896144448827	99.82773874071343	0.0
0.6456305171140555	0.04953724944816067	0.00019815992971199502	0.0012753494981362563	99.30335872400994	0.0
0.38521203229486634	0.0831119985855255	0.000620804557143743	0.0016502922813577546	99.52940487228112	0.0
0.33666127866184725	0.03661168901904574	0.00039486709397875964	0.0013148420207140822	99.62501732320442	0.0
0.17048125617368975	0.03082298405132544	0.0029818534597683528	0.0007925115230155913	99.7949213947922	0.0
0.08851289082005769	0.015981825572541335	0.0006250731840068107	0.0008798737902559144	99.89400033663313	0.0
0.1353016285145628	0.011854067280627595	0.0002023259463137264	0.0006653195980858287	99.85197665866042	0.0
0.13435726733943787	0.02374162082796874	0.0022679173585401008	0.0008475374824086602	99.83878565699163	0.0
0.14089447845717107	0.0362723723430504	0.005357584309943887	0.0008219123351039532	99.81665365255473	0.0
0.08730852769829771	0.03811159801369936	0.017356191325115074	0.000760180257965353	99.85646350270491	0.0
0.10752453353565822	0.05596035822018723	0.00347905395431333	0.0016134296512960319	99.83142262463853	0.0
0.029821145027480837	0.014875912889009541	0.001861144998249374	0.0014872917907988337	99.95195450529447	0.0
0.2591455215275241	0.02346220017761512	0.0007955823119299377	0.003632026021054673	99.71296466996188	0.0
0.2106354268361381	0.13655932225963816	0.004233920104042679	0.004513311483365492	99.6440580193168	0.0
0.2983271052638039	0.06995706095707338	0.0014811710554526012	0.006176980105608915	99.62405768261806	0.0
0.19023461017843277	0.1343460468457441	0.0022226584258786463	0.006613101992962366	99.66658358255698	0.0
0.14736172881933332	0.022301537623989086	0.00039795798610076354	0.0035142524862313723	99.82642452308434	0.0
0.24130567525101326	0.025055436656569657	8.30768377888885e-05	0.0016717741887904817	99.73188403706584	0.0
0.1714485806987981	0.023471366145755793	0.00015694810875797606	0.00156330172794769	99.80335980331874	0.0
0.12890880624659007	0.025785549283765596	0.0004414556272491088	0.002990972802810563	99.84187321603957	0.0
0.047058380249843025	0.009961116746722353	0.00028005130469924383	0.0014910061369842085	99.94120944556177	0.0
0.2780260233750644	0.02414529083010944	0.0003171323828952016	0.0027228554151872064	99.69478869799674	0.0
0.0805401545323512	0.01704970417056603	9.21968795541764e-05	0.002163594642375543	99.90015434977515	0.0
0.1988685649166843	0.04978838034015867	0.0016352721252588093	0.005471795584219993	99.74423598703369	0.0
0.08965243535477398	0.02643007548956163	0.0004584855237000102	0.0037368799525244896	99.87972212367944	0.0
0.008113345430137872	0.014357377557111941	0.0018885776317483513	0.0004838627105876432	99.97515683667041	0.0
0.01516426849854816	0.05285765890479433	0.007547149871596856	0.0007143312133837353	99.92371659151168	0.0
0.17646788377422368	0.049628528401945406	0.0007348372421909454	0.0037895591725875468	99.76937919140904	0.0
0.13882920337536714	0.047881312178503777	0.0009400269456929981	0.003908660720193258	99.80844079678025	0.0
0.2545537776101942	0.03835551154699922	0.00021540966707008966	0.009956652855683291	99.69691864832004	0.0
0.20096895183642932	0.01739835196732803	0.00015566648641775023	0.006497549023873994	99.77497948068596	0.0
0.25964887342312976	0.01671716997170232	5.378910259482693e-05	0.010878477049534213	99.71270169045304	0.0
0.1932753050613073	0.015139842076568717	2.8053956608436162e-05	0.0022992200934318927	99.78925757881208	0.0
0.2437099800267753	0.011831272785579147	3.4755604173127104e-05	0.003698372086842535	99.74072561949663	0.0
0.5180188578175723	0.07002445422425868	6.881802835894017e-05	0.0037060692613825113	99.40818180066842	0.0
0.15480305397447772	0.010550791716148448	9.651603358171449e-05	0.000650658408383215	99.83389897986741	0.0
0.06669264815344851	0.007601316331133291	8.387994931671084e-05	0.0005177708526897077	99.92510438471342	0.0
0.18125787483490657	0.012443912796922937	9.274924569514967e-05	0.0005788702928507827	99.80562659282961	0.0
0.3240211137567631	0.0205286356524893	6.752569416916799e-05	0.0011405026736068776	99.65424222222298	0.0
0.3740236887536226	0.01271834106809776	2.7747096314682826e-05	0.0010165346417111368	99.61221368844025	0.0
0.8723271442477519	0.04623069835293353	9.639631547933298e-05	0.0021594731052210184	99.0791862879786	0.0
7.752478477063242	0.35840861741825386	0.001139985053185439	0.010393981722786704	91.87757893874254	0.0
0.0921390990978662	0.02752032086301874	0.0001429332741257633	0.00039110280409504077	99.8798065439609	0.0
8.078412603612122	0.4839746602448992	0.0012050567323819651	0.004588647961030611	91.43181903144956	0.0
12.328209069130372	0.2906720168091581	0.0010667716403748955	0.006993930725012376	87.37305821169508	0.0
55.90473241699786	2.5749138697001808	0.0024389791386768295	0.05051009525147255	41.4674046389118	1.0
64.21501948193273	8.448273377315225	0.008641413630893973	0.09411731981910408	27.233948407302044	1.0
34.68079874492896	7.565345737749321	0.007090967505873076	0.15120360033383048	57.595560949482014	0.0
2.678413403235407	0.3516227042156951	0.001171530089234225	0.007934768756971099	96.96085759370268	0.0
56.729447708836844	10.758813117120663	0.014698960943736112	0.09317973494135512	32.40386047815739	1.0
49.80745015934887	27.286011805431354	0.019375496778419505	0.22758641792199474	22.659576120519368	1.0
19.996974945532457	7.405181333764545	0.011069351609307677	0.06183322430490172	72.52494114478878	0.0
0.874557119542173	0.2914430116334911	0.0014310316530224878	0.021714082132621066	98.81085475503869	0.0
45.085361801506544	1.038502605215504	0.0016174015310880018	0.08370886643325953	53.7908093253136	0.0
87.34714632304087	5.490795012015137	0.004319166984307647	0.04619113524844681	7.111548362711215	1.0
67.17102326377578	28.829156154811546	0.021688082337259832	0.3636208147330575	3.614511684342356	1.0
38.74389682329339	57.96554680541015	0.031648706010826234	1.2715334375903173	1.9873742276953192	2.0
37.21632435252932	56.504292918393794	0.021438744822849225	3.7446288869825506	2.513315097271501	2.0
32.570170806568726	63.6236500228999	0.016772971302493677	0.5239614766976377	3.2654447225312384	2.0
26.304079857609892	67.25011223938768	0.08700459297787566	0.21164851908983523	6.147154790934726	2.0
58.654966344900075	20.868873195119694	0.006858566295260801	0.1616368213259616	20.30766507235902	1.0
17.132072703415666	80.91023888180214	0.02393169798578492	0.022323200411106154	1.9114335163853116	2.0
17.987462588178964	79.01776920396625	0.038050347028626696	0.03168169878809918	2.925036162038055	2.0
12.55611584068105	85.27790533182913	0.03183753252678612	0.03166529215168789	2.1024760028113567	2.0
6.9083760989459995	91.18878133624723	0.029268317636426806	0.030892679144827927	1.8426815680255046	2.0
17.2682461470426	10.28201442374467	0.008667571695668022	0.04900650906696182	72.3920653484501	0.0
38.992582702642814	6.293574605142724	0.005264197214529796	0.010646553458506272	54.697931941541434	0.0
52.41399496007488	10.524702779413154	0.007475044791144778	0.005463019452493612	37.048364196268324	1.0
65.47791062511817	3.9014384153541735	0.007217787529892063	0.02273084539065327	30.590702326607115	1.0
63.98054134043826	8.146078608501492	0.0038156265792839233	0.011056531347336484	27.858507893133627	1.0
34.59141009719247	46.00390130177151	0.019903177532266496	0.02410831115055104	19.360677112353198	2.0
6.182862267722951	2.0566764192831513	0.0030800116746916763	0.005358734702600125	91.7520225666166	0.0
1.0050521879272523	0.8568641185532004	0.004243466011324142	0.0021253316344949967	98.13171489587373	0.0
0.4038743314142717	0.07599977865722937	0.000665587131332558	0.000359510771392717	99.51910079202578	0.0
0.7749088867171907	0.11184965755859771	0.0007294161619345882	0.0009235973643603107	99.11158844219791	0.0
0.16043317739435167	0.01332225256602426	0.00013806478776206424	0.00022285770143074798	99.82588364755043	0.0
0.17742046980633402	0.010619013102155083	3.0791274376335044e-05	0.0001362081246297784	99.81179351769251	0.0
0.15006455575464128	0.01982294775152408	0.00011356400432385646	0.0002700677967940185	99.82972886469273	0.0
1.110065797419822	0.061314325434725224	0.0002035823320943104	0.0006751333294606666	98.8277411614839	0.0
5.299737932673225	0.1387228501938536	0.00019346643164808218	0.0020649669001916128	94.55928078380109	0.0
76.40970368159947	1.3799720623855662	0.0010461971490793888	0.010991760744875002	22.198286298120998	1.0
17.576868138254508	1.104619663067461	0.0007298032605797793	0.002776308994422448	81.31500608642303	0.0
77.55927251255481	10.223550756215651	0.003023485342269161	0.005183791556572041	12.208969454330699	1.0
38.57426467608644	54.759978513512095	0.03414795029761356	0.024814101538720042	6.606794758565118	2.0
68.0764384682104	20.387298793685545	0.013689192965576422	0.03144680517886088	11.491126739959611	1.0
77.37114888759355	13.383054004164748	0.00870169375910635	0.027038996047890573	9.210056418434705	1.0
70.73195223268901	15.992495510709922	0.0047928145197861935	0.03318118217331002	13.237578259907975	1.0
38.00318409542481	52.59161721443165	0.00694514607437731	0.030722697071848395	9.36753084699731	2.0
34.62574417761014	6.552469091894997	0.003545391496511247	0.013146444578543762	58.80509489441982	0.0
60.71587081304799	6.558640197360485	0.00390217599033859	0.015424831026957433	32.70616198257421	1.0
66.41251284971085	25.74241312223759	0.006352361298707643	0.01253067356219594	7.82619099319065	1.0
52.006268276987186	34.52034771696732	0.008614808567884222	0.006584886972488639	13.458184310505125	1.0
52.56666121340447	3.661816084183684	0.01174684021042526	0.07272772170955198	43.68704814049186	1.0
48.706382160997315	5.98215956390683	0.009304011164859327	0.04959039568219421	45.2525638682488	1.0
4.281484052388089	1.8917767733996862	0.01068054824773098	0.01414907326346004	93.80190955270105	0.0
12.95814375389088	0.7784365421812239	0.0005291383386520831	0.010969194990539666	86.25192137059872	0.0
4.347748500777343	0.22485478963909367	0.0011022507350351768	0.0024270398504241996	95.4238674189981	0.0
76.01670791014055	4.62280645319122	0.0063439090657865585	0.06549197416598954	19.288649753436438	1.0
79.14020065809473	2.923870680781787	0.006811107969349494	0.05913982226816957	17.86997773088598	1.0
23.610847951715254	17.91138451366888	0.015912686033489103	0.05458745813636057	58.407267390446016	0.0
42.38584383276682	38.678266288928235	0.017699153272325737	0.15777038694719628	18.760420338085428	1.0
14.599752253594447	66.00445622980223	0.05111015809852139	0.036726698597584775	19.307954659907224	2.0
35.25556748193322	57.610816871331615	0.07448074521577272	0.07703312220269155	6.982101779316709	2.0
41.63666232566495	53.95369866571698	0.02493495100203444	0.0170953813565099	4.367608676259524	2.0
20.663234430612803	72.06482570601277	0.029595366543727054	0.06974480947637321	7.172599687354313	2.0
11.33638560751997	85.86612327315075	0.17252554663862635	0.029568918352379583	2.5953966543382574	2.0
18.184676258208974	79.86930351501023	0.03191628702326734	0.08565131915657359	1.8284526206009442	2.0
39.46111897025334	59.44441663957753	0.044660249081844086	0.006096361167125214	1.0437077799201555	2.0
7.550052357310802	89.13559775956821	0.19921666380993014	0.011205365508660883	3.1039278538023978	2.0
26.95406475660405	69.20207955863789	0.09717632876418376	0.028358337180939837	3.7183210188129387	2.0
5.538775864181785	93.4703308446004	0.35268821294662633	0.029188093705313486	0.6090169845658923	2.0
3.9802151948920823	94.78884657638305	0.6012212795622903	0.027366834499696124	0.6023501146628808	2.0
5.024952149108951	94.22568054804307	0.15089483566944312	0.008450058479505836	0.59002240869903	2.0
1.8265447429818207	97.53818081391259	0.22701983011938787	0.014743471972311408	0.3935111410139087	2.0
5.301534812561417	90.16465724915074	2.743643700491848	0.009810114338804297	1.7803541234571951	2.0
0.7274718473033149	97.17635356808272	1.62070147724411	0.005219072942016564	0.47025403442784486	2.0
3.953185791686635	90.4026151913238	4.377634610921646	0.006311642180229665	1.2602527638876997	2.0
3.553005937199602	90.81771189697065	4.4762645868415465	0.0052779172686675405	1.147739661719532	2.0
6.711954574724606	86.10741679488608	6.263823270530036	0.005997571348218004	0.910807788511065	2.0
0.7358283299549022	83.75957395150736	14.704759857907327	0.0036726847698172224	0.7961651758606069	2.0
6.33997290107571	89.64806278410326	2.016917158081546	0.014643523988594427	1.9804036327508756	2.0
1.138312611901678	63.97577308870681	34.10059738576143	0.005954587535710616	0.7793623260943676	2.0
1.8128119507368448	89.46929654607155	8.249078638945576	0.00318086473808842	0.4656319995079478	2.0
3.019090282787351	78.107155777454	17.993889595716805	0.005558304071120582	0.8743060399707266	2.0
1.350392047927186	77.66895419113699	20.63279951525639	0.003469016211391676	0.34438522946804856	2.0
0.8303542590955764	86.11197056265085	12.494216607229399	0.003756475277400232	0.5597020957467924	2.0
0.6508836238731646	67.36959915240739	31.610059997231417	0.0028851825249280017	0.3665720439630949	2.0
0.6143134458323602	78.36387660691263	20.4281463034098	0.004498487320422788	0.5891651565247696	2.0
0.6361211134552954	65.41843892613096	33.59064270213934	0.0023091297950209393	0.3524881284793795	2.0
1.3509535197171083	95.46781489801258	2.910049901480617	0.0051907915468643135	0.26599088924282593	2.0
0.4751514983527941	62.39090585463202	36.84862067486376	0.0020054354779250085	0.2833165366734919	2.0
0.47605358854680546	70.55337026571735	28.71673811809089	0.0016375817838837215	0.2522004458610839	2.0
1.9767430209682402	82.94866735252981	14.729226216840837	0.0011625266341965047	0.3442008830269083	2.0
0.7926951658838295	78.20597760285686	20.451316651956343	0.0010808590746543764	0.5489297202283125	2.0
0.5859961060385981	47.05195501858024	52.18481039236067	0.0005327388066906595	0.1767057442137968	3.0
0.526309198353409	76.6036572439181	22.467677946254035	0.000584787696469267	0.40177082377799817	2.0
0.36008179126253237	59.92020313015419	39.46098341952445	0.0005154871472241865	0.2582161719116017	2.0
0.4512596814772908	58.25565379755626	40.88421578436864	0.0004501839140972988	0.408420552683692	2.0
0.7250287356522104	48.065181173685275	50.90825477547322	0.00040166081673482764	0.3011336543725654	3.0
0.11530446210361989	35.495375867031626	63.78387330113495	0.00035955250394085835	0.6050868172258782	3.0
0.6638830764426297	53.196506291908186	45.47239123476008	0.0006034541035804297	0.6666159427855219	2.0
0.19600632461072853	39.98976490330921	59.44519570056016	0.0003158419496938452	0.36871722957019637	3.0
0.3224695431155552	31.80952624030619	67.19907531262203	0.00037586914845375057	0.6685530348077892	3.0
0.454624531743544	45.58228494917679	53.429346097230535	0.00040727490147752875	0.53333714694764	3.0
0.1778066584007088	31.76583881908942	67.56409330132107	0.00030124560789436387	0.49195997558090476	3.0
0.15391467735736172	22.75042941217352	76.7460184830088	0.00021523552582044408	0.34942219193450236	3.0
0.12360784921137255	45.79174297939599	52.883032262678284	0.0004263292944106988	1.2011905794199327	3.0
0.1294303407121456	37.307341617099304	61.58688993910666	0.0004259530630677673	0.9759121500188098	3.0
0.2313917557077087	40.01886908216029	58.02880243300223	0.0005664659672702734	1.7203702631625066	3.0
0.5528211828048208	58.01080744218182	39.58798648190079	0.0010935056146931204	1.8472913874978638	2.0
0.19932017867605015	40.545129213650085	58.87536150481127	0.001371090456797947	0.37881801240579116	3.0
0.23565935411441843	41.7036737321908	57.70707954453326	0.0016292844329979545	0.3519580847285271	3.0
0.10715393647648952	38.19158337138414	61.19507251250319	0.0019479554515448333	0.5042422241846467	3.0
0.2664838809993834	26.565531640493084	72.9825400601438	0.0028361272280891634	0.1826082911356434	3.0
0.48383816617858605	58.33647412190515	38.8421210264906	0.004894209389518239	2.332672476036141	2.0
0.3482261969375304	41.301096211559475	56.887275730590694	0.006680199516168426	1.456721661396126	3.0
5.144931481819091	10.92806722141425	2.1378840849079648	0.004515044561824207	81.78460216729687	0.0
31.472477198650196	64.21429527864237	0.2306242976014662	0.003503408618397771	4.079099816487554	2.0
6.538712761612672	89.21366259636504	2.8075089124279047	0.0033154207384520906	1.4368003088559198	2.0
20.015441724424797	76.84002085134591	1.595048863596978	0.003979919678683783	1.5455086409536316	2.0
2.0244677652189966	91.36316850940341	6.077640920609957	0.005636058793176912	0.5290867459744444	2.0
0.7119098964559202	94.82703239202652	4.0952340353604235	0.006209073480162328	0.3596146026769593	2.0
0.9957263780628565	92.89510184209124	5.67872891246852	0.004810297856365544	0.4256325695210065	2.0
1.6285782655190133	89.60590322199026	8.407469123102429	0.01481269408564997	0.34323669530264544	2.0
1.0934006991897396	81.18424656175539	17.434667737919238	0.010232237518114818	0.27745276361750737	2.0
0.8696385577177876	80.634379265294	18.31139175110427	0.018979719546362503	0.16561070633756914	2.0
1.1554802491355973	83.49631612834074	14.884582074220374	0.06611799125037596	0.397503557052921	2.0
3.9632365484001966	92.69007108706649	2.190774716499187	0.7557970708451264	0.4001205771890037	2.0
18.244546431664848	78.55307314713724	0.12353763352928257	1.928489426946748	1.1503533607218732	2.0
11.337139721867379	82.36855992761882	0.24131152989170457	5.21428263087255	0.8387061897495304	2.0
9.135837199535427	84.30986376689462	0.04513365423220256	6.067402689967915	0.4417626893698379	2.0
10.87831719590135	69.6264513118921	0.23193957821942332	18.5236834574879	0.7396084564992172	2.0
8.184302245405766	61.70770277940385	0.20395725458607938	29.19919466771839	0.7048430528858997	2.0
8.123812554259139	25.847121616555825	0.03405650854123787	65.08701853623438	0.9079907844094173	4.0
4.409391871465944	17.964976032757242	0.0312156214126472	77.06395288729566	0.5304635870685087	4.0
2.96613202499749	9.794007205005608	0.022305254617580175	86.62503815191292	0.5925173634664068	4.0
6.334298512449559	14.225073805957797	0.015100620027915377	78.65569167177958	0.7698353897851442	4.0
2.132638818743484	12.136820769058545	0.03958752425674712	84.88501427567547	0.8059386122657435	4.0
3.5454494925842273	7.487398743061748	0.021620604799749386	88.19718601319612	0.7483451463581663	4.0
4.072506277245589	6.509383645946263	0.03482193755959692	88.72729647905167	0.6559916601968848	4.0
1.03336677903841	4.911737879787674	0.037984755689200164	93.62980069648111	0.3871098890036038	4.0
7.780533561385539	10.159243906846594	0.013031533556291872	80.97264223489067	1.0745487633208963	4.0
2.9535962028657567	4.959323249944315	0.009891725640310788	91.6660153619239	0.41117345962571067	4.0
1.994042306800085	3.579415911033773	0.005241048774386955	93.72619432718956	0.6951064062022048	4.0
2.1751397381269033	7.104478558215711	0.0035153308181668135	88.97553061058638	1.7413357622528343	4.0
6.703075931403413	8.911917225912791	0.015754460448757224	79.85422904707406	4.515023335160983	4.0
39.921179327088076	12.681986657543062	0.015055679566931457	24.477021534153067	22.904756801648876	1.0
3.8285332225145234	5.336187414409061	0.016308822598086248	0.43482286373121304	90.38414767674712	0.0
40.75690041930018	22.163538845842744	0.08559557591939358	2.0953185116741935	34.89864664726349	1.0
56.868293762604125	18.10134423221792	0.07586704081745539	8.31358912598867	16.64090583837183	1.0
45.75498289226568	16.763739543109814	0.039011992209878776	0.46700447677322215	36.97526109564141	1.0
50.68354395960012	30.239396811517732	0.1299899536769179	9.526282208390334	9.420787066814905	1.0
28.72283959010463	15.406045309708203	0.033596233204264594	0.12330096457650266	55.7142179024064	0.0
72.32836450702172	23.793131387124408	0.02020746578583088	0.07578139182239957	3.7825152482456312	1.0
16.09484171574655	83.03481797195906	0.018516515141094692	0.08263651238047956	0.7691872847728197	2.0
21.66361099565273	76.09516614197797	0.12347395110113205	0.050135608414927	2.067613302853254	2.0
6.146458818153073	93.05599754249687	0.020609673029362226	0.25943142454619605	0.5175025417744813	2.0
1.7039059341494083	97.75397133690595	0.06819623275232185	0.16189478446400682	0.31203171172833494	2.0
7.852285249831217	90.9340644341973	0.1975796811615459	0.514611650203687	0.5014589846062688	2.0
2.9637261764037266	96.39407623930514	0.15012430309105754	0.07971687316655097	0.41235640803353474	2.0
7.89144840793063	91.255972849838	0.1617387453401785	0.11991292890803863	0.5709270679831682	2.0
13.68524060309094	84.8714925125604	0.21667803958519669	0.1268537421191412	1.0997351026443296	2.0
8.144951048412588	89.91699789092145	0.9096308923648824	0.029773285236919047	0.9986468830641363	2.0
14.919199808348656	81.36757452468562	2.5143629290342706	0.024554977168631777	1.1743077607628065	2.0
9.098636423143443	89.47078204648062	0.5367758986191175	0.06086681050628935	0.8329388212505284	2.0
18.48128546268982	80.03294931442419	0.28941848679836446	0.22330828304063882	0.9730384530469913	2.0
6.705280930385597	90.54710074172783	1.4625292552464955	0.1776426380709158	1.1074464345691413	2.0
3.0455266148491615	94.58581793576498	1.206279633245935	0.2903397943824438	0.8720360217574835	2.0
15.874226787535836	74.7797680381296	4.2361865566224735	0.11474425127893054	4.99507436643315	2.0
6.361073028777893	92.13770649287815	0.21918425744442732	0.14899201031515777	1.1330442105843792	2.0
10.764432174918404	86.89997179223415	0.6739229628600062	0.10069468856892747	1.5609783814184908	2.0
8.272447300884883	86.98484240050843	3.1505937778627224	0.033577066636983725	1.5585394541069864	2.0
2.5708472289296793	93.21387849027482	2.687276773023239	0.04443271823996104	1.4835647895322979	2.0
9.920494490047147	82.41206611266779	5.570560148762973	0.006596046495515821	2.0902832020265785	2.0
4.836147291552504	89.34941465393631	3.3975117640990606	0.006071825018694643	2.4108544653934456	2.0
4.540652834298021	85.60822316126476	7.798101334533455	0.003170808589946689	2.0498518613138064	2.0
2.794387640861959	95.09616266018413	1.2577500557905408	0.002652845968896655	0.8490467971944641	2.0
2.0507430632543384	95.28752693940157	2.3023382981783644	0.001246031980417429	0.35814566718530827	2.0
2.4171221839880546	92.02355290779023	4.858354090020223	0.0019358125037222272	0.6990350056977747	2.0
2.0080110468500743	81.97343340433163	13.757573346496535	0.003104915084252126	2.2578772872375246	2.0
2.2066543744482603	78.31374646192165	17.565083208430615	0.0028270517667174687	1.9116889034327653	2.0
1.5809344056685426	88.95319643369952	8.872191026205705	0.0017871692443656975	0.5918909651818682	2.0
1.8726735238211278	71.00740676258927	25.298219288581258	0.003644468866045501	1.8180559561423073	2.0
1.866935863493909	71.00432298250645	23.429700614323636	0.002446373375823852	3.696594166300181	2.0
1.287416114243413	84.79856834542898	11.918076581435303	0.0029329733344054996	1.9930059855578972	2.0
1.1673902769400561	66.27331755640986	31.674485101870864	0.002581152838048249	0.8822259119411809	2.0
0.710095109078473	70.63974333901434	27.883558884805865	0.0020500693371167744	0.7645525977642179	2.0
0.9736423498940596	75.13726660800015	22.62952664191768	0.0032024767233336925	1.2563619234647685	2.0
0.6351058492130803	69.9214411628636	26.130474242767793	0.004080460786036039	3.308898284369482	2.0
0.6493621302270015	55.35458569510928	43.16390045421663	0.0015069927319226498	0.8306447277151596	2.0
0.5658601886392275	29.710135005429795	68.54873661778778	0.0018910410351909812	1.1733771471080132	3.0
0.3591498329030945	29.39214126241087	69.25827329039183	0.0016519416415657134	0.9887836726526423	3.0
0.36103920023979796	23.334387182318157	75.73311075919081	0.0009642279304679345	0.5704986303207776	3.0
0.22669437950426397	22.277357702957527	76.73519815725655	0.0013414045753161346	0.7594083557063522	3.0
0.18237352966288728	16.53116845716893	82.85121216789918	0.0012670991778955527	0.43397874609110604	3.0
0.2686130721693257	16.211735982953694	82.81304353191715	0.0016148292339132027	0.7049925837259082	3.0
0.5246390360939475	27.295302696336947	71.62048825715068	0.002711625301533814	0.5568583851168937	3.0
0.15830975043357642	8.07399525970203	91.4662764996432	0.0007788075586338455	0.3006396826625478	3.0
1.257095085944974	34.400633399004036	59.66813680205504	0.004022899488835011	4.6701118135071145	3.0
1.5207253844776725	27.54264673905992	67.54373101075265	0.007706906025945677	3.385189959683805	3.0
1.2780343786747221	57.67712284806578	39.05626177991879	0.006119672188081578	1.9824613211526194	2.0
2.058678249513133	47.45887195064763	48.406955254351224	0.004996159298795689	2.07049838618921	3.0
0.7708267341897448	40.41026479238451	58.0497113594708	0.004682345416330069	0.7645147685386173	3.0
0.2607144547662267	26.533136059137576	72.28757636058164	0.0016790920086451585	0.9168940335059044	3.0
0.24237268216237137	41.95893452295154	57.5939610395682	0.0014479457486225344	0.20328380956926967	3.0
0.36203702823475026	24.091051984324842	75.09212519660801	0.0010111423842805599	0.4537746484481233	3.0
0.5812530575991627	29.27625201505237	69.00393728715387	0.001424986418724316	1.1371326537758628	3.0
0.3041749175267339	26.188686071141916	73.04612532910907	0.0011248481164885802	0.459888834105781	3.0
0.866049759712423	26.516922525147805	71.73346313373712	0.0017316927432765301	0.8818328886593644	3.0
0.30338011437542817	14.615277052640737	84.69325224796488	0.001158400151439056	0.3869321848675166	3.0
0.18459793241030567	11.005461004967755	88.51288627298192	0.0007762078625706304	0.2962785817774411	3.0
0.130103977425087	10.84580562851554	88.81662709954759	0.0005719568829437745	0.2068913376288466	3.0
0.23660446473193625	28.488844496766085	70.98304533837879	0.002047043470975724	0.28945865665221293	3.0
0.08040460498938207	10.553766713101197	89.14941939609423	0.0014789458103509855	0.21493034000485828	3.0
0.12676499677359523	12.240514859138518	87.45349269272613	0.001928981707028952	0.17729846965471432	3.0
0.15778808056631533	21.6417545001023	77.96624880100335	0.003399760979639926	0.23080885734837656	3.0
0.09679534799900803	16.72695201515526	82.98459261766541	0.003002038581924262	0.18865798059838282	3.0
0.15184887046934517	17.54543042680629	82.10219225900414	0.0030467983689336	0.19748164535128132	3.0
0.08299858699177246	10.162576523185388	89.62531290387416	0.0034019980433562945	0.12570998790532636	3.0
0.10704003122721055	16.73008847312884	83.00610094830438	0.0030675193205806136	0.15370302801899716	3.0
0.12394991308870135	19.691822818157007	79.95300728640447	0.0027389881560047095	0.22848099419380766	3.0
0.09665589498608265	19.986867534144903	79.70018370250341	0.0031857598861189285	0.21310710847949757	3.0
0.11694832260905566	26.29979452980942	73.3399632474645	0.005082441171997552	0.2382114589450494	3.0
0.0904842311027166	16.96609455435388	82.61330703775985	0.005744782843902625	0.3243693939396499	3.0
0.17730439058589198	27.399540029365564	72.11427478850074	0.004446463841035536	0.304434327706772	3.0
0.14867627115796825	16.14169282100719	83.51458219603549	0.0035044514476044917	0.19154426035173935	3.0
0.12338352389392651	20.647000530338346	78.95388351943097	0.003834470811607786	0.27189795552515317	3.0
0.06617373233573419	8.928667573931202	90.79945070539044	0.003922746925659581	0.2017852414169847	3.0
0.19445936771960814	23.511907471680196	76.01228990344407	0.01004918499667424	0.271294072159444	3.0
0.09928474152973447	16.056700178633818	83.57521168226945	0.0076247434993135825	0.2611786540676856	3.0
0.1919682783728526	16.147102971063507	83.3987466507817	0.010133382440093241	0.25204871734183726	3.0
3.1711111126353915	14.993009278487317	3.293092287897371	0.03368212326655009	78.50910519771335	0.0
8.677445696367935	79.26915117767435	8.345733657843853	0.12043694171526703	3.5872325263985956	2.0
1.0600300118660926	54.327604099489946	43.71773990252112	0.020664432941709616	0.8739615531811379	2.0
0.9960687645431793	47.453205459659436	50.88519723766613	0.022233652159645432	0.6432948859716042	3.0
0.6886305445115399	46.68025976120426	51.360855699183205	0.017694529795567723	1.2525594653054248	3.0
0.29073860175606436	23.873850927563257	75.44984946763559	0.014102590876786546	0.37145841216829595	3.0
0.5894115583384135	30.596658752411564	68.33277894499413	0.012486336007248269	0.4686644082486347	3.0
0.11670611673652459	18.77995095562845	80.80169706229363	0.008696098921807791	0.292949766419602	3.0
0.1407530181047368	17.74941860695577	81.92019184570358	0.006338528517748066	0.18329800071815494	3.0
0.1217026135097422	16.25079365957673	83.48051285620767	0.004064476310705498	0.14292639439516697	3.0
0.4985426473075763	31.36771010648368	67.58611550916677	0.010209053219134564	0.5374226838228273	3.0
0.9743256051521914	33.31212187107566	65.2775348621701	0.011084236354840824	0.4249334252472054	3.0
0.3091172146453864	24.269226805480983	75.1691431889271	0.003407799465573252	0.24910499148095736	3.0
0.337217214375502	48.33719951842624	51.1283734601471	0.004114205631320037	0.19309560141984725	3.0
0.27274765815982993	26.80940193717466	72.52650359089644	0.003992310039688011	0.3873545037293969	3.0
0.19664503903587274	27.475553987416117	72.08222066176752	0.0036063214566943147	0.24197399032378727	3.0
0.3572897588296543	32.59571197382968	66.63401010271377	0.006103305636468354	0.4068848589904267	3.0
0.1565440587449533	22.10153149997974	77.43653155675602	0.003070030431570189	0.30232285408772475	3.0
0.006173007156922054	29.9508392371361	69.51276573469195	0.007026877303988754	0.5231951437110253	3.0
0.112835263741017	13.413631602259551	86.29881243368571	0.004853404211741951	0.16986729610198617	3.0
0.14197017675020218	27.911383027024563	71.76732826204378	0.004200805960575363	0.17511772822088717	3.0
0.2835585209572669	32.40017623912274	66.64183450889244	0.015162430635674509	0.6592683003918792	3.0
0.27081439782375394	30.94260111929441	68.5006551217468	0.008813236292891439	0.2771161248421404	3.0
0.23609169508447847	28.399936556409244	70.74245602196865	0.008050436389669638	0.6134652901479738	3.0
0.3652003357034498	32.91954870041722	66.3775262471863	0.010968576546080527	0.3267561401469472	3.0
0.393809686550869	24.879341467124767	74.20771975938042	0.011022298062442263	0.5081067888814879	3.0
0.19943386904681887	22.869840354154046	76.71307345219972	0.003610971108904147	0.21404135349050438	3.0
0.058317957920927144	12.98170481112855	86.77208144461832	0.0022649596485674094	0.1856308266836275	3.0
0.1321574011919341	13.534893344118212	86.16045183274584	0.002465588654055619	0.17003183328997273	3.0
0.1312640548646415	13.290031369743938	86.4417992069505	0.003207626258181964	0.13369774218273928	3.0
0.24306647877690798	27.059268266094872	72.39227691902487	0.004105684442220613	0.30128265166114454	3.0
0.05603116578470483	9.03490769802519	90.73577169147237	0.002454601919993633	0.17083484279773062	3.0
0.16769492619167714	20.184333805048578	79.53690202745413	0.0020088130405924685	0.10906042826502359	3.0
0.1483292108493248	13.39085091355406	86.27027796289934	0.003799594743982309	0.1867423179532936	3.0
0.13687303357958464	20.04001957293906	79.69600275740525	0.0022042906923262938	0.12490034538375162	3.0
0.11489038176935691	13.930678036253195	85.75792462241589	0.003588201460025759	0.19291875810153367	3.0
0.05255813776774313	10.01554915040438	89.80511118505268	0.002640115935781202	0.12414141083940888	3.0
0.0848865647255948	13.045310016693227	86.73488291919507	0.0019445269772850055	0.13297597240882497	3.0
0.24672889427498795	16.497983356290305	83.1192847589111	0.004172524032291587	0.1318304664913147	3.0
0.09456788148111277	10.998978746117455	88.77669007805187	0.0018259705206371594	0.12793732382893735	3.0
0.17124291953248766	20.07331558799911	79.47739569833837	0.004506626715294429	0.27353916741475004	3.0
0.6967923310069088	24.251799458722488	74.77227267091357	0.002186056350573262	0.2769494830064797	3.0
0.2280385606920678	18.09876893918449	81.4173385913679	0.001770345127892422	0.25408356362766593	3.0
0.4518415657166651	21.43759375812575	77.78047487147232	0.0016457233368727506	0.3284440813483594	3.0
0.17843845191695523	12.146153259930042	87.18091486939522	0.002042684653788121	0.4924507341039979	3.0
0.2542839503763855	15.486460342712546	83.83369299817869	0.002506561260159358	0.4230561474722173	3.0
0.1652318611509992	10.79687397627456	88.67140577612481	0.00157422429545724	0.3649141621541801	3.0
0.2581599935979714	20.608368063739274	78.6349823156987	0.003430454785742296	0.4950591721783045	3.0
0.11602713933923879	9.941647535873743	89.68454416185696	0.0023938149795310368	0.2553873479505365	3.0
0.3401997503274893	33.99031074090637	65.30950866111196	0.009575061839432754	0.35040578581477205	3.0
0.20825743740522118	10.509547791094548	89.16327005344932	0.0031538740769207615	0.11577084397399681	3.0
0.12928928924709257	13.390220596917343	86.33313931362191	0.003430001594475675	0.1439207986191763	3.0
0.34501177865330335	17.584721287253856	81.79631859519121	0.004452792720611742	0.2694955461810182	3.0
0.18884599544877845	17.453638005432488	82.07585126250221	0.004297487962154177	0.2773672486543656	3.0
0.1409023028596284	16.7708029472087	82.74080845625495	0.0031866212873602816	0.3442996723893442	3.0
0.24966259181509312	20.86379949019187	78.604745394619	0.005368435635923455	0.27642408773810623	3.0
0.2517500061290188	23.914813735165737	75.62620264610413	0.0036849906216593043	0.2035486219794421	3.0
0.1395475451630566	19.204350046759313	80.47363050725964	0.0050079477113643975	0.1774639531066305	3.0
0.10226240941720152	15.740893630935505	83.97045629970094	0.00328580311415808	0.1831018568321989	3.0
0.24550383958338576	29.50732771904353	69.93341822458714	0.005272410695305358	0.3084778060906496	3.0
0.056914536977964086	8.732174626854224	91.04329308503506	0.004720398208511442	0.162897352924221	3.0
0.724430101518953	45.78253287930206	52.51497283695149	0.021889139482884266	0.9561750427446145	3.0
0.1362286791310615	13.69346266156792	86.08652391861662	0.004759964870366203	0.07902477581401858	3.0
0.37994149181610115	27.98774463052875	71.3741112817158	0.012523175289379983	0.2456794206499571	3.0
0.1124813672217325	19.281182575800663	80.44629405367871	0.005392160298341348	0.15464984300055934	3.0
0.20775123118825342	18.19762146097366	81.38288094768006	0.007901470786482727	0.20384488937152195	3.0
0.11626268133850515	10.250513413559093	89.48905281898976	0.0038277108639948897	0.14034337524866566	3.0
0.1156917464523319	12.650497460808054	87.06662948689618	0.0037064203483801695	0.16347488549505484	3.0
0.6307133907091863	25.84024950024727	73.04581862330524	0.015190250917762533	0.4680282348205582	3.0
0.6724844098875318	32.63762715438429	66.30220788794496	0.016527851676970642	0.3711526961062404	3.0
0.35993768639205886	20.963012053113523	78.20880963904513	0.011293344405247707	0.45694727704404386	3.0
0.18048584343317964	23.483161124472936	76.15159201989597	0.012510290919845962	0.17225072127807112	3.0
0.9512102311151466	51.96924706461776	46.34570916740732	0.07132987587581459	0.6625036609839541	2.0
1.362986443052142	47.38642404849699	48.621090792895494	0.05867319603218869	2.5708255195231997	3.0
41.35269325143454	54.82197063131318	0.383532658180422	0.09225922657970888	3.3495442324921547	2.0
45.3500505796606	30.409663228878216	0.30688956423189806	0.042369056544848675	23.891027570684432	1.0
23.350146172392446	75.82433622955193	0.11066252468961288	0.1391857766164197	0.5756692967496149	2.0
19.659243628679793	79.4757377354038	0.13727510513750107	0.2062037559898412	0.5215397747890766	2.0
22.436731043480226	76.8366768569998	0.14154251523944297	0.14849842001732233	0.43655116426319274	2.0
7.661045650440687	90.339620175869	0.08019139642006363	1.5990324988499849	0.3201102784202728	2.0
5.310131369614913	90.20027988324934	0.14441256000368433	3.861654268326615	0.48352191880545825	2.0
8.327882912270258	72.88932324102203	0.1376414018167519	17.956616590904424	0.6885358539865345	2.0
4.144352943361691	37.33201221765516	0.0316917282243288	58.2044410023302	0.287502108428618	4.0
4.922490780813993	20.49886604761483	0.019248913406786073	74.1884166042341	0.37097765393029325	4.0
0.9113791252076003	11.8500289146209	0.026524315939708398	87.08772149758433	0.12434614664747247	4.0
1.503328315140552	5.6013332114043095	0.008113663831060295	92.71407454170331	0.1731502679207756	4.0
0.7060750103892907	3.07241279745517	0.012540218095230348	96.06444709063108	0.14452488342924538	4.0
0.7059425732558686	2.237992241374286	0.012784334089184848	96.90015397529686	0.14312687598382273	4.0
3.5871367442817563	10.079692129615598	0.004931530081675696	85.94310246329213	0.3851371327288343	4.0
1.9146345796591313	2.901959717967132	0.0018049516600110126	95.08629496745084	0.09530578326286847	4.0
1.1547149018305078	8.331860459514049	0.01721661192031152	90.35511842553042	0.14108960120472708	4.0
27.558573304214352	24.624616167263962	0.025518523003788755	45.4397483255127	2.351543680005185	4.0
21.016496232670093	24.328454694345776	0.05159664915086843	53.53965371254804	1.0637987112852212	4.0
6.652140073401182	7.55058955093978	0.005096141917977141	85.16347219271938	0.6287020410216825	4.0
32.11877468341237	17.16064595213616	0.028628214730588016	49.124025295033164	1.5679258546877128	4.0
23.868637202012682	22.67331421150553	0.012853065730468086	51.20240413744062	2.242791383310709	4.0
21.147949629480806	25.60476950088322	0.27322548773235633	4.053965907039634	48.92008947486398	0.0
76.23911896255318	12.250204670499102	0.018271563542150038	0.9777507010475868	10.51465410235799	1.0
65.71373983914093	27.19198811764106	0.026844934688601635	4.5550585376966115	2.5123685708328116	1.0
57.94591205941772	37.73158417262773	0.03096208556064167	1.0972815381690648	3.1942601442248266	1.0
36.16275773263397	58.89478789068866	0.03409814539755826	3.8657170064151716	1.0426392248646232	2.0
21.714079335095136	45.607551694270036	0.031984505041550704	31.563143904902425	1.0832405606908684	2.0
18.004932349519205	73.68366291135547	0.05566282456242599	6.182133066365	2.0736088481978925	2.0
40.93174930133108	52.081975970945074	0.0706550384135491	3.4631091942639842	3.45251049504632	2.0
25.670586129361787	43.253805685897134	0.12031756051090585	26.20545259219473	4.749838032035444	2.0
58.03912840086256	26.396742788920356	0.03500076898798337	12.075759135618831	3.4533689056102816	1.0
24.0282188888461	7.2918084475148515	0.05598513564825249	0.21253821222323566	68.41144931576757	0.0
64.7114813216157	26.10653844100963	0.05323549528813981	7.459198514102285	1.6695462279842415	1.0
53.44528368639989	34.400669660336185	0.048732202098908876	9.637750530713433	2.4675639204515805	1.0
63.99528576407691	28.107675415017525	0.026796083195362034	5.414858865708514	2.4553838720016783	1.0
38.123181903884486	55.353297084030906	0.05816401327090264	4.293512951520217	2.171844047293493	2.0
26.52280133704957	66.76464432274972	0.027062538267659645	5.6484719953130025	1.03701980662005	2.0
40.16189841790044	52.308680637634	0.018202792621877083	5.74716326027263	1.764054891571061	2.0
18.80692914733895	72.93214839074258	0.048111392192031824	7.634718754389763	0.5780923153367092	2.0
8.934242972453957	74.88488747681615	0.022783006337937988	15.560014821158171	0.59807172323378	2.0
12.349919524152302	47.10219149889852	0.07239671691511049	37.93122195104268	2.5442703089913916	2.0
13.432870334633728	44.94160770520889	0.027966069085683415	40.80489886990629	0.7926570211654077	2.0
6.619880561362216	39.42624240162755	0.008412607252024895	53.51213532266358	0.4333291070946386	4.0
10.629476600462077	25.713517486294446	0.01745626308001755	62.81985048355069	0.8196991666127721	4.0
30.56832690693405	56.46109583279802	0.07634563790822221	3.6638331113900247	9.230398510969666	2.0
28.614715342247393	58.6198544650026	0.03858552372758188	12.07349284326716	0.653351825755283	2.0
22.02942652643619	69.15119352214813	0.02273279251875043	8.047902109202077	0.7487450496948375	2.0
15.135905454065817	75.71263799208577	0.021712522663953265	8.745653456307629	0.38409057487682957	2.0
9.423205890374483	48.92075034185919	0.015016198389886031	41.0824598148527	0.5585677545237598	2.0
1.2084526135330307	93.49598509843764	0.006189537178718243	5.184555606947199	0.10481714390341557	2.0
