N1	N2	N3	R	W	anotaciones
0.00011554956061614646	0.015230975730698903	0.0024438323319683664	0.00016431783826414842	99.98204532453845	0.0
0.044112055198123064	0.06212555489830665	0.0013837992730016048	0.0004581399394003407	99.89192045069117	0.0
1.227029274745677	0.12893808384133776	0.0007899433360828519	0.0005815512489464169	98.64266114682796	0.0
0.046638326058583285	0.03159015716595078	0.0007683276397270599	0.0004631772229686644	99.92054001191278	0.0
5.5098245475010454	0.9014845176684478	0.010351037252670506	0.0019345955252779955	93.57640530205256	0.0
0.18711382311206268	0.727668556701167	0.0046124336112261305	0.001974035532935936	99.0786311510426	0.0
0.10804042241877448	0.1669974714312041	0.0026810260875211435	0.0006763359612453843	99.72160474410127	0.0
1.8289578803011102	0.8932437500223991	0.002915763516066891	0.0023068793891048494	97.27257572677132	0.0
0.2228624774289352	0.4490155452510093	0.004706160429979787	0.0029530604619571526	99.32046275642811	0.0
1.6773950961858644	1.4172695752760949	0.0063824767650077704	0.0035238154799959887	96.89542903629305	0.0
6.8281902806189025	0.8160935960737346	0.0023970842946198175	0.003418253708505129	92.34990078530424	0.0
5.400265865322966	0.5860484500231372	0.001594939605403956	0.004577055489482341	94.00751368955902	0.0
7.882995719591111	0.40794835404091534	0.0005668346013044518	0.004067013155346437	91.70442207861132	0.0
0.16591782891465712	0.05602949709626879	0.000978004658008321	0.00026728711118971683	99.77680738221987	0.0
19.99477672248747	3.2419089496270876	0.003007675682519156	0.0036019572499946615	76.75670469495293	0.0
9.825931159855566	1.1244177760270597	0.002160800229552005	0.002459609235691091	89.04503065465214	0.0
0.8481267732155555	0.46016314270057124	0.003999198438229605	0.001100670170410175	98.68661021547524	0.0
1.1833009045633829	1.3119201924391022	0.002740416665594101	0.0018738111177322963	97.50016467521418	0.0
0.9907644264983062	0.9765068249789387	0.008242422532084235	0.002239727172982101	98.0222465988177	0.0
2.2779920177742956	1.7410838597036762	0.0040238196048160545	0.0034289752335277656	95.97347132768368	0.0
0.010268500900460593	0.013465065822123885	0.0007938591326476299	0.0002994657908583999	99.97517310835391	0.0
1.8827635352839003	0.3405015469709683	0.002094572419909872	0.002398036119414831	97.7722423092058	0.0
0.6628235612320987	0.07802755012667852	0.0005884188102539196	0.0013905821839559362	99.25716988764701	0.0
4.723293714607801	0.5366165217520499	0.002921849504825139	0.008826464260786171	94.72834144987455	0.0
1.6187877850170427	0.43693341534366104	0.0026678000366128648	0.01211311653445403	97.92949788306822	0.0
3.9375223528543253	0.7744117233055714	0.0017355814465509134	0.012472115248521305	95.27385822714504	0.0
5.808716719087614	0.7179436976578953	0.003154300286701627	0.010229511927423577	93.45995577104036	0.0
1.2110327494050337	0.2817160044813177	0.0011488908520806496	0.04532202671080416	98.46078032855077	0.0
3.4153141615636713	0.9320646830244642	0.003131863783681724	0.022006905637457965	95.62748238599073	0.0
6.717824635037601	0.11797102812923564	0.0003905029221895311	0.012818254649581896	93.15099557926139	0.0
3.348079254531665	0.17678977671885945	0.0004923403968473855	0.009453880052700581	96.46518474829992	0.0
11.001251596879907	1.2026330045707627	0.0043466986941535874	0.039845296149330724	87.75192340370585	0.0
23.434380778521163	0.44209052577199603	0.0014431544382054952	0.015423429810889868	76.10666211145775	0.0
16.59841853135665	1.6750363447923577	0.0024899396302686693	0.01381984336543513	81.71023534085529	0.0
6.2874899627057275	1.0351219724558165	0.0006530807409138859	0.011484164514634987	92.66525081958291	0.0
2.7181840309522065	0.294562607198357	0.00035678687629773717	0.0034416102022591585	96.98345496477087	0.0
29.64236529210324	1.2647995322720882	0.000983240711361701	0.013501536741140718	69.07835039817218	0.0
17.445940045696013	1.3485324488370292	0.0008941083154523331	0.0037224082314049603	81.2009109889201	0.0
6.6154414858133075	1.3853612400285638	0.0012305924973802394	0.00295268698568516	91.99501399467506	0.0
19.46591169209733	0.8349877777968868	0.0002880133963283004	0.006429548966555198	79.69238296774289	0.0
47.91711163508596	0.7522419178169134	0.0006949228869150751	0.004768475357204158	51.32518304885302	0.0
83.84727730375452	2.81809617665084	0.006534582138504064	0.004137825171806095	13.323954112284328	1.0
64.58587572662393	16.416192777814153	0.009523892990011815	0.007438605998919394	18.98096899657298	1.0
86.48014526480698	7.477815956443471	0.008914227807530461	0.02338787936551052	6.009736671576517	1.0
79.93728185374786	15.504802553840644	0.016495009318807916	0.02944146565087027	4.5119791174418	1.0
24.409377415147176	64.4124477685049	0.3384128084492949	0.4123256819168278	10.427436325981782	2.0
20.932714764745274	69.10303334330436	0.29511830834655	0.5568522240980668	9.112281359505747	2.0
18.444214522304854	73.50849524813894	0.5488221903903006	0.47103116949086904	7.027436869675043	2.0
19.440847203026838	78.66489505250537	0.1724163126593385	0.4776948187711279	1.2441466130373298	2.0
2.6625058254000384	95.64030766084217	0.2958106002102761	0.6279601224945132	0.7734157910529779	2.0
7.950061779330089	84.51032861668423	0.3352010037088943	6.078893960588736	1.1255146396880384	2.0
4.509635320837143	93.62756703978957	0.30733801094284036	0.8017499805276459	0.7537096479028154	2.0
5.978481907017603	91.6600364777648	0.2486208435848956	1.5385284234664551	0.5743323481662264	2.0
1.8872611451629075	94.78094148628813	2.357174741085687	0.5417704943121394	0.4328521331511205	2.0
12.513888113684036	85.62723898417455	0.21851487129389188	0.9513493205827469	0.6890087102647662	2.0
2.0687152368071735	96.97917688530508	0.7379171225898781	0.06868476132972486	0.14550599396814023	2.0
2.260911009869692	95.03755672462941	2.210154956961944	0.08095554700539109	0.41042176153354415	2.0
1.2726215539813641	97.2340964366603	1.1891567363089934	0.05584948678336888	0.24827578626598976	2.0
0.7954594061111153	85.88804285088558	12.770049304048584	0.03719341959661523	0.5092550193581084	2.0
0.6093434135983568	72.87415085353989	26.00889713724254	0.02552868485532005	0.48207991076390694	2.0
1.0180867087721677	88.75193822426432	9.589242322030874	0.02116182083201408	0.6195709241006238	2.0
0.5067658048999583	58.48469188449613	40.828560204844194	0.016227320047723672	0.16375478571199295	2.0
0.2932182474838362	55.15602593986024	44.00833917522792	0.018795391991397452	0.5236212454365997	2.0
0.2232490670914358	30.580396905703484	68.86352151444858	0.029193854481125645	0.30363865827536707	3.0
0.13416205249879729	19.633821289679354	79.960245530645	0.01082798229988387	0.2609431448769734	3.0
0.14255380485256863	30.319617007704924	69.22207388304282	0.0075320544373802915	0.30822324996230366	3.0
0.06905131714811268	16.088506912961222	83.67397396005799	0.004161831337821846	0.16430597849483677	3.0
0.04358439236798293	8.206900544180687	91.66877641469719	0.0021048208025031077	0.07863382795162983	3.0
0.07465485284011306	5.214010114953807	94.64413768496479	0.0021530349922495072	0.06504431224903708	3.0
0.05276364366226243	7.38615352355694	92.46395550610215	0.0020254509055055484	0.09510187577314748	3.0
0.0520257312515254	4.989506590704493	94.89859876188945	0.0022988743349901526	0.057570041819560776	3.0
0.05007062254584175	7.790349021053504	92.08905794418837	0.0014792111586534457	0.0690432010536451	3.0
0.049908888371984934	2.6435693798337074	96.84767385831283	0.003208574592411367	0.45563929888907195	3.0
0.0670185630277498	5.355860429532245	93.73589494822562	0.0029452434391536793	0.8382808157752106	3.0
0.028277715314958488	1.5076456103330682	98.13360679574544	0.0015108525602374491	0.3289590260463098	3.0
0.025938546380139187	2.8051224842352	96.80953608082008	0.0012312115966424887	0.3581716769679638	3.0
0.02328542575034927	1.1554079557029076	98.55643633538375	0.00033855812233295435	0.26453172504063677	3.0
0.015279588909238397	1.0245151504698946	98.79860122999212	0.00027246447730106796	0.16133156615146732	3.0
0.027619027679489344	2.1816596416758567	97.36026912590111	0.0009253801370471701	0.42952682460649017	3.0
0.01028269638387283	0.679222422163843	99.12974018920742	0.0004041203961743733	0.1803505718487066	3.0
0.007577613763658997	0.4763626624501649	99.28048741023666	0.00017928039276587343	0.23539303315673515	3.0
0.01043740402477082	0.7692697117958076	98.93495667806528	0.0005282869333445009	0.2848079191807897	3.0
0.005501522193877993	0.34531369071008844	99.40021272943262	0.00023071431464988658	0.24874134334875994	3.0
0.002989367162244745	0.20349409101592134	99.51641923973479	0.00017299067729257324	0.276924311409767	3.0
0.006173878610270247	0.22110381417663086	99.62255926981459	0.00017871805306791334	0.1499843193454503	3.0
0.0040687039986904445	0.18479416397268827	99.76142152567155	0.00026195278429613084	0.04945365357278426	3.0
0.0025287315754353636	0.10187484189342737	99.84700222713376	0.00015681705599722624	0.04843738234139386	3.0
0.003634057508154951	0.18415913216157406	99.77981010124618	0.00013130101117593608	0.03226540807292867	3.0
0.0019925660368986095	0.10653001602631042	99.86797763622513	0.000111465928786778	0.023388315782877686	3.0
0.004735158056831009	0.1629874122951379	99.77371462289264	0.00014911734864190863	0.058413689406739536	3.0
0.0026381095268654363	0.1066111473991096	99.87097702648785	9.448872053261478e-05	0.019679227865667538	3.0
0.002854287400803682	0.24376250362931234	99.70431790470357	9.637510630133634e-05	0.048968929160044035	3.0
0.0034883087742119583	0.11974577630441191	99.8573493895213	0.000121401659512601	0.019295123740550296	3.0
0.004932223843066189	0.26983232578751193	99.64210388226336	0.00026885606501581206	0.08286271204105462	3.0
0.004977691513843245	0.27081512480957737	99.64530080096276	0.00023936210827893057	0.07866702060554868	3.0
0.002834833959177135	0.23178620362131766	99.70533702629069	0.00013367136076080459	0.05990826476804841	3.0
0.005051514831271748	0.33873010321300095	99.58277128808005	0.00025642564447393864	0.07319066823119402	3.0
0.0024955171754857492	0.19397047606043186	99.74692263300165	0.0002010613396635177	0.056410312422777255	3.0
0.0022108300356713365	0.13217573512690736	99.81754903767911	8.08017416602238e-05	0.04798359541663298	3.0
0.003427622964604207	0.24140829819903595	99.68958661822913	0.0004729419448743862	0.0651045186623493	3.0
0.002135153826734771	0.09967737540960571	99.8524925377117	0.00016251936183684252	0.0455324136901072	3.0
0.002543649153960758	0.12269749964010014	99.82637545010503	0.0004722143438512605	0.0479111867570449	3.0
0.004342688199151845	0.2279472064032066	99.7141208789107	0.0004275912717732076	0.053161635215171185	3.0
0.007989366187268854	0.32670803693907524	99.56125007716042	0.0011308556476839714	0.1029216640655586	3.0
0.006204816843874475	0.37717965115484886	99.54117380218482	0.0014323001945136854	0.0740094296219495	3.0
0.012662856895993526	0.35565979104326406	99.4802799168522	0.004906834867065194	0.1464906003414905	3.0
0.01691482998646111	0.5585491062413354	99.0459515191641	0.009177290016550708	0.3694072545915298	3.0
0.10745254792597664	3.350093076798323	95.55186048573975	0.007655327129678393	0.9829385624062446	3.0
0.24340850525890892	1.491135724989644	1.711030014862194	0.0015783381753181748	96.55284741671394	0.0
26.323402899515646	40.42500171930584	6.062731900163794	0.008166441648113398	27.180697039366624	2.0
4.490300477679045	32.932240749525626	48.90039250860283	0.0030358933330168875	13.674030370859489	3.0
7.308422282726888	37.93017467522287	43.02969153474391	0.004951019238289914	11.726760488068052	3.0
11.494636395415618	41.9639288432923	2.9688559949132216	0.011515557832247846	43.561063208546614	0.0
2.29223757020322	48.001240839630064	35.39064172602164	0.004095794194953286	14.31178406995012	2.0
11.047215890100242	39.32442973268394	1.4930467156271832	0.010826131609395629	48.12448152997925	0.0
65.2673997398846	27.164737521424335	0.4240748858769375	0.0123056615564526	7.131482191257687	1.0
4.871589185605668	90.12605034373273	1.4616765833425474	0.006313592303465564	3.5343702950155627	2.0
4.893281174346246	91.65913297099291	1.0423141269863245	0.010349610545083376	2.394922117129441	2.0
0.9720516916619135	94.53478760817016	3.710509910919328	0.01190193195001058	0.7707488572985949	2.0
0.8327757935197234	96.54575345939574	1.4959445330161465	0.02060794806413574	1.1049182660042642	2.0
0.46621406549696975	95.22339495806072	3.587640356609111	0.012805966994207198	0.7099446528389705	2.0
0.12147210896916918	71.62734557485702	27.800872620353395	0.004249180565708937	0.4460605152547284	2.0
0.2005080214569846	43.64996128539991	55.86279709007872	0.007700325199975289	0.2790332778644222	3.0
0.4684217069464285	92.68555632408084	6.085012776866907	0.004636280350829743	0.7563729117549953	2.0
0.03805782735818579	4.49663278200385	95.22861305203158	0.0019056266130256566	0.23479071199335905	3.0
0.04146331045158495	5.79052268961018	94.02624417491398	0.0017897225779702848	0.1399801024462836	3.0
0.08888840734629237	5.226981608078697	94.09190916276616	0.003241092269875608	0.5889797295389779	3.0
0.39465601453605414	8.745181249574493	89.32410930501925	0.008013273946866193	1.5280401569233522	3.0
1.1452988851683115	23.63577976880336	72.67185854454289	0.006589581556653549	2.5404732199287805	3.0
8.90236260901283	47.40901135265895	30.416819599700396	0.018655661809718813	13.253150776818115	2.0
5.44671905547324	88.17108302611436	4.654805993729829	0.01201529670002156	1.715376627982551	2.0
1.3291545382871786	85.85372826714651	12.029634609108124	0.006803678335276808	0.7806789071229212	2.0
0.6751293311596092	53.852575120246506	45.17439743660599	0.0048848316515568285	0.29301328033632723	2.0
0.12979691871214022	22.026280667144007	77.55394889357522	0.006327913796071111	0.28364560677256045	3.0
0.23164333386199598	18.362172102730913	81.1864463445455	0.007527639922017714	0.21221057893958567	3.0
0.09580481683467114	11.384234019058493	88.3394346992589	0.006032790181640687	0.1744936746662926	3.0
0.1339979753335925	7.97027104841814	91.69486227943828	0.006367731294638293	0.1945009655153484	3.0
0.1031233886906331	4.161686870462353	95.483672589915	0.004643868879985425	0.24687328205201792	3.0
0.02192173369735734	3.0230169464937773	96.84129220971775	0.0012745793386898852	0.1124945307524064	3.0
0.02360221053459772	1.6459395184068824	98.09651183301591	0.002734043634619763	0.23121239440799468	3.0
0.00984301117283203	0.8970062362054295	98.92453671708336	0.0007064821662371631	0.16790755337214505	3.0
0.004289861656656709	0.41908550805440864	99.3745075371982	0.0013113195161311676	0.20080577357461035	3.0
0.00498861279305383	0.3515773038201852	99.53075558536368	0.0010314381676012382	0.11164705985550186	3.0
0.010561372537470356	0.5700700054985003	99.34989494845682	0.0018554961541211578	0.06761817735309782	3.0
0.0064372651028252945	0.40174317919076236	99.5010857743922	0.0012851558705359585	0.08944862544370276	3.0
0.006710269738829243	0.3199413042491103	99.61918397137453	0.00188845237985236	0.052276002257697074	3.0
0.0033869750040561456	0.22816960629856328	99.7313420778944	0.0005001032876483247	0.03660123751532933	3.0
0.0038198673080241585	0.23032558762055305	99.70087666142268	0.0006716948544911314	0.06430618879423819	3.0
0.004093648260984029	0.3371614064364262	99.62445965620675	0.0006267261159712844	0.033658562979853895	3.0
0.006737486311160752	0.3156942392607354	99.6311167109893	0.0012376175987344024	0.04521394584007076	3.0
0.004370656580577604	0.20636605417145865	99.74581783884754	0.0004337705569240894	0.04301167984349532	3.0
0.004218789554754379	0.16650271000970374	99.79068355578472	0.00038096288763231367	0.03821398176318651	3.0
0.003222741304204321	0.14663551984543238	99.82389168099398	0.0009079065997249482	0.02534215125663771	3.0
0.005348927965091099	0.21686936823001754	99.68828206108451	0.0012165604744271358	0.0882830822459655	3.0
0.005289421672530944	0.26684668533583894	99.66940783062466	0.0005683915473909254	0.05788767081958675	3.0
0.004874020783819247	0.14384919452406814	99.78429442645833	0.0006230669132396968	0.06635929132054175	3.0
0.006312859293013546	0.19730951105872066	99.64929125328553	0.0011013109026433703	0.14598506546007795	3.0
0.005960758897295894	0.20883250860343816	99.67437013336954	0.0012670196768475982	0.10956957945288508	3.0
0.005177198762052287	0.2251020337848168	99.69828229095754	0.0010858445237330165	0.0703526319718658	3.0
0.008862730571891844	0.30545616768535444	99.47843572409751	0.003133422919912072	0.20411195472532762	3.0
0.18545034119241424	4.451469330076758	93.26752527396935	0.0023999641094600596	2.093155090652011	3.0
1.758670832120531	19.60086430052145	59.983166064845015	0.019905352424461207	18.63739345008854	3.0
3.4535207696530317	33.7626287084218	21.932149527367798	0.024970146864291474	40.82673084769307	0.0
14.811100090967718	9.409532215069797	0.1981578092163901	0.010473251370681103	75.5707366333754	0.0
16.593576220004593	74.11184628331756	2.668316353976924	0.03400265108700922	6.592258491613922	2.0
3.1041682784003686	85.9219973475952	5.170542523852103	0.03202225305601169	5.771269597096321	2.0
1.805429220682752	92.20842658997863	4.886799312223718	0.026660684847605035	1.072684192267302	2.0
0.7145458109567785	87.79567447154004	10.317183712932772	0.10294019281024525	1.0696558117601587	2.0
0.7519962608066189	78.98921428778338	19.463338292195008	0.10471150057483626	0.6907396586401372	2.0
0.6743704833656191	89.90506981973938	8.830783814193998	0.16877212156590932	0.4210037611350854	2.0
0.9507954556325532	90.43254408095291	8.013930989657254	0.2592506347034262	0.34347883905386445	2.0
0.9566404962972446	74.84150706031576	22.153212372990083	0.6136850295510325	1.434955040845874	2.0
0.8617300961392415	86.9307572018433	10.6078061034213	0.6142144000485141	0.9854921985476307	2.0
1.6207073090039488	90.4419135210185	6.393267991143152	0.9012028191938581	0.6429083596405306	2.0
3.4508355395484456	88.60772574914684	3.638759788671384	2.902829993172423	1.3998489294609224	2.0
2.7046737547070934	90.8962935786867	3.2178718339791557	2.294444371548274	0.8867164610788052	2.0
2.4647548279678877	83.54553493032014	5.925387307634452	6.83104078986789	1.233282144209612	2.0
12.9898401964726	69.17633552787163	0.2526908596244016	15.163260960600521	2.417872455430834	2.0
3.7778710200517907	76.84059138053286	2.423695802007227	16.278362094522663	0.6794797028854467	2.0
3.652599447111156	75.13948410298067	1.9027884519232616	18.304582959449753	1.0005450385351629	2.0
7.371335196335055	46.71023089455314	0.5611968641440717	44.706058700331155	0.6511783446365773	2.0
8.190721160557954	43.69315910855136	0.18780446340380016	47.20491097862122	0.7234042888656681	4.0
8.477697368672391	14.936471874308157	0.27975189189030764	75.51643163962781	0.7896472255013273	4.0
8.177640975941607	42.01683199899723	0.23633074914025046	49.17307983298205	0.3961164429388671	4.0
6.955970547350917	34.006803669231594	0.16666930330863336	58.41222925285331	0.4583272272555345	4.0
6.004679248946924	33.39426325739397	0.1876327140206944	59.95801509337575	0.45540968626266415	4.0
2.6367759260749124	27.993945653074476	0.8480128605030456	67.89224951629274	0.6290160440548301	4.0
5.041857014209025	39.67544862777694	0.8251279644099246	53.358608754141535	1.098957639462571	4.0
6.252606580938655	41.6996042373234	0.232261571726671	51.22334349969544	0.5921841103158415	4.0
3.2024037299466963	24.750401469381096	0.2276883589523402	71.11625823474697	0.7032482069729094	4.0
7.946692105482427	28.74863157497536	0.3792731075995133	62.50589535128373	0.41950786065895795	4.0
4.10246286092025	10.25664055148262	0.1542998201464952	85.13729647535827	0.34930029209237695	4.0
10.873642954295283	27.743054895196412	0.3027484583434658	60.748091028858774	0.33246266330607416	4.0
4.795901392171372	4.926402536134365	0.07293228699524955	89.96612579897135	0.23863798572765962	4.0
14.689756703686443	40.63244739459416	0.19765650768246087	44.09060657309592	0.3895328209410273	4.0
6.648005478702715	12.997616300761619	0.07637157318272648	79.80033980373669	0.4776668436162598	4.0
19.158695358831203	42.13442994752317	0.1876232819144473	36.260157637427916	2.259093774303261	2.0
11.697882820623628	22.46137367664187	0.29452404420654527	64.72502775668893	0.8211917018390203	4.0
14.499128610991493	38.63965970231474	0.19489972215944526	46.17147245708957	0.4948395074447728	4.0
12.174012183431463	6.397226772748565	0.028641828867680363	81.02836028507929	0.3717589298729895	4.0
9.508349812917892	22.703245828167898	0.15849414497900968	67.1663443692367	0.4635658446985096	4.0
6.246978153122646	16.983745772914798	0.0840133764576276	76.14180907593745	0.5434536215674824	4.0
4.185091990271815	12.485338073872763	0.07848691184866796	82.68163462686337	0.5694483971433741	4.0
8.235523454701987	20.136159987095034	0.11389063426607571	71.05912118023161	0.45530474370528773	4.0
4.361023170268203	16.604174459970285	0.16766043530539973	78.15490390569948	0.7122380287566499	4.0
5.916199328676668	61.36014319039553	0.34285373467895247	31.177409001023793	1.2033947452250584	2.0
13.60810557463694	47.65921993031538	0.3332644920746889	37.73696846298866	0.662441539984339	2.0
5.125548670543486	75.19834726234286	1.1244868005894109	17.685463970984028	0.866153295540222	2.0
1.4459399224739953	93.90308316681653	1.6374160852780297	2.573699746410806	0.4398610790206379	2.0
1.5411456080389756	97.14489907223097	0.3578829900704415	0.7129284456291417	0.24314388403045298	2.0
1.817410009240528	95.16444268455272	2.2470016465398834	0.5540755908213928	0.2170700688454829	2.0
1.5313178035293806	97.77873025924688	0.2639206226329607	0.2611738433166982	0.16485747127411302	2.0
0.5482048218698555	96.64455673456702	1.9959817635313626	0.1777708456402132	0.6334858343915454	2.0
1.3039825024268037	97.63623796157916	0.4035262273106974	0.21410583652423523	0.4421474721591018	2.0
0.7811361325639581	97.62946759164286	0.7802490386115772	0.13678724270769826	0.6723599944738914	2.0
0.3654030051243911	98.05566211760139	1.2521394322948822	0.04191409742082996	0.2848813475585076	2.0
0.2517403172992777	87.30249549670116	12.006061543511601	0.02316732962669613	0.4165353128613023	2.0
0.6699036963964715	97.17925220336129	1.6876580619701333	0.06273149270845021	0.40045454556365695	2.0
0.2046269310588058	95.22446161251325	4.3577703950142865	0.014769557159120513	0.1983715042545387	2.0
0.3235391486825959	87.30580986860326	11.094158031525284	0.03692062423662927	1.2395723269522159	2.0
0.1875595303841979	96.7551752341196	2.8348372957546117	0.023829159881379413	0.19859877986020008	2.0
0.15971730161301695	72.33111451173727	27.272277347049506	0.039176952160994274	0.19771388743921894	2.0
0.444695822344961	97.97327829800685	1.3051471427062482	0.05494280298680565	0.22193593395512667	2.0
1.1047672852083534	57.00371244682728	36.3555736071572	0.012635952854392604	5.5233107079527795	2.0
9.463682902455286	73.09011138059972	3.1615287576098523	0.09573815213308891	14.188938807202051	2.0
18.67567028427938	45.56867708785209	1.1963758226634236	0.04743470582452651	34.51184209938059	2.0
21.72056953134166	66.78615293079731	0.7231170795964722	0.08513582581090433	10.685024632453647	2.0
9.04980380020977	88.14840152666854	1.1732392248299977	0.03701840031054196	1.5915370479811668	2.0
16.967501836508102	82.07067544337868	0.40455053771692806	0.03220035269191544	0.5250718297043688	2.0
1.3053847843142516	97.90235891203154	0.5765817363415594	0.009497077199139585	0.20617749011351957	2.0
0.7666759572153643	98.50053096329813	0.5583482003273968	0.014006570573225439	0.1604383085858694	2.0
0.28724646076557725	98.70291172203665	0.8502919763555222	0.007050082116740856	0.15249975872553084	2.0
0.2538792470068686	98.36154713317924	1.2634954102280287	0.0038368460058964024	0.11724136357997417	2.0
0.07147732520059093	89.74076652324919	10.046989885535702	0.005140257639384661	0.1356260083751415	2.0
0.12680398989501612	74.19495980578792	25.539532220743855	0.0038171689579024034	0.13488681461530105	2.0
0.19335336886134807	94.5814519797117	5.095324184820003	0.0100249630225288	0.1198455035844307	2.0
0.225086834127751	24.67305363756372	74.67535017861768	0.016326418746834815	0.4101829309440285	3.0
0.2706948324453578	12.584486716621884	85.15955983663649	0.01686156414953839	1.9683970501467367	3.0
4.180639108504323	51.93185895476709	28.276339892958998	0.03441297421112435	15.576749069558465	2.0
2.856820142318008	89.03436529245091	5.793911549224837	0.025176658328379887	2.289726357677873	2.0
0.922765502601912	94.19620073751082	4.245961077821204	0.017539793169883352	0.6175328888961794	2.0
0.7247153117448345	96.92981769277046	2.147702414553672	0.006962482487486502	0.1908020984435586	2.0
0.09993587882512209	79.88011048352637	19.924960542092318	0.004682107855497886	0.09031098770069691	2.0
0.24675248324643692	88.89289092251391	10.60059326355382	0.0148395613625072	0.24492376932334295	2.0
0.10997737219086219	75.91305753862946	23.752076479203915	0.01647094290307366	0.20841766707268053	2.0
0.13340525461496106	40.0274775185821	59.323092848398964	0.019655605276361347	0.496368773127615	3.0
0.28665565067720544	49.30121187439035	50.20278560346474	0.024173216459352942	0.1851736550083458	3.0
0.24342353247881648	29.92714062342612	69.71299848116591	0.013324346922196948	0.10311301600694998	3.0
0.10400784288274977	15.923156654599516	83.8500411103282	0.008452371297095005	0.11434202089243989	3.0
0.1649060955116383	7.390768708143332	92.29263789823841	0.011055568764704461	0.14063172934191834	3.0
0.19335237802855101	9.750825835855927	89.95653937709184	0.012899429338606078	0.08638297968508929	3.0
0.09371905043576853	5.047157856422904	94.71704604449235	0.03229779082441571	0.10977925782456785	3.0
0.052926326964045645	2.759739303451444	96.9578864272605	0.010636031536377209	0.218811910787618	3.0
0.039545981897828104	4.001778510889013	95.76730608613335	0.027986827659899693	0.16338259341993958	3.0
0.029780856677400946	2.051005582111707	97.49277777609164	0.021664314958728857	0.4047714701605237	3.0
0.07281577089753212	3.0992838788782975	96.69289688982178	0.04707690946099631	0.0879265509413994	3.0
0.01969461123682425	1.6025125662516984	98.24539657854685	0.05170524371087233	0.0806910002537574	3.0
0.015897236587997056	1.2469111133986157	98.6224310978028	0.033778178797890274	0.08098237341266373	3.0
0.043894034277376495	2.1781162795919395	97.40686944338161	0.12131347014903696	0.24980677260002673	3.0
0.14163220284892872	3.34692936025798	96.03448087861263	0.07428057012361178	0.402676988156866	3.0
0.26356206639446045	10.4856142904492	88.48077538365456	0.020548393690077438	0.7494998658117172	3.0
0.8357009348241946	21.9174435248248	75.8667129932205	0.013662933612473283	1.3664796135180284	3.0
0.35436106634832326	2.772629150735826	0.8232745865609705	0.007561699268088606	96.04217349708681	0.0
8.37603668661683	54.93453775762679	15.34826953328794	0.014587370241450673	21.326568652227	2.0
7.727064006800891	78.38427851618007	8.66587887619091	0.01618641369486828	5.206592187133255	2.0
7.3969422645226475	75.51039436678401	5.393816270552239	0.009004792138964445	11.68984230600216	2.0
7.054617801937139	71.4135391837549	6.953199842027955	0.013358985991383158	14.565284186288622	2.0
1.3009555550328296	91.66848381860771	4.400869617584036	0.021356788523521984	2.6083342202519004	2.0
1.60498983201996	82.99690197472837	8.877869764714227	0.041925861003168495	6.478312567534279	2.0
0.8777980185505445	94.96404260499503	3.0876381657930363	0.0666693997195561	1.0038518109418353	2.0
0.13231552408314137	81.6535848404463	17.606122897911295	0.028494306431844356	0.5794824311274169	2.0
0.5479560824878412	86.18181717998526	6.520821450394944	0.08501286709670655	6.66439242003523	2.0
0.08735693120883434	0.14788074825813682	0.006421606163723206	0.009594894431107157	99.7487458199382	0.0
2.80729378981251	1.4726240492048674	0.01150703385109561	0.019382072374282362	95.68919305475724	0.0
25.321279769128342	36.75985590126683	0.14204571698183488	0.05183693239810804	37.72498168022488	0.0
77.67699458494852	14.232076413723327	0.0993067196847103	0.03798371800854593	7.953638563634902	1.0
21.886469016865878	73.8411555566002	0.4574280486786876	0.041983359189261826	3.7729640186659767	2.0
21.192511900478724	76.23042101428607	0.18701162876751468	0.10218497209763189	2.2878704843700626	2.0
18.08130949888473	81.10308755584214	0.23331228162110068	0.053507077955569346	0.5287835856964698	2.0
3.8488138130836784	95.03132900897788	0.7946484316408073	0.06454500189783231	0.26066374439980444	2.0
1.0619160849064395	89.1705236973125	9.534984731186071	0.04735464578447225	0.18522084081051327	2.0
0.2001548489795423	55.36995061287685	44.153690139971665	0.016781577160052404	0.2594228210119005	2.0
0.7359081724152502	96.28400731098633	2.6399166962146814	0.02078101695612522	0.319386803427625	2.0
0.19926276640106613	91.72112528369772	7.725226350368769	0.017092622549018624	0.3372929769834172	2.0
0.10926208944778053	32.11164327627013	67.48960878758108	0.008705123204305514	0.280780723496706	3.0
0.1317924380818868	61.017340910894276	38.6040282870208	0.003782465578014964	0.2430558984250075	2.0
0.10592643930845179	41.666386278004936	58.00839014386017	0.008913635974657122	0.21038350285177396	3.0
0.09941125015976442	33.225040303150436	66.26043530274775	0.014232331344430534	0.4008808125976133	3.0
0.09536490968089677	43.01522181186397	56.22781928606761	0.007155635726068846	0.6544383566614792	3.0
0.18459174242411758	30.38114111919226	69.13471071115926	0.0158744799539467	0.28368194727042895	3.0
0.19102592204614036	39.38443945329595	59.45323522953782	0.014701563621153933	0.9565978314989444	3.0
0.12179358284280528	12.648020196234903	87.03488375780815	0.011424443751010458	0.18387801936313755	3.0
0.2008222706940429	47.833849724388315	51.48972053232451	0.01660718245492367	0.45900029013820154	3.0
0.25794378029703463	16.14195470058472	83.48181136584495	0.012495263905512925	0.10579488936778067	3.0
0.08662106357486783	8.551979705297763	91.00448228823768	0.011321976022820535	0.34559496686685676	3.0
0.06528872054358385	16.700094506683634	83.0629959325188	0.004812175630333552	0.166808664623644	3.0
0.054723298244859137	9.415613480418262	90.45527331536262	0.0025112618215238683	0.07187864415274245	3.0
0.024996318546134252	2.572245877304944	97.36149889520016	0.0020045929421929885	0.039254316006566294	3.0
0.008970781016746384	3.484994958161532	96.47674750691294	0.0012410707810107265	0.028045683127762403	3.0
0.015169310580183105	1.571635440264696	98.38476996302425	0.0006064788052521585	0.02781880732561523	3.0
0.0038847661763107793	0.6337466959509849	99.3206482075322	0.002161639112803741	0.039558691227722674	3.0
0.004890098173197763	0.6026544013921299	99.35235972738947	0.0011499959417964382	0.03894577710339735	3.0
0.004648134251260238	0.5215137921117752	99.45140033758668	0.0027883211110852645	0.019649414939207112	3.0
0.002566550673318446	0.2492653368710672	99.73569497089366	0.0009782185126868696	0.011494923049259307	3.0
0.005612187077088124	0.6423519126859446	99.29164527489185	0.006913240371249545	0.05347738497386652	3.0
0.009789506624434305	0.6551541356711034	99.28181028019884	0.00687561882731377	0.046370458678296166	3.0
0.005523994713558614	0.47692628151265537	99.47758592803534	0.0034943373404585348	0.03646945839797065	3.0
0.004753100767260218	0.3265371043129142	99.63635496055177	0.0036799832718915136	0.02867485109616921	3.0
0.0045621538017939335	0.2679729972927854	99.6707405874447	0.0027532468713690095	0.05397101458935374	3.0
0.013105779162013515	0.30949148625793815	99.57569517521237	0.003876044263951044	0.09783151510370977	3.0
0.008908548928318579	0.3070692610018178	99.60331297784313	0.0047828806624583145	0.07592633156427316	3.0
0.007801052031113003	0.300949094868294	99.55220674913623	0.004842804300467759	0.1342002996638941	3.0
0.007690514868658305	0.4168555808914516	99.50369181189022	0.0028622161257900293	0.0688998762238834	3.0
0.00595658790342221	0.3648290570848128	99.5228338438433	0.010459763637489536	0.09592074753096408	3.0
0.010263355763273503	0.48601972060628457	99.38520725825116	0.008379715324392797	0.1101299500548839	3.0
0.009317742726423233	0.4464923936170919	99.47485462206983	0.01112802384664391	0.05820721774000426	3.0
0.009235846999876675	0.4551055350440171	99.49118026950234	0.004157971576476749	0.040320376877294416	3.0
0.009354081426403912	0.5847622545562688	99.35606082730331	0.006411614357279461	0.043411222356735585	3.0
0.007329691149816358	0.39997634064050624	99.54438740023134	0.0038249047185275665	0.0444816632597889	3.0
0.006908158494669613	0.40588352595497595	99.54372547657397	0.0025975648392249444	0.04088527413716429	3.0
0.007646710006194859	0.38057025788612864	99.55703045732338	0.004076321216786912	0.05067625356748466	3.0
0.007910821665539556	0.40641710926164476	99.53538723905237	0.004168979967366689	0.046115850053098505	3.0
0.004261476406736893	0.25581392878530285	99.70531904503139	0.002635230187764903	0.03197031958881011	3.0
0.009845465986741655	0.7419123727139465	99.15561578818355	0.0022657378648009347	0.0903606352509585	3.0
0.010299886742418746	0.38732305510624004	99.48983005853522	0.004710662643309907	0.10783633697280717	3.0
0.003676327644071168	0.20570406192497603	99.75520215896695	0.0013174785344909322	0.03409997292952008	3.0
0.009267608796117772	0.37952769887770504	99.58027956774043	0.001779510728312093	0.02914561385742081	3.0
0.006563761355001413	0.4193321831356889	99.53445012277152	0.001455639841798089	0.03819829289598961	3.0
0.0037802894730219008	0.24926907324800482	99.69452958682567	0.0032527248685008574	0.049168325584800165	3.0
0.002413729315289871	0.17430043729036573	99.79811331686814	0.0010602805425693252	0.024112235983650174	3.0
0.004215952597581588	0.30701517162589115	99.64097884559251	0.001899295926837606	0.045890734257193574	3.0
0.007257128673941068	0.37134274914702914	99.53330881912163	0.007598534100022361	0.08049276895736168	3.0
0.005605874164083285	0.19056358429918369	99.77606337487963	0.000779464063460697	0.026987702593651474	3.0
0.004387607793991397	0.22735531037762188	99.70952927309663	0.002948774739950657	0.05577903399179809	3.0
0.011546372262583643	0.328432562427587	99.57983419357225	0.010538265102635011	0.06964860663494685	3.0
0.005133155661295118	0.22034359938109654	99.71692970869385	0.009243557293972542	0.04834997896977127	3.0
0.0048926912518203036	0.23246531094084258	99.66390388679423	0.007774371251333538	0.09096373976176951	3.0
0.003573393740312468	0.2846867834849847	99.61309661622502	0.00770990867915468	0.09093329787052211	3.0
0.08137782752325068	1.974372927128378	97.50660658223764	0.0106254011041456	0.42701726200658224	3.0
1.194349278920403	7.2076710126590005	20.241532551711046	0.052425299845730924	71.30402185686381	0.0
0.8339735028110042	23.993440481953414	72.60114431753169	0.035950669357500985	2.535491028346389	3.0
2.596517216044906	46.02409636149457	41.81083495162643	0.06552949732141591	9.50302197351268	2.0
3.3482876603339173	49.28990035967826	38.51015541069285	0.10699973910391278	8.744656830191044	2.0
0.5863253711702259	46.24658999242604	51.363386109216705	0.06057606813826023	1.7431224590487757	3.0
0.8112140039095028	68.3665227337691	27.877698130077462	0.06430009496107092	2.880265037282878	2.0
1.45129144552763	84.56232864327265	6.8816260119554125	0.08572920117640163	7.019024698067901	2.0
0.32351798702986084	91.43806628900354	6.781569539552068	0.07723139958284639	1.379614784831677	2.0
0.5281024768837783	84.26949553223585	13.935982875160894	0.12064858349288358	1.1457705322265952	2.0
0.8962279698165673	88.06010691450813	8.790953145528773	0.1410113036236327	2.111700666522916	2.0
0.4458367711080183	85.39717356687493	13.423809528998005	0.09029214863206955	0.6428879843870028	2.0
0.23046614460497883	78.11034383984385	20.175797607506105	0.09633311524476262	1.3870592928002954	2.0
0.17087721019637728	87.61115349524937	11.593431739066922	0.08911370035794991	0.535423855129375	2.0
0.6123181364607219	67.56410500752358	30.243752373858683	0.12117387507104395	1.458650607085974	2.0
0.3468085469443338	88.87623863817862	10.06122941538337	0.12730896448778725	0.5884144350059096	2.0
0.19252609650460237	72.21209662533651	26.872334162562822	0.06073382548982997	0.6623092901062192	2.0
0.5067246686556691	80.2837519897966	18.015309501961255	0.23659449367381358	0.95761934591268	2.0
0.3480431429066823	66.10929045614779	31.954158037297287	0.09250651773271723	1.4960018459155329	2.0
0.5515339656483	70.11976927109636	27.86231829917274	0.09194637177130235	1.3744320923112971	2.0
0.1122210129523552	44.611917153047976	54.691456791057256	0.05219650764973885	0.5322085352926669	3.0
0.13930376976052714	54.51615341258	45.14034443454039	0.011313224993205777	0.19288515812587384	2.0
0.29477990282161204	57.648327434669625	41.683015381396075	0.047669493480173124	0.3262077876325026	2.0
0.3470022569355186	74.5099751916314	24.83988898789892	0.12036963544367991	0.18276392809049466	2.0
0.9692125185791763	46.46022391496482	47.300990808726056	1.113286425118425	4.1562863326115025	3.0
1.3148899822803273	56.98560255313977	40.98097019560959	0.20210836592876388	0.5164289030415349	2.0
0.8236384880474281	43.10875138163609	53.61052325942802	1.521254423577162	0.9358324473112849	3.0
7.33488266214724	80.66562488387251	1.0491726233265997	9.234215510051008	1.716104320602653	2.0
8.055383330312155	69.01438699895695	0.557973421269998	20.118938791008535	2.253317458452333	2.0
17.48403721872861	49.380599726225384	0.5614635386216179	26.32614421482995	6.2477553015944345	2.0
8.19742047026914	17.46541557861786	0.12306797795366398	73.45023259704166	0.7638633761176653	4.0
5.809913594814389	7.1372989880839235	0.10316401509347138	85.83948700588601	1.1101363961221935	4.0
1.15684239555787	2.226445395046519	0.024429730666330602	96.25170235587038	0.3405801228589014	4.0
3.0417818020630154	4.6789775756218335	0.017290653754706585	91.87513914286731	0.3868108256931372	4.0
5.6056164551033145	14.396140707098493	0.08813028879465216	79.63207307502465	0.278039473978878	4.0
1.6255092628562167	6.583618414815061	0.03187005502962565	90.83379589495625	0.9252063723428372	4.0
4.593030614150115	1.4045114679423825	0.003689059923676388	93.70031484005352	0.2984540179302892	4.0
3.0620912522791115	1.9047133813739836	0.006887140843589306	94.76802098920334	0.2582872362999791	4.0
15.83896595078259	5.066146515447236	0.012858559816246317	78.5205815422071	0.5614474317468209	4.0
8.433881547362384	5.875256341701462	0.018647302719478013	85.11348701921787	0.5587277889988068	4.0
12.107486559567612	15.544441159265645	0.025689621622561436	71.4912690181095	0.8311136414346862	4.0
3.323280237857925	2.2763832661704977	0.007717870347785374	94.16877333880177	0.22384528682201996	4.0
6.4035681887739395	4.325193915865055	0.012787139477365468	88.72118250844801	0.5372682474356396	4.0
1.640992281371007	1.3780638749769085	0.005661747400991523	96.6165432107656	0.3587388854854786	4.0
3.2916706735452217	3.1061579221904423	0.012409157746045929	93.37497206165547	0.21479018486281182	4.0
1.460049517421794	1.3399452314219664	0.007173572866838646	97.01193429757026	0.18089738071913647	4.0
3.145383633510516	2.0554519719668938	0.012807368681027503	94.42592797400678	0.3604290518347912	4.0
2.0320802100208395	2.075693810154999	0.010934044337174615	95.55148456227069	0.3298073732163026	4.0
4.2673732418971575	2.658361796217331	0.01200129832417406	92.34748580216511	0.7147778613962475	4.0
14.282541856106898	17.953532338981343	0.09219997459377244	66.9689473801686	0.7027784501493934	4.0
6.31231845777207	7.036093516396972	0.015694194180618876	85.91836699908256	0.7175268325677904	4.0
31.759571715170942	23.273942552530926	0.09363247980280849	39.405099820301196	5.467753432194128	4.0
8.36541288420479	15.525945188970669	0.019124742038701514	75.15298336000403	0.9365338247817983	4.0
2.6027342982206862	6.0256746947917685	0.01898412141834597	90.08543191547189	1.2671749700973183	4.0
14.565036927152908	9.354384848040556	0.026498573681549443	74.67264813497388	1.381431516151112	4.0
19.760881464642456	20.364985589873015	0.02966234424419227	58.03475528323999	1.809715318000359	4.0
14.237446337827512	14.31110847326578	0.06765117747993114	70.2611143307249	1.122679680701893	4.0
1.4934900684742987	1.1443303648869922	0.004223634879181205	97.07618050064373	0.28177543111581105	4.0
1.5402178802848443	0.8756857925868373	0.0026750772304495857	97.06833018530546	0.5130910645923836	4.0
