N1	N2	N3	R	W	anotaciones
0.07323559117514306	0.01114701432961141	1.6752066734863612e-05	0.001977978593702093	99.91362266383483	0.0
0.057274724843158833	0.012728604455530059	1.0837996967358297e-05	0.0024794890628835413	99.92750634364145	0.0
0.13718701236539613	0.010014231241876878	1.0938612877456907e-05	0.0031164549680398443	99.84967136281182	0.0
0.2098475191103835	0.011451707433451915	1.2684545613465853e-05	0.003882145057356751	99.77480594385318	0.0
0.30192781476637404	0.11181468761145051	3.097568397056101e-05	0.008082061705830302	99.57814446023237	0.0
0.13934747542553208	0.013758642973469884	3.834950546609863e-06	0.0018788458019858005	99.84501120084846	0.0
0.3348133871673923	0.040428621235489924	2.2020457332433102e-05	0.016135623852312903	99.60860034728748	0.0
0.12945541716622044	0.01599460710727888	9.243860601327716e-06	0.007274608333955102	99.84726612353192	0.0
0.15041301662506024	0.011821564103176837	0.00039288975905374726	0.00669758300296297	99.83067494650976	0.0
0.10367982000928745	0.017432072014770185	0.0007605932862975873	0.007130003907944946	99.8709975107817	0.0
0.23243300922759272	0.016870982012989037	0.00035749231830616625	0.009635551467418683	99.74070296497368	0.0
0.1765176909767794	0.03771369698966269	0.0005988422666434068	0.015773728528275247	99.76939604123864	0.0
0.148071603374619	0.01915192399030238	3.5156475538928103e-06	0.009672432619155407	99.82310052436837	0.0
0.32055802882388695	0.021491701040364537	0.00024208376234364612	0.011991942175833955	99.64571624419757	0.0
0.4525431306057984	0.020789743164933604	0.00022873517067470707	0.010235275742610904	99.51620311531597	0.0
9.819229876628393	0.1226018297860023	0.0010174220586555078	0.05319550729894215	90.00395536422799	0.0
69.17517804654668	2.913990305917361	0.0004918620622106353	0.2263255028347872	27.684014282638962	1.0
68.63792629253052	9.209834280409824	0.00027605574239563584	0.47348229244966594	21.678481078867577	1.0
47.86469916480676	27.941868256284767	0.01033677665252349	0.728736491761091	23.454359310494848	1.0
43.017427607537876	32.53798214722465	0.0036696136302494086	1.3873418735911942	23.05357875801602	1.0
51.06459866252786	32.70656769802322	0.0013039757834358674	0.8125613566452228	15.414968307020265	1.0
46.19771351661993	31.324365176207507	0.003018104897089165	1.6061472829825136	20.868755919292976	1.0
27.308171654659525	57.00812469611749	0.009445184784584377	1.4872674207979228	14.186991043640482	2.0
12.216698481410507	79.40936704668633	0.5645401224701472	0.285502655674557	7.523891693758454	2.0
49.83234867521717	37.178744747749796	0.023608821005422703	0.22935051442039595	12.735947241607212	1.0
17.267071644168063	75.77738822424287	0.08285082772426047	0.09100905201231836	6.781680251852482	2.0
34.90936198966365	57.49692956500492	0.008035817594425336	0.08087751967327753	7.504795108063704	2.0
9.598645178589246	86.48437524816886	0.09050717233665417	0.08762738507907605	3.7388450158261763	2.0
12.684577566035152	73.4901653989428	2.362633175754503	0.35107865588860027	11.111545203378938	2.0
21.49376694298497	72.58603196676981	0.11007763183487479	0.2867533389138378	5.52337011949652	2.0
19.59589765962849	73.49197977477351	0.18476734740478015	0.4434642630138691	6.2838909551793405	2.0
3.891994046881368	84.6619422933168	1.5043722205079335	2.0478602763603826	7.8938311629335125	2.0
8.508188539044474	79.31962919527493	0.27600515148141014	3.053827154838231	8.842349959360957	2.0
8.540588546033089	77.91335846150596	0.07467630164891342	1.5718589228850097	11.899517767927012	2.0
29.699206884703287	54.54447659955801	0.1115527673063142	2.239725647818951	13.405038100613437	2.0
28.284420051370567	63.0422008428632	0.09535596945086533	2.209375831839756	6.368647304475609	2.0
22.870833106160227	65.3623561589532	0.13502364515380946	2.0649594362152546	9.566827653517509	2.0
35.14031900303596	53.00650182586133	0.07554859814864755	1.9178245245080197	9.859806048446032	2.0
1.4616895930881064	0.42416541655260026	0.0005164845568498037	0.08099868245948041	98.03262982334296	0.0
75.67839866410483	14.681884109243745	0.0005547083097231557	0.559072449488172	9.080090068853531	1.0
40.28969368886826	55.611971518312345	0.005235892784968855	0.4330178908742164	3.66008100916021	2.0
46.758822916035854	48.775046587890614	0.022869524535340375	0.24086390433192265	4.202397067206279	2.0
24.81195017028662	71.38173171868019	0.03434368479366205	0.3594148780050166	3.412559548234509	2.0
22.739459743978482	67.3490947281101	0.1272665187909095	0.558843382099292	9.225335627021206	2.0
9.549899967764572	72.76845449762762	2.2414676820921553	1.1466609547086444	14.29351689780702	2.0
2.3126899219751205	1.171703566544354	0.013403127815162535	0.043437287900487044	96.45876609576487	0.0
37.344746944190284	56.4494789636559	0.055754236912555405	0.30956861365315586	5.840451241588103	2.0
40.79233511527934	45.97787221520187	0.011829898780330068	0.18703243164438602	13.030930339094072	2.0
44.46351832439143	52.015468730038094	0.03411905964698921	0.0999697885383769	3.386924097385133	2.0
13.71256168363392	81.7811050890435	0.13014010054241404	0.24384863492491288	4.132344491855244	2.0
10.942654105615981	81.1924769052189	0.2617539398496721	0.16046122062786639	7.442653828687601	2.0
12.14969937099119	79.27049720707339	0.4577339123893104	0.2814767160553174	7.84059279349079	2.0
16.78572920235166	74.81793380631785	0.7233950902993033	0.2691607062110375	7.403781194820149	2.0
8.463395458649318	82.8837461657353	1.9807652712539612	0.22573052086321171	6.44636258349822	2.0
5.3143140144747285	89.65803941932153	1.0841346070252713	0.5212088534547145	3.4223031057237634	2.0
7.531828807543454	43.40401723320863	33.01497730398509	0.4631321441829388	15.58604451107988	2.0
7.828817720170256	32.91191374890834	50.34668667303275	0.657426371573496	8.255155486315154	3.0
7.140348598891818	32.53691763915551	51.51482764819628	0.6010384382207694	8.206867675535609	3.0
7.252616806699475	28.17034864333244	58.09240844307987	0.6308776408272572	5.853748466060963	3.0
8.411993668561651	41.701304794012806	42.31367320427466	0.44642847049172374	7.12659986265915	3.0
11.947953557150747	31.239671713948	50.95052746154569	0.28111294011053534	5.580734327245032	3.0
11.864958152895804	19.911858112105378	60.96623004136211	0.5921632313343783	6.664790462302333	3.0
7.91453859141661	36.070044762428964	48.382895281618055	0.7721415997772916	6.860379764759082	3.0
5.940306609318173	35.78374935259017	50.28431552833376	0.47804933262495397	7.513579177132939	3.0
4.548150329380467	23.52384941572547	54.01994984059627	0.2131756617397187	17.694874752558082	3.0
0.9689860502939885	17.23621619419702	76.00521393246555	0.13567728883926763	5.653906534204159	3.0
1.406376538869962	13.81688922314396	74.7751735841702	0.14869440473488327	9.852866249080986	3.0
9.17956388567815	30.99265500844383	37.069497896486894	0.43853573024342307	22.3197474791477	3.0
5.432587914881105	22.16936965585163	59.19305185821667	1.1242059528943462	12.080784618156244	3.0
8.022601667838481	41.6148797449876	1.3769254968542404	0.3658764929599135	48.61971659735976	0.0
8.458885746408185	31.931290572323483	17.055129397741737	0.154573310703167	42.40012097282342	0.0
11.796583459461987	8.558764366638766	0.11157836525936074	0.5055364187461598	79.02753738989374	0.0
27.517329471232543	50.035858255067424	1.095579653960055	0.7518768623393717	20.599355757400613	2.0
46.967467077091115	49.49022606974244	0.08965523510260213	0.2263218551933789	3.226329762870464	2.0
19.497239615101805	70.09051393805206	0.4056263180626228	0.39821057643921665	9.608409552344312	2.0
41.15428200691932	54.71874268292588	0.08048067807487201	0.3903546242052587	3.656140007874663	2.0
3.814985784437698	92.56254116786965	0.5859091137027314	0.7110196227632581	2.325544311226651	2.0
4.9230816795775025	84.6396649295302	4.98945954015723	0.6104313586390767	4.837362492096001	2.0
4.171587885421035	74.48951702076015	13.766929430042099	0.6702726774383706	6.9016929863383485	2.0
2.7729813129211704	59.87834457244121	30.213806021289997	0.8812024361810376	6.253665657166583	2.0
1.9724943993507074	59.74900568129843	31.1990402447837	1.6503654572805555	5.4290942172866	2.0
4.7307884755242755	42.857579630680995	40.59806085114766	2.4051069935259575	9.408464049121095	2.0
2.3842377893133917	35.67258801816113	53.88485286955738	1.8221933314972307	6.236127991470877	3.0
1.3942739321711461	29.77249094123148	58.99516990760021	0.7622361770112229	9.075829041985944	3.0
2.5035161803605135	17.784570658779668	73.09187359431414	0.6115880491875161	6.008451517358179	3.0
2.4767670621157367	15.586276360633281	77.9840583162979	0.9282868519211759	3.024611409031899	3.0
11.391246233689573	34.932813479981434	40.758693246284565	1.007219132290962	11.910027907753454	3.0
1.1179819029395177	12.322740482545914	73.98977130209754	1.1439492696170748	11.425557042799955	3.0
1.9352902641884988	17.802006739266226	63.93652793675075	2.019148738631232	14.307026321163274	3.0
3.812896124258259	28.247993916373666	35.74924712121636	0.8612776363007526	31.328585201850977	3.0
22.991099694052313	30.288460185742238	1.298189833527888	0.646400963251885	44.775849323425675	0.0
0.5285353381854252	0.2210441711582857	0.0024460005569381	0.016037601032944708	99.2319368890664	0.0
3.7926520303493314	0.593063381019689	0.00040787607543309125	0.057878349050140165	95.55599836350541	0.0
0.6393431701080479	0.16211805994758136	0.0001730677000925615	0.016240303378641557	99.18212539886564	0.0
41.64394347288397	9.51556175747778	0.0013998724127991889	0.2082496330342504	48.63084526419119	0.0
34.38201731421791	42.000448102007944	0.005303049900167587	0.5618199078551966	23.05041162601879	2.0
35.33435355684021	37.81808525917184	0.009868154653189538	0.7435124704470919	26.094180558887654	2.0
14.488437949064705	48.39459588729234	0.41176803749174073	1.6392564720281444	35.06594165412308	2.0
15.779751393476937	51.48170622390096	0.06003776391981322	1.8834542878153429	30.79505033088694	2.0
28.72025769519174	37.54507287703174	0.0067082441230011045	2.465104705440777	31.26285647821273	2.0
23.97725514532934	54.03388635728009	0.017027725134028015	0.13310731559408523	21.838723456662454	2.0
20.3887021858074	66.85261559403682	0.02160550008668718	0.12380797926638669	12.613268740802694	2.0
12.397112301143036	72.76891282001269	0.014341870368639542	0.20582100542693738	14.613812003048684	2.0
9.135064555306199	9.37694270621246	0.010142822002326059	0.00275252551882818	81.4750973909602	0.0
0.21490607042462506	0.14871450867760772	0.00022279034209542347	0.0008808781146730434	99.63527575244099	0.0
0.8578417433143171	0.11231800382751074	2.8182269403177676e-05	0.0003510309957402139	99.02946103959303	0.0
1.0460411167402277	0.05228066457011656	2.3980208039410833e-05	0.00030154951022441943	98.90135268897139	0.0
0.3792215939139757	0.048175572357993884	1.4620897345852007e-05	0.0013048052865498637	99.57128340754413	0.0
0.23186925324786095	0.022675859158566354	0.0001467935939745273	0.002729784631036335	99.74257830936855	0.0
0.28617119412315034	0.04032310147295641	8.030146238063896e-06	0.019948046085786025	99.65354962817187	0.0
6.8494744970589565	0.6613682261491455	9.738169438569899e-05	0.22034668092705237	92.26871321417045	0.0
26.537895730036208	2.4465943640447474	0.0012461040661197816	0.7650725547938139	70.2491912470591	0.0
63.51922435012535	20.924198997333754	0.005548555577025438	1.259919063817158	14.291109033146718	1.0
54.71707174469069	35.87866939352432	0.03729550510941079	3.9241116802525204	5.442851676423053	1.0
21.22100331430347	73.6799999316423	0.055642950176309776	0.4339412355531991	4.6094125683247285	2.0
24.23726547530314	71.68314130204266	0.2132158079517297	1.0230426932231342	2.8433347214793625	2.0
3.363700943772697	93.65223511982941	0.39146764216167657	0.6978509475165587	1.894745346719661	2.0
5.91589404724192	89.57832254623386	0.11719616480106088	1.6670265585572577	2.7215606831658965	2.0
1.4922529663057935	88.9551653150966	2.5184502558095807	1.4535395602832042	5.580591902504813	2.0
1.925638986326724	92.10189585434098	0.7727493420593883	2.665901979541609	2.533813837731304	2.0
4.88892928956557	85.78272367285791	0.34389254093961263	4.957567544930511	4.026886951706424	2.0
1.576523044163463	86.06953535272301	2.3462262105798026	5.759265963023985	4.248449429509752	2.0
9.926511787141393	75.74528225559641	0.13095976450626198	9.718373207106847	4.4788729856490885	2.0
2.2944134052932363	86.88952271218693	0.21679475817093255	6.507588258463204	4.091680865885692	2.0
0.8957274776150101	87.08710276643889	3.096265976975228	6.211236181972272	2.7096675969985924	2.0
2.4539785175140945	77.49977792772778	0.7172537964721786	16.416826907311908	2.9121628509740436	2.0
2.0728162635357372	70.58963958558225	1.9674507848153615	11.302996263991886	14.067097102074769	2.0
1.2554913277260347	43.44949029370578	20.671637565138287	13.968240892080436	20.65513992134946	2.0
1.2931299629925805	52.81485054625491	22.61873273756074	16.139884311046977	7.133402442144794	2.0
1.1483808876949806	27.826097451667774	35.73172401877843	20.397182041358793	14.896615600500033	3.0
2.3065547904012806	64.85234987695299	8.007691878329034	16.351047051013822	8.482356403302875	2.0
1.695546938519538	34.668623828693626	46.54637867824287	11.319006198339771	5.7704443562041785	3.0
1.606936394824319	34.849754906172876	40.66193230392284	13.226803843984737	9.65457255109522	3.0
1.530585279510013	41.81031646047629	42.70313415173237	8.501810620217775	5.454153488063564	3.0
1.6704853661063495	39.59541139612789	42.03606315532461	10.17069286610151	6.527347216339631	3.0
2.711735333700576	26.85222254426759	49.61492255387821	5.401563605735357	15.419555962418269	3.0
1.9585951489819866	23.54645636317645	33.48570811625272	9.972138695174733	31.037101676414107	3.0
3.982948819681568	22.795811076488963	25.239043358530438	21.80378025971424	26.178416485584783	0.0
2.5954573799850174	23.357094252224616	39.179301512266804	17.33919844517801	17.528948410345542	3.0
0.7429749525751147	13.147979661786074	76.0608273514919	4.185861180012707	5.862356854134198	3.0
1.7593342290902685	17.78993845645058	64.29703413101122	4.304466515170413	11.849226668277515	3.0
2.2533608702323518	18.18169544881599	58.63410986993999	5.241985367493807	15.688848443517855	3.0
3.4421607061204282	26.496147618110033	40.720525686627	9.755280726526431	19.585885262616117	3.0
1.7790601171010008	33.52057663395196	46.42337071596777	7.389399856933605	10.887592676045667	3.0
2.0442625222062554	11.33743080960657	73.10260642177539	4.8862519441108	8.629448302300988	3.0
0.7419566025483965	13.096816441264975	74.9695377950184	2.6713110919434087	8.520378069224803	3.0
1.2216903124687686	17.50457659643992	59.10334012531708	2.0691355082229688	20.10125745755125	3.0
1.162030777311521	17.48909871021032	56.993606084176285	1.809132605378174	22.546131822923694	3.0
3.635080004965042	20.18099003204258	42.478429813484375	1.2940491830418368	32.41145096646617	3.0
2.1688459434115437	12.54186574536491	69.0516506085778	0.44383805817696703	15.79379964446878	3.0
1.927409236433755	20.280975276748634	72.21059478271327	0.3635706541403919	5.217450049963961	3.0
2.5078937670325296	20.020251256539193	70.77106173296653	0.5567573562396448	6.144035887222108	3.0
3.12807809941888	19.97445194856636	67.13425094784981	0.8365407978174729	8.926678206347493	3.0
4.4076737530765095	27.386913704983257	57.22744110086207	0.32365908819098055	10.654312352887183	3.0
0.6797896968550593	11.456821335794269	81.86207626109207	0.13728964135821528	5.864023064900383	3.0
1.2408519272854701	17.229697180377276	71.97817709511682	0.29060265556042936	9.260671141660014	3.0
1.87026300442572	29.405494571528422	56.60644729054657	0.4772344178688121	11.640560715630475	3.0
4.319447670347146	15.280573961854444	69.2264371236883	0.39187768864943473	10.78166355546068	3.0
3.186229129422544	23.426348291129116	63.97803265326938	1.2050748957502115	8.204315030428745	3.0
1.9926287480793121	52.989006002670216	38.60263710152484	0.8434999475325845	5.572228200193038	2.0
4.170303398654138	19.562802624391935	69.32152512011807	1.0259737369160653	5.919395119919787	3.0
1.9599232989900226	62.14775101478979	29.060702146461477	2.2242574145328855	4.607366125225828	2.0
3.935828049716893	24.57876675295062	63.49256614280235	2.5202582331614076	5.47258082136873	3.0
4.104102423535299	33.35342109175378	55.85628305906025	2.039956141527818	4.6462372841228525	3.0
2.1935142340785565	18.542355227278104	70.76659503698555	3.010645422060916	5.4868900795968765	3.0
4.4044370771064045	38.7028339763058	43.88990422935799	4.996933214191128	8.005891503038683	3.0
1.6281370838218547	34.597771849411366	57.19792430055284	1.5927431300367612	4.983423636177206	3.0
1.7913958912011272	21.316940787708706	60.46011677074953	1.8766052228894343	14.554941327451216	3.0
4.915089230848434	22.47423683881528	62.80911121286393	1.4085604224267336	8.393002295045628	3.0
5.444801864966265	17.463493810729094	64.1744189114947	1.3255353510403713	11.59175006176956	3.0
13.680358001846384	22.819995452341228	50.127554792852166	1.9410124657597467	11.43107928720048	3.0
11.34207031237401	17.518090977260226	52.929346044985635	1.6698439157244054	16.540648749655713	3.0
7.935551919805165	17.495955501999923	54.679205616786284	1.5102201665073234	18.37906679490131	3.0
9.775687467532517	18.797614614240832	47.30874330870727	3.1305976691789925	20.9873569403404	3.0
3.79103947437421	15.318022309472411	62.354516663734316	1.2157450361806856	17.320676516238372	3.0
6.990136630103649	22.32017922844212	50.56516945046952	4.465598206893366	15.658916484091346	3.0
9.457068176913454	15.043288909714445	43.816235447983345	6.694140115465837	24.989267349922923	3.0
9.454613946830339	26.796716719136306	34.926784680542085	4.845601279636588	23.976283373854688	3.0
5.883487348506898	18.107243284347955	55.67222670311055	5.165848477376166	15.171194186658433	3.0
10.082816805981915	14.394371342599221	58.416246601558	2.4732181655229315	14.633347084337931	3.0
14.643954316441288	30.955956972958703	33.67613235179696	3.939412556096051	16.784543802707013	3.0
4.56748182766324	19.021825264138947	67.80163104314433	2.1681202412871947	6.440941623766305	3.0
5.270104053912437	22.492157210951493	59.20219654882746	1.4629141208081815	11.572628065500433	3.0
6.815903815009669	23.523663734327773	58.36894853991097	0.9374798515599134	10.354004059191666	3.0
5.483914356580264	18.70606128925858	68.7528589804789	1.3740678236881918	5.683097549994056	3.0
1.2383403571376403	5.450699573545066	91.43537451013361	0.21471844096761675	1.6608671182160684	3.0
7.834415273371629	34.219716558822924	48.106358835109134	0.779453186022423	9.060056146673892	3.0
3.915697882698072	22.070829143818063	58.37383404872447	0.36492445341418295	15.274714471345217	3.0
7.863347694050408	30.98070442185989	52.315612585122906	1.1203227155670297	7.720012583399773	3.0
6.762246220368954	39.832972159881336	46.17165211348835	0.5101134824115436	6.72301602384982	3.0
2.6824778823158733	22.873706613973855	69.49263745170813	0.8860756481957586	4.065102403806393	3.0
1.9361957148884124	22.84840538889144	71.91169127803843	0.3404774522594768	2.9632301659222318	3.0
5.866642223963769	17.477873691889577	72.0616308138189	0.8422165059218232	3.751636764405939	3.0
0.5227605985720337	8.828519052578372	87.8640931475112	0.2532467652963135	2.5313804360420957	3.0
1.2831635879948855	10.231436193501093	86.01174266214585	0.2878605622469982	2.1857969941111675	3.0
1.6931565716759454	17.3047542244889	77.01993584102671	0.7760153699353651	3.206137992873074	3.0
3.1477941148323905	15.099821952567336	78.43556842174989	0.5488634749612331	2.7679520358891554	3.0
2.525220423742736	23.5520777107813	70.1567355241688	0.8616128178332862	2.904353523473879	3.0
1.322581083305288	18.57259476837423	77.15138026005194	0.4835873228229071	2.469856565445647	3.0
5.675185493621793	23.434631831978102	60.718761094079575	1.21566290594656	8.955758674373952	3.0
5.447869785890593	29.595333610786746	53.88611480759494	1.0566889577542082	10.01399283797352	3.0
3.3664625030425284	34.17717924274615	49.003547382819576	2.6060936198502525	10.8467172515415	3.0
7.829630821314798	41.39358083495201	39.14316678596016	5.789519210718982	5.844102347054055	2.0
3.2573145020172305	44.21167184705301	41.66484232291068	3.1014171285672263	7.764754199451874	2.0
3.254090801106875	17.2620628077188	53.58808339871493	3.455819071311192	22.439943921148206	3.0
2.4443371542377257	24.472506913227594	60.67410221314962	3.2654974365385026	9.143556282846568	3.0
5.153230835791071	35.74205343216874	32.58735670569789	18.2165628987529	8.300796127589393	2.0
4.804613103024128	32.00926725108341	24.97355186865287	25.132377708701835	13.080190068537773	2.0
3.6370296948153094	32.06820823633725	23.13692430708837	12.55161018965483	28.60622757210423	2.0
4.023681989621052	42.832405728963174	26.766680020077775	15.857529859538385	10.51970240179962	2.0
58.66061997635795	4.206252776195537	0.34244538571291994	4.132972194116151	32.65770966761743	1.0
40.8710277581342	21.670398249228732	1.4045167139851114	0.27292148513808373	35.781135793513876	1.0
47.720927579394626	36.9684642172755	2.432843579545749	0.6648986772073276	12.212865946576803	1.0
14.969094625111401	71.37730436480935	0.09620852987207379	0.4172585780664065	13.14013390214076	2.0
45.38498862630279	38.58756291554363	0.14524678002585306	0.9582514698182809	14.92395020830945	1.0
4.341402697351845	87.13544096790275	0.8540177248801671	0.7196716231470757	6.949466986718154	2.0
34.32902110268608	50.959404821767166	0.024942495046995306	2.1657990405224727	12.520832539977288	2.0
16.68111057145163	15.31368768085504	0.04079803622705851	0.5253878862566276	67.43901582520965	0.0
38.9508040886454	51.06066630296533	0.032565186828102825	0.7828278915838353	9.173136529977349	2.0
23.886416000578485	47.94442051136854	0.003659939706809599	0.2582139897821533	27.90728955856402	2.0
21.567924690505542	75.02172764511957	0.022815995610648312	0.16875711344704108	3.2187745553172027	2.0
59.254153367774784	36.190060312232994	0.034230921912050676	0.3701378371592363	4.151417560920952	1.0
8.0203635336986	87.31818375040402	0.4856469455042836	0.18582036390023235	3.9899854064928824	2.0
7.240398181947056	90.38603830062283	0.10691778083393318	0.13710059459590535	2.129545142000271	2.0
3.2614903103487913	90.11557737268825	4.4357591302748185	0.11737380019179547	2.069799386496369	2.0
16.23577541039647	81.77722514647098	0.11782062972485709	0.23704853224632522	1.6321302811613765	2.0
3.919829970398002	93.88606792094862	0.0574965204887067	0.8359622677199557	1.300643320444712	2.0
16.29217846748369	71.83142221868837	0.03713156846502916	9.425081474290945	2.4141862710719852	2.0
11.226286066356822	54.493915147589924	0.021444663579784067	29.506071595630623	4.752282526842841	2.0
5.778696592917046	44.22529759273976	0.02116365530590316	47.66625189903094	2.3085902600063632	4.0
8.565292101131798	12.317692333837453	0.0015913396575354191	74.48723461668052	4.628189608692679	4.0
6.786028321354371	13.789175280947294	0.00031721943519725637	78.27837408327689	1.146105094986245	4.0
2.979275431987705	17.820238632508946	0.008793662880951531	78.7735720691039	0.418120203518496	4.0
3.904372787912907	2.1493035487298293	4.1129070162935424e-05	90.74612836753295	3.200154166754153	4.0
5.613756843787927	3.005439246950949	0.001637564473901755	89.4546677403627	1.924498604424529	4.0
2.8261684558067626	1.935313950813139	0.0028179918641918276	94.13345725152699	1.1022423499889087	4.0
4.901598887984504	4.098282421008477	0.0005893222492863017	89.63475775147093	1.3647716172867868	4.0
4.358745785318097	3.3448447632479312	0.0028974554156654545	91.62007194361297	0.6734400524053333	4.0
3.725040132623034	2.3149674476671347	0.002204727895879717	92.56376297778343	1.3940247140305289	4.0
7.835792062669693	3.780582000580459	0.005187254750662591	85.1198824058242	3.258556276174982	4.0
3.8911755872183753	2.4888559075735848	0.0010965264290590678	88.2865152272498	5.332356751529184	4.0
7.376111905589501	2.0241281314806483	0.0009439392674258866	89.90579091779423	0.693025105868189	4.0
7.3585279068331415	9.443459643866797	0.0008925098772767536	82.56887836540983	0.6282415740129508	4.0
7.934766934621866	5.81285389444028	0.0008028613211839437	84.88790581226651	1.363670497350166	4.0
7.724686529598943	11.398008970801769	0.0018077344911225483	79.28684657435566	1.5886501907525088	4.0
8.884111270692467	8.157523627241549	0.0006133496454483305	80.79697501524677	2.160776737173765	4.0
7.9261696005201445	3.8759748856158667	0.0006795191221570541	87.56663210277425	0.630543891967564	4.0
13.278743695140506	9.877634952129064	0.0012122642045016042	74.82041983194343	2.0219892565825	4.0
9.541911122364565	3.6270991478148757	0.0005243303247134359	85.98169725683347	0.8487681426623683	4.0
13.055345448315157	4.446513733430471	0.0010895518157058531	80.19468428288063	2.302366983558032	4.0
17.822089346910758	5.32533812515901	0.000991885147093005	72.0314532107933	4.820127431989825	4.0
19.145469473618387	4.890789297358262	0.0008130151979582119	73.00194312629215	2.96098508753325	4.0
26.596138367214582	15.221904406197797	0.0021681316263093774	54.780437493656564	3.3993516013047524	4.0
27.03181411845984	18.412891126868477	0.0016570649576407364	52.110246629314986	2.4433910603990574	4.0
12.380535606337315	8.33321618171336	0.006042132431797879	77.52784428271327	1.7523617968042489	4.0
9.66815368484251	9.852214060283679	0.0063673987730508246	78.78008625252352	1.693178603577229	4.0
15.70344195646069	7.878183550811094	0.01607415722516931	72.76422517694974	3.638075158553318	4.0
11.327064976731016	9.475074553005017	0.0018275249219555194	77.79828392571456	1.3977490196274625	4.0
9.365138105566356	13.922579037024576	0.003944116767391481	74.62231944548022	2.086019295161473	4.0
14.69183802630403	19.55637969098228	0.0006331021439228507	62.78305272915651	2.968096451413261	4.0
11.222488370630519	14.498286900297233	0.0011141062785990394	72.41473329527966	1.8633773275139942	4.0
17.862081060151535	17.2608628789284	0.001701659738510949	60.03928979132396	4.836064609857593	4.0
26.230638332895857	12.391598059003472	0.0015403789674650478	59.331791511102836	2.0444317180303577	4.0
23.46269159740916	5.248606975594899	0.0037055583482035388	68.90502772457393	2.3799681440738234	4.0
8.267056572948055	3.124469720068145	0.00032094918358979187	85.77342109955941	2.8347316582408086	4.0
6.167346868812132	3.187724864191933	8.112354016647e-05	89.6130190959933	1.0318280474624761	4.0
5.041365510689692	6.39367398915266	0.00043283250204817654	87.86259679781587	0.7019308698397364	4.0
4.837556059971113	3.01987519119965	0.00045877264627589194	90.772276985725	1.3698329904579594	4.0
2.4751892207399746	2.2190612013830253	0.000486244957474402	94.73627735957764	0.5689859733418832	4.0
2.0085890392344714	4.792821180808138	0.0005380463829704399	91.27301931840786	1.925032415166569	4.0
17.54686883999643	19.99697160385231	0.0018357340312828156	55.3577113279143	7.0966124942056705	4.0
15.222746972760163	46.26038405221172	0.005221304571154035	36.85547022674439	1.6561774437125798	2.0
12.660896587083407	62.413323910467625	0.016064887268995062	24.158070315958724	0.751644299221269	2.0
6.721122495363534	68.44863817044951	0.016052650169981773	24.063365995190892	0.7508206888260901	2.0
17.05782716720025	29.551660698558806	0.004997230499177984	41.75454743446522	11.63096746927654	4.0
3.487466313603988	74.11248799301832	0.009950910441296186	21.531697956891673	0.8583968260447297	2.0
3.2925732095688747	83.87505532963917	0.009239823737532255	12.13154360288058	0.691588034173858	2.0
3.961519794724186	83.59800587436264	0.028334768485220416	11.40264144771595	1.0094981147119766	2.0
3.1542428110487264	76.99091315158941	0.02066868475685127	19.386046834990555	0.4481285176144526	2.0
2.155057584673777	89.38172000978051	0.026653189199372467	8.049305818470348	0.38726339787600245	2.0
3.485054123186554	87.2796438480351	0.16744164150911983	8.710355520673975	0.35750486659525543	2.0
3.8800072761055975	84.76294581198813	0.08791735228433195	9.742939421399512	1.5261901382224303	2.0
1.5324652804216898	89.98128143740955	0.21563834803307774	7.4490055271087705	0.8216094070269097	2.0
7.516566105284343	74.6193584951726	0.16164092187877463	5.503432497646213	12.19900198001808	2.0
0.5710357769121442	0.3273369758683913	0.0004468442972533745	0.03564136418924526	99.06553903873296	0.0
6.2029906207764185	1.6862642494732645	0.0014215149265460634	1.0931076361141616	91.01621597870961	0.0
38.79192623344231	10.656711928809855	0.0015017308652516582	1.6075654548524907	48.942294652030085	0.0
49.82189111436951	20.29470230276404	0.008423524516320289	1.8558497721836487	28.019133286166475	1.0
32.713368294875046	44.63710638873321	0.014585423781183953	1.5402739164185797	21.094665976191994	2.0
26.185860126154875	47.87229847171873	0.012267427701470077	1.0927093112754673	24.83686466314947	2.0
20.054254708458032	42.14606918823106	0.016918607868508663	0.5078556566435549	37.27490183879884	2.0
3.2819651509986154	8.111134548281667	0.003065113137040117	0.07030490040776556	88.5335302871749	0.0
0.5493285375403151	0.3215984189351411	0.0014090321598967275	0.0142925232053343	99.11337148815932	0.0
2.42353170443048	0.15103787270108088	8.034520780902993e-05	0.021862939277880734	97.40348713838274	0.0
0.6137896334683393	0.08192508848697194	2.7662944338265026e-05	0.016466577104005474	99.28779103799633	0.0
0.365139746989671	0.06758590647065696	0.0005358152748429699	0.012438413713661356	99.55430011755118	0.0
0.1245085295878242	0.03947622962567299	0.002520230114906551	0.02819190234967829	99.80530310832192	0.0
0.32249697094389485	0.10357157806117333	0.010157349872434883	0.05350058441313887	99.51027351670936	0.0
1.7641838408187251	0.41077476070501073	0.04042850910057379	0.36652096120312916	97.41809192817256	0.0
0.08800870107978045	0.029144584686150277	0.0029036594548564375	0.0222734270349255	99.85766962774427	0.0
0.11165980394483908	0.03874305873284514	0.000140793254412071	0.017841341323615804	99.8316150027443	0.0
0.10269991841735447	0.03902421605205555	0.00017744822218171782	0.01925222653640415	99.83884619077202	0.0
0.15945342500691348	0.085783036522104	0.0004538179260934435	0.055329635596647546	99.69898008494825	0.0
0.08257494886903678	0.018705781678100414	3.9364989020591205e-05	0.0031962789789257897	99.8954836254849	0.0
0.10430840824133078	0.024520477315221917	4.7700574068633715e-05	0.005075357130242205	99.86604805673913	0.0
0.13242246415364448	0.021806416240348684	5.0281079562095995e-05	0.004188293364325156	99.84153254516212	0.0
0.11958561077657541	0.016943683599084665	6.858972970441986e-05	0.009469671030296892	99.85393244486434	0.0
0.10808695308784227	0.024929120496321296	8.579421863988957e-05	0.011557790358322216	99.85534034183888	0.0
0.0785750520848603	0.028543863700383275	6.103375681694082e-05	0.00577170161928282	99.88704834883868	0.0
0.10982526787218488	0.034918218610660495	6.311130512543478e-05	0.0069290022472154895	99.84826439996482	0.0
0.08629854319504936	0.053099109188066006	4.059421024655535e-05	0.012106066866656813	99.84845568653998	0.0
0.11154626647238378	0.04353617163868762	0.0002655931862346654	0.01539370439139687	99.8292582643113	0.0
0.5379078147929349	0.10948274682739709	5.797927042050901e-05	0.03873702934788668	99.31381442976135	0.0
0.16056808259429844	0.039688420665049136	2.7917265633187664e-05	0.012699107771759501	99.78701647170325	0.0
4.373971668658748	0.7091359199257553	0.00029415092769714655	0.3059083045285442	94.61068995595924	0.0
47.60764784053739	12.955293735371617	0.003803273322396049	2.589301461269939	36.84395368949864	1.0
29.0547228118448	61.17559734159318	0.0013850566506217307	2.1175775475219636	7.6507172423894225	2.0
15.997496198051916	78.8406125489985	0.006351863190977289	2.0961301488147552	3.059409240943852	2.0
18.017649721663766	74.69636775854467	0.021772891015567508	4.440940178806858	2.823269449969153	2.0
23.743625683573562	62.68798864737156	0.04609333158296142	10.96910654148858	2.5531857959833455	2.0
3.8879792042953594	93.42542524257338	0.3300957341239778	0.9871820645649523	1.3693177544423059	2.0
8.111459340607446	86.05303710082362	0.0399901974176097	4.744051945073885	1.0514614160774443	2.0
3.9858352524925116	92.97306108004155	0.05520216257327794	2.356972663949821	0.6289288409428311	2.0
6.170330889225294	91.76881616107319	0.05342797629134039	1.0573303993249186	0.9500945740852542	2.0
3.8141579790576934	94.49246485056688	0.05002505697476288	1.2182582317328128	0.4250938816678751	2.0
5.391661516370575	89.97585111104533	0.041844707420455	4.173879601104764	0.4167630640588797	2.0
4.679831731904114	91.09959884864773	0.1971747310309257	3.212731186097775	0.8106635023194579	2.0
3.126157968220606	95.07085112948992	0.05047906078712456	1.2596255883284473	0.4928862531739015	2.0
1.4737755897144476	96.97000635270722	0.07079346616021576	0.9082786590594324	0.5771459323586837	2.0
1.714906318811967	96.92447243541693	0.030635652280271895	1.04523255149812	0.2847530419927109	2.0
1.390666879963	97.07658672110688	0.14670679450464083	0.72063035470807	0.6654092497174094	2.0
2.699176826869924	95.12869782524264	0.014088048126536926	1.027686637081052	1.1303506626798427	2.0
0.5862258394045845	98.87461534965927	0.13635827661076552	0.16817969481825487	0.2346208395071416	2.0
0.59259602538271	98.40939281756987	0.37635045106162035	0.34764726525443146	0.2740134407313685	2.0
3.7883960908786922	95.12470351890386	0.12024332049286636	0.10419132475882552	0.8624657449657249	2.0
1.852662818123273	97.00218823450896	0.47622806403985846	0.10351988032952962	0.5654010029983606	2.0
3.3606930734240805	94.55050878213103	0.9915098743518672	0.12493264616711432	0.9723556239258836	2.0
2.1283984990700393	96.93992833448188	0.2679299444995524	0.2008375172007628	0.46290570474776294	2.0
1.3807341853034152	97.68477348361824	0.08900282410687117	0.43023798196303575	0.4152515250084509	2.0
2.1220532952844424	96.57396860294945	0.3081974655649322	0.3092827408130488	0.6864978953881328	2.0
2.029058412783856	96.48872032481177	0.2875204440007004	0.41533773637086374	0.7793630820327996	2.0
1.7881579640573808	96.89028632048789	0.34196474400935667	0.2948702053355963	0.6847207661098036	2.0
2.6811072675390797	94.81549848169138	0.9387769025655788	0.5362825060730663	1.0283348421309055	2.0
3.704764754728222	94.57722253248376	0.2102220185546416	0.4953375989208847	1.0124530953124968	2.0
1.1395168834524279	94.83215594197148	1.8502126198240936	0.3821171797255961	1.795997375026408	2.0
0.7024214942877987	97.79371931982193	0.4595874022297811	0.3678152623890862	0.6764565212713836	2.0
0.7372411398734329	96.31469077435082	1.0651670693530217	0.7937261565781555	1.0891748598445594	2.0
0.5857651198285861	96.91133904870021	0.9139418055206039	0.7551522043750911	0.8338018215754929	2.0
0.7982061908653924	96.06705030681809	1.6373626731162816	0.632229500949411	0.8651513282508336	2.0
1.9253329115577973	93.43493879978432	2.1143361792867004	0.9777188981203819	1.5476732112508107	2.0
1.8272070867161605	93.13534477474961	0.39052388320360015	3.2385975601190102	1.4083266952116376	2.0
3.2217343840305683	89.74288948331693	3.404013096367825	1.8837941678954635	1.7475688683892063	2.0
2.7769889637170664	93.63692024237926	0.29164223318322546	2.18238456523796	1.1120639954824947	2.0
1.6616851980439686	95.23170243456975	1.5843111594308883	0.9608487509989115	0.5614524569564893	2.0
0.861276446768447	95.91106211776568	1.2906328277659849	1.2297841968586358	0.7072444108412512	2.0
2.1896545506025484	79.37706394430218	13.02075662904432	2.5414584391550545	2.8710664368959185	2.0
2.6849330821405015	90.21776600030002	2.2080818028728397	2.999117100619863	1.8901020140667537	2.0
3.552217868475339	80.55462607981904	6.716802596605878	5.348351360697332	3.8280020944023976	2.0
2.811887247305401	91.0016963069472	1.748514667211961	2.3087768586134993	2.1291249199219386	2.0
1.0776644189050282	95.44000921222184	0.9523082451774609	1.4873696154905887	1.0426485082050758	2.0
4.648751361151267	86.38080596938381	2.318213867038765	5.21976660535196	1.4324621970741986	2.0
1.2589902818200838	83.63656856584109	6.942483935115372	6.183909287812456	1.9780479294110043	2.0
2.8750588527918777	83.2231966137195	2.2770418342924237	8.899518911822264	2.7251837873739286	2.0
1.487759872892248	67.30504917687226	19.97582211469311	9.191655899940105	2.039712935602294	2.0
1.359302769393692	85.7392117429964	4.994607230685866	6.18992007938201	1.7169581775420237	2.0
1.2142585943105986	80.19413053820841	10.796643358518411	5.832352935212148	1.9626145737504461	2.0
1.595651997685663	78.76904015834727	9.185551606705815	8.413644226528106	2.036112010733154	2.0
0.9246250510576842	65.2934306169445	28.162741309436473	3.0819896141248284	2.5372134084364935	2.0
1.3590082176380902	74.03882509242501	19.886780381850873	3.2540564578354942	1.461329850250546	2.0
2.024149614395444	85.35053317593943	8.24460366745477	2.9978018356937777	1.3829117065165886	2.0
1.7700265346804602	71.18166229640437	23.472209711043448	2.4807703317349596	1.0953311261367527	2.0
2.1948876928628973	79.00631340070709	12.353942944062398	3.6131957966836574	2.831660165683986	2.0
3.8321578296210745	64.84684913028366	22.871299799655933	5.405400213390914	3.0442930270484196	2.0
3.8437695757026322	57.37976696504743	35.22494085928327	1.1934141904586528	2.3581084095080205	2.0
2.033721314422974	60.303922491899	35.02505124157946	0.8591293109362719	1.778175641162302	2.0
2.926883615989242	58.9596830878355	33.3052266903804	1.2110987895503968	3.5971078162444674	2.0
2.1312550495277285	46.64899330398467	48.211945660524805	0.6283712267034635	2.3794347592593383	3.0
1.0456335495149383	10.949138905198849	86.51019708934606	0.29660814818718917	1.1984223077529745	3.0
3.290564381850152	26.996436314428223	66.94565176353755	0.9258965039508669	1.8414510362332017	3.0
5.0806516723595045	30.463717246262252	60.52107313121642	1.422001658571845	2.512556291589974	3.0
2.77303337198149	46.9762052503709	46.14937413852708	1.9149855185787383	2.1864017205417814	2.0
10.851941762820584	52.46406719303629	27.181111252283298	2.2466272062209933	7.256252585638828	2.0
53.12972354189696	29.354988434631895	1.3095845715928298	0.9817462182977965	15.223957233580524	1.0
15.842637137760054	79.64022346033423	0.14362652390519534	1.1194361369475938	3.2540767410529323	2.0
4.417591559550468	93.4622021293872	0.23564649967308346	0.397984007768035	1.4865758036212047	2.0
5.759181606887793	87.68241536732984	1.1851228196835144	0.49972546572049864	4.873554740378372	2.0
12.730536140301183	82.07468086351066	0.5989441395258029	0.41377810050476804	4.182060756157595	2.0
7.740323466445916	88.59750307394205	1.3906906803923773	0.18898623121523325	2.0824965480043955	2.0
6.647265296611307	92.0115302890596	0.07362345199753723	0.34181143281005255	0.9257695295214896	2.0
6.260262367009682	90.40403320146305	1.035546543014847	0.5540054043387163	1.7461524841737095	2.0
3.453900148263487	94.10055603283605	0.3655053688950425	0.47642310518093334	1.6036153448244657	2.0
2.775777948483572	96.16135029815797	0.19609363404903282	0.2822759472908183	0.5845021720186263	2.0
2.319181912105569	96.40254984323526	0.17276856416577172	0.19179077713285309	0.9137089033605306	2.0
2.1627778982630885	95.339892877726	0.8812194424537446	0.34936967394894075	1.2667401076082183	2.0
3.1537343040326538	93.9357200502861	0.5438276300125581	0.3743826193037802	1.9923353963649075	2.0
3.358877371923813	82.32901394387038	8.1265464640549	0.341094081688045	5.8444681384628705	2.0
6.999006447589613	90.05478980727862	0.208755337164036	1.7066975166850633	1.0307508912826668	2.0
1.267429907594958	96.40674569267298	0.5042609273580542	0.7305997604229846	1.0909637119510147	2.0
0.49078538675156946	29.584280252789462	68.54447054410808	0.8419525855099388	0.5385112308409488	3.0
1.3415246109828887	60.99351959401049	1.0231601673186197	1.9395724050367935	34.70222322265122	2.0
3.4102165712929353	84.78990221797432	0.3894619166091059	7.128120024339819	4.282299269783828	2.0
0.9850654975219956	67.18310684907458	5.536114906235464	23.30824197593696	2.987470771231013	2.0
1.4436574256421844	70.04206288269393	4.321684743964115	22.741099412241454	1.45149553545831	2.0
2.59517844193482	66.55570360577929	1.9527977733120194	26.955256405547633	1.941063773426227	2.0
1.143089391639302	60.936002925910074	8.291203821261693	26.54319318219373	3.086510678995205	2.0
2.3331587891964274	55.02104977360376	8.109750950649525	31.611492479002074	2.924548007548218	2.0
2.5089599209524853	34.568461966773526	23.98734002549746	35.03614261327748	3.899095473499049	4.0
