N1	N2	N3	R	W	anotaciones
3.108156739315922	3.0370854389509896	1.8915867115435563	0.05579283991268646	91.90737827027684	0.0
23.30539160065055	26.422218125340734	0.2676292909331478	0.692581479778694	49.312179503296875	0.0
17.95038575854689	27.82257165441141	0.22860350203388025	0.5476722959654843	53.450766789042326	0.0
17.53971884581421	38.61338926682535	0.2357686523457933	0.5031111835027804	43.10801205151185	0.0
23.45357135882199	54.73871530529162	0.22004965693564163	0.620891477081229	20.966772201869528	2.0
49.523470145969554	23.21626334504762	0.04308843767703691	0.5636363054017167	26.65354176590408	1.0
42.59185110645807	23.069773243466816	0.04509705078859615	0.5968872453523718	33.69639135393415	1.0
54.08908393049031	20.121737459857535	0.08640051168010604	0.41848817965682483	25.284289918315224	1.0
37.04905139472808	26.082196733347917	0.051729459863685746	0.9612716145622093	35.855750797498104	1.0
53.404150589405	19.560071676079446	0.05978043836471396	0.3787453600681411	26.5972519360827	1.0
68.5704184470022	13.753501288830522	0.16078605867758755	0.6954640265215015	16.819830178968196	1.0
71.09060993020758	16.4486303559968	0.1150343782499453	0.2518732243330292	12.093852111212646	1.0
56.26898241128786	23.90430621647443	0.16773974024059474	0.7563216942244144	18.90264993777269	1.0
39.92578798635748	43.57579860883503	0.07581347159222399	1.6169066690324294	14.805693264182851	2.0
31.295127938674973	46.46183410067901	0.13673465036290153	1.1662624765397787	20.940040833743346	2.0
24.5143732201471	29.387715513915722	0.07169202731348936	2.439547852589776	43.58667138603392	0.0
31.21169531105269	30.704499512246624	0.07205241730494631	2.4648635897417632	35.54688916965397	0.0
27.94835358410136	34.291289953761364	0.038762297475743945	2.62893814106728	35.09265602359425	0.0
37.33625349075276	20.096817953433217	0.05534767543306095	0.6137871617583003	41.89779371862265	0.0
44.324871805825715	41.13474487351039	0.045218564644205275	0.5344994953095299	13.960665260710142	1.0
34.898906274798094	51.888330457233245	0.19787953252206467	0.5933329270613009	12.421550808385303	2.0
22.403928875704015	53.19324149663416	0.312194860834016	0.6676027300594249	23.423032036768397	2.0
19.65671084349568	49.51821338576559	0.35488036749399554	0.5593224768602953	29.910872926384435	2.0
16.75392383662174	59.4930903879539	0.17031217819820657	0.6478962365477703	22.934777360678396	2.0
17.025866973224648	55.21495975187391	0.16402977620276016	0.7880623224069846	26.807081176291696	2.0
35.03324810083489	50.195917020556834	0.32385753466953354	1.1275491626312915	13.31942818130745	2.0
9.946926951515623	63.01228684661503	0.3279908905329199	0.6191844578730571	26.093610853463385	2.0
29.428050307623764	50.4095546814304	0.6090104859800312	0.4724935860361803	19.08089093892963	2.0
26.869469875563095	45.47151816599014	0.33317433487989667	0.5328507574100996	26.79298686615678	2.0
49.17945246982622	26.574365811651855	0.30777163744082414	1.4132256010890107	22.525184479992088	1.0
34.34127198614214	42.95336171142484	0.07852012559922017	0.4843826994192537	22.142463477414545	2.0
12.591985460780544	19.834490815062498	0.18707776299595652	0.5090656801441146	66.87738028101688	0.0
16.505543849196293	13.354356208600397	1.9244612768567986	0.2567803992454068	67.9588582661011	0.0
13.61052837922713	4.7412922384310034	0.8009209442349702	0.3516797037930224	80.49557873431388	0.0
36.36073928785224	9.017008612012138	0.09468137280806448	1.057670219266127	53.46990050806143	0.0
11.195174986291898	6.831330661563818	0.02527927124038398	0.1671987523788245	81.78101632852508	0.0
19.75348100173417	1.0607135446751899	0.006518871324214498	0.06703749047095109	79.11224909179548	0.0
31.355142446266694	1.1454368552388008	0.0015107096933943426	0.037871944054107695	67.46003804474701	0.0
2.6907719064027344	0.21550831310824994	0.0005468640295569975	0.009342166052806546	97.08383075040665	0.0
2.3140521507378735	0.5113727592849457	0.0005230462861626557	0.004407356279124642	97.16964468741189	0.0
0.3897201367571239	0.15021055938511713	0.0002614404531739732	0.0019084737165556108	99.45789938968802	0.0
0.24511649475019923	0.15090661254483026	0.00029937220779829724	0.0019240907655745914	99.6017534297316	0.0
0.37268742457201437	0.2197528580741321	0.0004863984775813475	0.0012916152147272497	99.40578170366155	0.0
0.39318883278624506	0.46045995191560973	0.0032807634405920666	0.011027544669705429	99.13204290718785	0.0
1.1389572620894513	0.8706815815610067	0.05580718496026329	0.007294440596790724	97.92725953079248	0.0
1.627705529098564	0.7005740979306467	0.030223272754119374	0.013426901237023003	97.62807019897964	0.0
55.14556352445214	3.0836209858438393	0.011611364290318177	0.21434956231619764	41.5448545630975	1.0
24.39525592985348	6.830347250784545	0.045238572885343664	0.1557925456452168	68.57336570083142	0.0
53.88470014928747	4.069568808650292	0.05948867383453439	0.37261534330717944	41.613627024920525	1.0
77.17666337309988	8.714746297744954	0.0326587556214047	0.5429501340862399	13.532981439447514	1.0
86.87416429114376	5.115967003006737	0.019993783826728808	0.31398583768031313	7.675889084342471	1.0
82.71272687578303	10.595774336478378	0.011065175504434968	0.12993177314813809	6.550501839086002	1.0
82.02839611132558	13.337653998196297	0.01117538739567273	0.2991565277050219	4.323617975377441	1.0
83.30589040482364	6.6732778861039135	0.035686228642595755	0.4643252708705413	9.520820209559309	1.0
64.05383128882907	25.727650573618142	0.021030456136591782	0.6879480086319983	9.509539672784182	1.0
77.21504758949577	13.904380912355679	0.01858684144735358	0.5351529562792681	8.32683170042194	1.0
17.64157858896157	6.58677529678888	0.6886308984222265	0.5472790319592195	74.5357361838681	0.0
88.78322964214696	4.4982182645864395	0.02979629421358273	0.5020044484611997	6.186751350591802	1.0
68.42527915574577	18.284250278972674	0.0836701936927097	3.689041542430163	9.517758829158675	1.0
58.90216979622167	32.237088896580694	0.04659981879500161	4.1328000665560385	4.681341421846594	1.0
63.850284631050634	25.57646551902199	0.03815595577701781	7.93347984135146	2.601614052798907	1.0
50.40091134126581	37.9054148952856	0.03273959880838714	8.838369169153866	2.82256499548634	1.0
20.114857248805137	77.34749111225095	0.03581921514361103	1.513266650527657	0.9885657732726542	2.0
23.30584260348066	71.72666565003739	0.008206396560380197	4.065459788450296	0.8938255614712678	2.0
10.141920529016378	88.77423136136035	0.10240136232550626	0.8113070007280735	0.1701397465696927	2.0
9.972744721447315	88.82937393634131	0.14432277817034614	0.6220010618246321	0.43155750221639827	2.0
3.1140391411660975	96.52792393309197	0.061973045518406274	0.09549807221457127	0.20056580800897786	2.0
2.0984099748936664	97.50331854799941	0.14970530263347578	0.0331583994613114	0.21540777501214847	2.0
1.912118825640768	97.76548936334963	0.19489106952671084	0.01785617340711582	0.10964456807577931	2.0
1.00174072466101	98.59615012925327	0.2555692664265433	0.01712017758871183	0.1294197020704755	2.0
0.8428600081417088	98.75864557968097	0.21665859389655207	0.01981075812546985	0.16202506015528825	2.0
0.6363549728432144	99.03432728072514	0.2382584237431259	0.0069466350421530055	0.08411268764636452	2.0
0.3225849193751844	96.44688265237235	3.125793514435343	0.0020795176266317854	0.10265939619050714	2.0
0.4381078962882948	99.07594087328863	0.3785032098796428	0.0041921915787565085	0.10325582896468889	2.0
0.1469250940388872	97.02078668085757	2.7041578421516386	0.003106045504365512	0.12502433744756183	2.0
0.41778968578934017	98.92029201026592	0.4579918576244654	0.004549154046186119	0.1993772922740513	2.0
0.5646699481354844	96.53532412892996	2.4670034826433436	0.0033173984962050897	0.42968504179500755	2.0
0.2692788055264732	97.63626114193164	1.9576263998055212	0.0032153255445931364	0.13361832719178224	2.0
0.19564678033444222	88.83130719130024	10.782616612512287	0.0052833262508859185	0.18514608960214868	2.0
0.29075945393522246	93.90237086030186	5.6473970451323625	0.014787618132083298	0.1446850224984744	2.0
0.3723221647421394	82.72055211461081	16.600525099566287	0.02670440851616488	0.27989621256459296	2.0
0.3078238937382594	84.33756938159746	14.10261868886922	0.039117727231293226	1.2128703085637562	2.0
0.2375378290622391	86.21340455152838	13.421251082102186	0.015698048167874647	0.11210848913931558	2.0
0.11176354229985234	36.55588901893111	62.63558971775029	0.09835365505350363	0.5984040659652421	3.0
0.3425724628324198	91.94278216957001	7.489564622222302	0.08933243772264578	0.13574830765262513	2.0
0.31925267145533787	68.88750533433613	30.325989870154817	0.15931358365142703	0.307938540402287	2.0
0.12343782917544321	71.25868745165936	28.307070870182095	0.1872175371660491	0.12358631181706448	2.0
0.14932492513147502	45.51695461626984	54.09351925190193	0.1183022326752111	0.12189897402154266	3.0
0.12029449349404069	27.00978311663308	72.54364472305707	0.03702025238323816	0.28925741443257197	3.0
0.03767550814296851	11.678223020106646	88.15336865558649	0.028365476278624156	0.1023673398852857	3.0
0.024196911035277432	6.299007425864465	93.55180581156937	0.02087479093634101	0.10411506059454816	3.0
0.039276145351683375	16.956832132577997	82.88870272271406	0.03954396098136983	0.07564503837489012	3.0
0.03863192119785527	14.743493441739972	85.01711876032049	0.0438380987276483	0.1569177780140392	3.0
0.01871739504001198	4.801800927794629	94.8462806524936	0.01937058129746359	0.3138304433742698	3.0
0.020338667572549762	7.009338300420466	92.84491874078331	0.018948505445679734	0.10645578577798563	3.0
0.015465496155319058	5.461076821848505	94.41840792007208	0.01639703419874855	0.08865272772533297	3.0
0.008370115605526605	1.7887441672448663	98.09705783919455	0.010491622976008096	0.09533625497904814	3.0
0.02441031524033461	4.834224336824758	94.9293389358112	0.051311122222096515	0.1607152899016012	3.0
0.012464329574227951	1.7542526804409553	98.1367845838109	0.005137169026953275	0.091361237146973	3.0
0.017948348703110115	3.8900240059699334	95.99639946011345	0.005956832192264405	0.08967135302122417	3.0
0.011193742349914262	2.7347203241313425	97.16110147412708	0.0066701736370778884	0.08631428575459693	3.0
0.005779455189495771	2.014344808172147	97.94048716558481	0.0034945735096434337	0.0358939975439017	3.0
0.0032235620972386222	1.5918428668185591	98.36124025599068	0.004749207145594409	0.03894410794791582	3.0
0.005133930407904771	2.1170623009401752	97.81816019358499	0.0028465997695793625	0.05679697529736066	3.0
0.008525416119368039	2.115147766837411	97.79704554807299	0.0038881302276079347	0.07539313874261074	3.0
0.0033322232465972405	0.899903007383496	99.06016119033852	0.0010822640726903712	0.035521314958680966	3.0
0.004945079971873163	0.903197787384594	99.03103574830259	0.0029922580592033547	0.05782912628175346	3.0
0.004348484057761302	1.0798954087704764	98.8687037979936	0.0014968573147194223	0.04555545186341897	3.0
0.002975201742846252	1.6977620730238878	98.25888535797156	0.0014475946281986949	0.038929772633507914	3.0
0.006186799570140019	1.6530315843953047	98.29348860148379	0.0017705114098055998	0.04552250314097562	3.0
0.00672833596858177	2.1920682504970626	97.75225989731695	0.0008757763495512671	0.04806773986786038	3.0
0.011191211051520255	2.607129699959335	97.30273464037768	0.001338175325072687	0.07760627328636377	3.0
0.0050977058008414245	1.0117187897589925	98.95687880960202	0.0007290098731463457	0.02557568496499487	3.0
0.003458823580177505	1.1271099452099178	98.82828837231212	0.0011395207277193032	0.0400033381700706	3.0
0.0029050165937530925	0.5626952047752816	99.38091155469466	0.0019338975551658627	0.05155432638111638	3.0
0.004228394131223045	1.1847726016227467	98.77556855065644	0.0010920232862412392	0.03433843030335756	3.0
0.005742505223223859	1.8968854098707182	98.05380317488205	0.0013521676874281427	0.042216742336580244	3.0
6.07868548424843e-05	0.9777413606971874	98.95481666600257	0.0037904850394295	0.06359070140598502	3.0
0.005562529128292754	1.5967795826852582	98.33762445455947	0.003687602204922913	0.05634583142202955	3.0
0.004345402065639328	1.3665105015841092	98.58822641464447	0.0014385787765686837	0.03947910292920329	3.0
0.006665363899047143	1.1177289789484226	98.77285580584326	0.0034921710247252484	0.09925768028454147	3.0
0.0071588293462714735	2.1646724946390363	97.75482863159056	0.002700152446261393	0.0706398919778607	3.0
0.0030662878805081738	1.0368816709422752	98.90855977935203	0.0019846221309559237	0.049507639694228764	3.0
0.0030475983752785885	1.239627083457685	98.69061851975155	0.001419998209315751	0.06528680020616792	3.0
0.0026709043085569335	1.2581775115241398	98.66093903988616	0.002092676972588395	0.0761198673085614	3.0
0.004113866607281658	0.8664146149249674	99.07468369567415	0.00193072625878279	0.05285709653481763	3.0
0.03794859757844884	1.6201769058549715	98.27523714817771	0.001116024537053197	0.0655213238518298	3.0
0.027380359424607273	2.755720523634614	97.02927760598293	0.006821907695307089	0.180799603262527	3.0
0.03086018982358116	1.250845867813825	98.43979728619233	0.005652184526157074	0.2728444716441116	3.0
0.07258969504608144	1.2414540596202657	98.13889118121052	0.025130758397183636	0.5219343057259644	3.0
0.03305979039191271	1.4891796841620153	98.00448466188035	0.017479611286792394	0.4557962522789335	3.0
0.10881795554544449	2.4823449498708885	96.54819660185242	0.03421153422325034	0.8264289585079931	3.0
2.850983369095771	8.790258589711064	1.19081281631615	0.04240746963191583	87.1255377552451	0.0
18.885005647620904	34.581745270346175	3.0666018756011897	0.3069229309430162	43.15972427548871	0.0
25.987298033327644	60.6684261126235	1.055946191408065	0.6291238831548325	11.659205779485955	2.0
11.392092369117492	80.0849661303198	0.3725560394527223	0.04393137433968336	8.106454086770304	2.0
12.833181380402234	75.87781029180758	1.9357164937248137	0.2923588360743841	9.060932997990975	2.0
5.124797350374402	92.5905226114558	0.1285215008660267	0.05474708536187986	2.1014114519418885	2.0
2.475959198033785	91.64541561035095	0.8245093229196436	0.0891471670667355	4.964968701628889	2.0
2.270574801656	94.79907061560833	0.3405786071284031	0.050856769451395105	2.5389192061558905	2.0
1.0773522585521424	97.5393910699145	0.26219826453124123	0.02282291730061508	1.0982354897014965	2.0
19.319852903215832	71.48370795006537	0.22405040454773292	0.05213517063319935	8.920253571537849	2.0
5.811015061700064	93.4020090916419	0.09672224941566843	0.0410184696692232	0.649235127573144	2.0
11.516836635390312	87.42840001383058	0.04160004142399093	0.04529675350851137	0.9678665558465983	2.0
4.9024864152704035	94.51704570483105	0.0822949413156174	0.03162795077460179	0.4665449878083261	2.0
1.9881393596871757	97.60355662750214	0.14405305498544357	0.03171862375976053	0.23253233406548682	2.0
1.3331592975726227	97.90830746768965	0.46559722809961746	0.04946878145709974	0.24346722518100017	2.0
1.190285139284594	97.32071681887668	0.7664508799795149	0.07301611184589903	0.649531050013318	2.0
1.0544475232474617	97.75550271499577	0.5625563848133007	0.10101845448927525	0.5264749224541853	2.0
0.5427866174763503	96.94663151449305	1.7135816316067298	0.09966224128447813	0.6973379951393872	2.0
1.027313580972574	80.61826441341292	17.306558871131443	0.10833613837600473	0.939526996107055	2.0
5.293959555650414	90.86045152006409	0.821806545788403	0.420908874013711	2.6028735044833695	2.0
1.5151155660366658	78.08159555408942	17.399170701918447	0.3209795299971409	2.683138647958343	2.0
0.766714716880643	77.46087262836957	20.151870218002262	0.18366150884077687	1.4368809279067574	2.0
0.4709628976020992	49.05383231904018	47.91747930591664	0.6414627098758897	1.9162627675651887	2.0
0.8886406882597215	63.55409510989334	32.78887028426719	0.6616322810905121	2.1067616364892436	2.0
0.5354585637145832	86.33740632965605	10.08047964761344	1.0330751737544042	2.013580285261541	2.0
1.1717353736701481	60.022276355818946	32.572178114336914	1.9093789717206002	4.324431184453372	2.0
3.686293085802244	85.88100190540374	4.062922439055075	4.070134488224927	2.2996480815140026	2.0
1.6889832799917053	68.67424753707213	22.163031057440755	4.968765067183642	2.5049730583117684	2.0
2.24564388320806	76.2736092956486	19.155754224128916	0.8262199887339	1.498772608280537	2.0
1.1802786733927972	75.26127633320459	18.368703901694907	2.9888373309610117	2.2009037607466837	2.0
2.2906086547120568	88.3531120839153	6.1458676656015045	1.7102809705090234	1.5001306252621112	2.0
0.8170189865886145	52.27182224313728	45.50481676219948	0.476130012776848	0.9302119952977833	2.0
0.8178471175961566	84.49933943057918	12.224665753902217	0.7950231518871917	1.663124546035245	2.0
0.8127741588763828	58.53480138686885	38.76042854533477	0.5964103767917912	1.2955855321282124	2.0
0.7571340430325244	52.016323252956134	45.71377959667512	0.4441479027159326	1.0686152046203001	2.0
0.41456529636317524	34.782400596406696	63.45624500432504	0.5451539292478249	0.8016351736572659	3.0
0.05975130377831259	11.923275455455624	87.39560896274985	0.10541920663181462	0.5159450713843978	3.0
0.3859672330796963	40.95384817113654	56.403628528549085	0.36400279593884366	1.8925532712958264	3.0
0.5038380628881529	29.217735828086056	68.23356611466558	0.3614252141694645	1.683434780190745	3.0
0.7347259846603209	33.93170112089553	60.637466932880656	0.6511921352049548	4.044913826358534	3.0
0.9156993339679698	45.595044846402125	49.301094669993425	0.9417010518347266	3.246460097801747	3.0
3.085708722092387	61.730184881916884	18.612676338554905	0.7818371410520225	15.7895929163838	2.0
7.464501775989066	59.79203435232261	3.3324671419232357	8.001217695941804	21.409779033823277	2.0
4.513915826554338	83.09123862394489	3.5514903419578028	1.0020740896910532	7.841281117851917	2.0
1.999128595872198	95.31354272349859	0.5266571442708488	0.2221313193825493	1.9385402169758332	2.0
3.029726021289334	92.91163055334682	0.201858132425301	1.0639288878563722	2.792856405082161	2.0
1.7188974500035838	94.24368954635257	0.9609575191729987	0.5743728087497904	2.5020826757210775	2.0
2.575778849505981	90.28770836244216	1.018375130436002	1.0041252342972868	5.114012423318568	2.0
3.1761207586018365	87.74537242759138	2.1956102603447567	0.4742535146919441	6.4086430387700855	2.0
0.8263232854631273	67.62723782004191	28.790637037128775	0.4354291154441766	2.320372741922019	2.0
1.2806716092362633	65.24560239786322	28.720895161049242	0.36390878688380535	4.388922044967479	2.0
3.7291309084780053	71.04851734184055	5.198441939564435	1.7319929622861454	18.291916847830873	2.0
1.8071040638808589	56.43232650385406	36.265935821410835	0.29763632207394436	5.196997288780297	2.0
1.6374359794260158	44.443939351830394	48.688281569976965	0.32925439054399136	4.901088708222636	3.0
16.307444592916674	42.69458008039606	3.5846504212473937	0.13393286935264215	37.279392036087245	2.0
8.604536144337906	85.2447035802167	1.021866726976457	0.42071809692817497	4.708175451540762	2.0
6.044664473894485	91.87375864625119	0.5796549369726832	0.08874833583931228	1.4131736070423373	2.0
3.8415169898880914	94.68692224976213	0.18655447096136	0.013243659563420405	1.2717626298249873	2.0
2.202327805275565	96.20786822774406	0.8331644152672693	0.015306725393396989	0.7413328263197188	2.0
0.10428189625008204	95.31277348319574	4.328201039181119	0.0017515985645170165	0.2529919828085325	2.0
2.4439525993975435	97.28459963210297	0.11772242419516044	0.003195045274001839	0.15053029903036014	2.0
0.5491767995296767	98.40845794322132	0.6783245321962048	0.005192840353208266	0.35884788469959783	2.0
1.308281283134849	97.40258878488598	1.0625163919808474	0.01116750792754055	0.21544603207075105	2.0
0.4851873583020627	99.21888584613922	0.2081513547339064	0.002014155607477518	0.08576128521733199	2.0
0.14790146532102527	96.34514642407154	3.3167572844429616	0.0019333585536082422	0.18826146761084692	2.0
0.9483959124476143	97.6135349636613	1.119444953488496	0.004223991544842858	0.31440017885773	2.0
0.20056394330307184	75.79804729654565	23.825817706205587	0.005962336516481731	0.16960871742920625	2.0
0.6940079003447299	96.40610226141266	2.738848026189259	0.008816054001047518	0.15222575805230718	2.0
0.11210463583263533	81.3445091228698	18.404928958836987	0.004732581397055914	0.13372470106350798	2.0
0.16244561661299273	72.09724306185919	27.61407540069084	0.009149139895754397	0.1170867809412085	2.0
1.0196003618648652	97.53793380469892	1.272657679347011	0.01668747731750527	0.15312067677168106	2.0
0.09415457255630723	63.76422512712958	35.97088814298689	0.05697886252969405	0.11375329479752702	2.0
0.6317586023471297	91.06366488808881	7.843195540625368	0.0587121939806746	0.40266877495803155	2.0
0.08467292340298707	69.07458101829101	30.59640795734647	0.06610559169159592	0.17823250926793785	2.0
0.05844883158242978	62.563322147637464	37.24852053104218	0.0213683573754953	0.10834013236243696	2.0
0.01648010606316859	14.864787505193167	85.01789121651197	0.048207058818994265	0.05263411341268125	3.0
0.06425009726702983	69.74859635793197	30.067006955079485	0.01967196059245732	0.10047462912904863	2.0
0.03211583595494277	42.49654804368996	57.37415621753783	0.0260867306528827	0.07109317216437072	3.0
0.012124050145053139	10.515520511197025	89.41360271238368	0.0051948766817428264	0.053557849592487626	3.0
0.009505729086715847	8.080267878095338	91.86515510855506	0.003752952412972014	0.04131833184994394	3.0
0.01516066170488225	6.168409898361835	93.76467847743379	0.003093547595089556	0.048657414904402625	3.0
0.011059892684481737	6.511331570203247	93.43193186261112	0.004394553429257836	0.04128212107191416	3.0
0.02001460894424597	13.039758751766191	86.84424816178876	0.011748339844972174	0.08423013765584086	3.0
0.012007212286234612	4.5845430010628085	95.34464781008816	0.005958175815753099	0.05284380074703066	3.0
0.01976740452680895	2.2048549650834697	97.68706194564216	0.009504457272521338	0.07881122747506956	3.0
0.08449504601351594	33.75049331308045	65.5591132199919	0.17323967703708956	0.4326587438770359	3.0
0.03552520393258157	4.663381041009141	95.05489087156214	0.04579803726574248	0.2004048462303998	3.0
0.040399962528494135	5.698373638698585	93.80173544605805	0.21388827044190958	0.2456026822729748	3.0
0.12424123943701229	16.04450624479796	81.43090500260524	1.0870851620541657	1.3132623511056232	3.0
0.6346546376027565	15.427929638620697	58.81707339663278	1.5005930198412192	23.619749307302556	3.0
5.286048568776286	2.7199686595170807	0.10228261018008011	1.2101883318224416	90.6815118297041	0.0
16.446312188715385	4.754365260644633	0.062073066624950796	17.346745623658798	61.390503860356226	0.0
10.124340953085182	1.2130508818938104	0.02514998533906595	0.6868494242301183	87.95060875545181	0.0
47.992882334881045	4.896551107579595	0.03023899333291644	1.9450778701931757	45.135249694013254	1.0
62.336843829631135	8.814675173191214	0.015569522885164647	2.4534479019976017	26.37946357229489	1.0
33.43820646571938	22.368936357744744	0.03313500366806406	7.434951552010806	36.72477062085701	0.0
7.721364767271297	87.41297159705127	0.03146268664330059	1.5276591603275254	3.3065417887066073	2.0
17.798071484873397	69.60202616556217	0.03842289937487011	2.3095897233137817	10.251889726875783	2.0
32.665558775022106	55.26482437287731	0.06872641101577824	6.923515919655212	5.0773745214296	2.0
13.611824303150705	80.24689014014737	0.04779653568303223	0.5244613355997464	5.569027685419147	2.0
6.3234269420583615	91.85917892151252	0.08120878598477518	0.311216819413655	1.4249685310306988	2.0
4.87663299242305	93.54405532095555	0.2085853388248724	0.3552340029405181	1.0154923448560285	2.0
50.21854133250052	37.33087761973059	0.06564527464873778	6.438883276296173	5.946052496823972	1.0
18.31420055525375	61.53719704331601	0.11803730820539338	15.021383432834734	5.00918166039011	2.0
9.529353165277401	41.385734544423634	0.02428984953926044	47.40943669856989	1.6511857421898213	4.0
10.069713090793027	31.514447701430313	0.03259849154684428	55.49940229327932	2.8838384229504976	4.0
16.808112288879055	41.635674404446895	0.01716262997572666	38.57445232040787	2.964598356290463	2.0
15.21045599011762	62.59020734078241	0.06756477655734426	12.564904825084163	9.566867067458453	2.0
19.901646712371157	11.063743028807647	0.032995489489701546	52.564444347880965	16.437170421450524	4.0
53.01172374338071	5.311419164560211	0.017560378801129484	21.437743824632467	20.22155288862549	1.0
25.79235464409495	26.02697188444796	0.024142970602864	43.1879459360328	4.968584564821439	4.0
12.16851675776562	9.896626331756734	0.0072983352571658125	75.0733738594433	2.854184715777199	4.0
3.36386578464687	3.4242120361208945	0.008547829479888183	91.39862734811972	1.804747001632611	4.0
6.302965791448939	1.8236394981227284	0.003742973446018853	88.51160822010607	3.3580435168762426	4.0
5.577126230754037	2.182685327728578	0.008104454109446229	87.08364631987918	5.148437667528763	4.0
4.755693723571271	3.1238908626055824	0.004671610676764741	89.68916251774489	2.426581285401491	4.0
2.6051075051782075	1.2547365651642761	0.006306859753112307	93.08138387650109	3.0524651934033167	4.0
5.439806808191267	2.422964578170454	0.004744649187386522	84.2129169793088	7.919566985142083	4.0
20.003805216549434	0.8863074394631474	0.006096813013615453	60.84194167044217	18.261848860531625	4.0
6.09933681568093	3.3233294122765002	0.011260354998456002	83.88705265989493	6.679020757149178	4.0
5.785682236098276	1.750811418277587	0.007368902536801478	87.29744107004583	5.158696373041482	4.0
8.595298422643365	1.1169249573000501	0.007677742028152723	76.90078574520766	13.37931313282077	4.0
14.402872794193163	1.5861407560297005	0.011576422568375586	55.974854076011724	28.024555951197023	4.0
14.23917147163639	2.0948955997171224	0.012641515783576958	61.715102479092764	21.938188933770157	4.0
4.447685093281539	1.7986990575108628	0.009602437503790945	89.3962558309518	4.347757580752002	4.0
31.773468137247406	3.3356874680215176	0.014484812350576507	41.248698136667095	23.627661445713407	4.0
16.740720722397548	4.61522880368645	0.01001065423503507	73.88151177740258	4.752528042278382	4.0
16.07249469897075	1.4384054197061447	0.008314711611167223	74.3275851448719	8.15320002484002	4.0
4.883406265636102	1.2323168129656719	0.0044200119241697144	91.54921830142261	2.330638608051437	4.0
3.9193131797576704	1.473135958915148	0.02113957961003798	89.94949882783465	4.636912453882491	4.0
4.541066995309503	1.2486735020506192	0.010785913381162714	86.29672368553331	7.902749903725412	4.0
9.443626087148251	2.535482461530765	0.009382303350846695	73.50749046474571	14.504018683224423	4.0
20.225465986320966	1.9453005083435677	0.009526932257399813	68.4241574672806	9.395549105797475	4.0
3.9421552363917374	0.6572032662690509	0.004499804706450837	93.1874612114095	2.2086804812232548	4.0
13.713736139470459	1.346227082457638	0.002217870952958969	80.76760146881557	4.1702174383033555	4.0
5.388660917735633	0.8366910036651437	0.0014411658021234702	91.58748768769037	2.1857192251067294	4.0
13.111728179552648	0.536497212878004	0.39782879389098863	81.72968687997003	4.224258933708327	4.0
15.23867221626606	1.5724445528374054	0.0017926058018316463	80.67178588443569	2.5153047406590168	4.0
11.962361722399404	1.5968245754498753	0.0011078684018405154	83.44382808034652	2.9958777534023486	4.0
22.329659519849272	8.063487985630777	0.0030848431363036098	67.27913954603812	2.324628105345523	4.0
6.747646671330062	17.00939800395907	0.005798728546111026	74.7628959701665	1.4742606259982618	4.0
3.4133914096156257	2.029892131454178	0.0015659710990098055	93.38097435221437	1.1741761356168274	4.0
14.460027259931065	5.770784548638801	0.004516671473011853	73.33842400149746	6.426247518459652	4.0
24.19137963174683	4.1302642081059044	0.06313436037984746	30.234661391731066	41.38056040803636	0.0
65.20167566065128	15.767340813985726	0.013701741895920133	15.189485715442899	3.827796068024173	1.0
35.18664747982762	13.784267754558204	0.04505911475556949	48.87410091816202	2.109924732696586	4.0
12.249008304593293	79.61371290760366	0.014332226505975822	6.355726845884918	1.7672197154121838	2.0
2.318640630071959	95.9003802236431	0.06278940845014595	1.5428538457082288	0.17533589212655906	2.0
1.4957533387045618	97.50090774207521	0.007867796380551904	0.8811444235384847	0.11432669930119138	2.0
1.2323372104274317	97.97268070403872	0.027134108295499386	0.7069913366304943	0.06085664060786252	2.0
0.5860585437050146	98.82865183907765	0.0712486786477074	0.4042761902995519	0.10976474827005522	2.0
1.2387566273794417	97.86494046564526	0.0623814325842041	0.7100635685902552	0.12385790580083055	2.0
2.8630493703508937	95.8530190712239	0.014759032902044363	1.1823242319422034	0.08684829358096914	2.0
0.6726394192050964	98.83558745984745	0.07783769001465957	0.3316166264380877	0.08231880449471896	2.0
1.3499095087060553	98.15408094389954	0.031214052619401283	0.4009111063083616	0.06388438846665315	2.0
0.5884168839029479	98.60034858806495	0.5501321812858163	0.18169218647456556	0.07941016027173162	2.0
5.581416107849271	93.05893767099246	0.19354973388021568	0.6534682585692425	0.5126282287088009	2.0
13.580147118423408	10.407854899127635	0.7719952589398354	0.21666348420843995	75.02333923930068	0.0
42.00739134269201	55.43461395598611	0.02476764319367449	0.21832516355212694	2.3149018945760895	2.0
20.34660577296921	78.4682770757914	0.03809165330654094	0.09462358971493111	1.052401908217922	2.0
7.059237355978435	92.69568999149048	0.029190155393752932	0.0671123264430034	0.1487701706943241	2.0
2.534712802253416	97.2845633135484	0.01452811579558885	0.06585841169695063	0.10033735670563261	2.0
0.8580897277848335	99.00390679268763	0.012809837816859612	0.06159276050503026	0.06360088120565623	2.0
0.41363333590848633	99.4665518744274	0.023602755467234775	0.0502968996623978	0.045915134534477604	2.0
0.428148400653252	99.49287401269231	0.01039840904884784	0.028322520787326808	0.0402566568182342	2.0
0.48178921595510943	99.40596632236198	0.01721097817106332	0.040008247759488906	0.05502523575232077	2.0
1.0861782750324074	98.79703281461057	0.030021610543216354	0.02479719354351719	0.06197010627027786	2.0
0.6595599901154495	99.1217366101415	0.1347167252367226	0.020516560543522796	0.06347011396280909	2.0
0.32234377118690166	99.49106617077828	0.11766621493804895	0.01729884171824964	0.051625001378526526	2.0
0.9506054030903365	98.83211520231173	0.1253518114440798	0.02591622655792322	0.06601135659595433	2.0
1.0890410083102877	98.69045003965245	0.07561027154915582	0.035041211215841694	0.10985746927227275	2.0
0.9354331704890435	98.4628664534443	0.5043364760062854	0.0216544198135682	0.07570948024681859	2.0
0.8539209016550768	98.66755880570285	0.3489678984255084	0.012858828591113595	0.11669356562542617	2.0
2.91261089012966	96.67507765756606	0.19008432065377848	0.053052680913203656	0.1691744507372793	2.0
2.607980833738466	96.87177547341042	0.304109903244307	0.029856252585141546	0.18627753702164346	2.0
0.260245600262197	99.24865877621768	0.35859626919408494	0.02061990709766027	0.11187944722837771	2.0
0.6093353887205359	98.78056211537505	0.40167567066495424	0.017781999333376496	0.19064482590609905	2.0
0.2920892633323302	96.37648628387848	3.019069283209063	0.019983898462439528	0.29237127111768246	2.0
0.18876366560197075	98.98957179776454	0.5781474589666649	0.017055889607867813	0.22646118805896412	2.0
0.47618515864605615	97.5174169598649	1.670382181635717	0.032768670150150336	0.30324702970317385	2.0
0.7557355818278093	98.8152999513312	0.2776386628091154	0.034162600566784274	0.11716320346511125	2.0
0.2973229842549204	99.1921199275213	0.40700878850785643	0.02379840271596769	0.07974989699994418	2.0
0.704045476775009	97.95791072704326	1.1266183083666257	0.024134079720685	0.1872914080944157	2.0
0.3054758631192393	97.9830093008217	1.3453035511256384	0.06956189472974102	0.2966493902036806	2.0
0.9377039769969838	96.78903287506732	1.8515078757218597	0.06271009562069393	0.3590451765931235	2.0
0.372698435021656	81.39269848300198	17.498415588976005	0.17776310004642767	0.5584243929539202	2.0
0.5046763314403456	86.76076975496217	11.576523809180467	0.5714317488119471	0.5865983556050619	2.0
1.5427646491173606	94.40473840147048	2.7684563889844154	0.6804757652290562	0.6035647951986953	2.0
0.40041770148859546	43.17134624182605	53.44867002699011	1.477221273906982	1.5023447557882537	3.0
5.662657251309175	72.0817938337795	1.5865804240126593	0.28122753155097874	20.3877409593477	2.0
41.40760997660975	48.617092140918466	0.1201769464460972	1.1063785255324223	8.748742410493252	2.0
27.65376713177139	23.972849712869966	0.06748545837870447	0.3688421838056979	47.93705551317426	0.0
17.543147658077785	1.2460463583287043	0.021065422541705087	0.148651608544387	81.04108895250741	0.0
68.33903476813576	25.12419400120447	0.02019518138654056	0.3931065156397029	6.123469533633514	1.0
57.12105813482413	31.87124652676974	0.006482525543765514	0.425367522472093	10.575845290390278	1.0
82.52900858699782	15.356388889433148	0.01288073219420426	0.9808941094737434	1.1208276819010659	1.0
6.241394761714574	92.9434986034854	0.015075549395082323	0.6715099352721697	0.12852115013277	2.0
4.456415077118401	95.05961959064935	0.010081557687248029	0.3368547087357992	0.13702906580919955	2.0
1.334968983479241	98.38205213693426	0.02911466576350529	0.19938781624053273	0.05447639758244875	2.0
0.743103209589765	98.96650630250001	0.08941857608404283	0.1488371013311124	0.052134810495081264	2.0
0.46822415092537767	99.27739882108229	0.0714791890092082	0.1307381228596558	0.052159716123489096	2.0
0.9283067042007043	98.79567056016039	0.06483688997284759	0.15154720995537052	0.059638635710694436	2.0
0.33827869144490247	99.1821353895183	0.3050800578299708	0.08775080547270815	0.08675505573413629	2.0
0.4547014216267802	99.0133291052678	0.30951335796569496	0.12137795907612672	0.10107815606360052	2.0
0.6061052242226717	98.7699593301663	0.25061416972535416	0.2577539881287427	0.11556728775691107	2.0
0.6497331534075061	95.08519577962005	3.965250474483412	0.04844610128821855	0.25137449120079247	2.0
0.9504496695208916	98.498557975786	0.2812927883816477	0.07304196121855497	0.19665760509290764	2.0
3.643803364624179	95.73726495943171	0.0695563061078757	0.12694088993050998	0.42243447990573424	2.0
1.0765830804265015	98.68274706239583	0.061591167892080544	0.009536748845995691	0.16954194043958318	2.0
10.468718430338862	87.70082664503201	0.042326229626078266	0.04843037132493743	1.7396983236781274	2.0
4.090398507672535	95.7594306452683	0.01016640275653315	0.022480848252466584	0.11752359605016563	2.0
1.1716702977653681	98.55967890730797	0.2106909877997657	0.007749963362605848	0.05020984376426814	2.0
0.7684077350444718	99.0773834414973	0.04238326850329681	0.030440749346726415	0.08138480560821047	2.0
0.5402946584862679	99.09232180176076	0.28923182990580004	0.021134232365141146	0.05701747748203237	2.0
0.40893041496585325	99.48418527516469	0.0692948263593838	0.0080915335609437	0.029497949949119077	2.0
0.18753121792122152	98.8286886738385	0.9473821728593086	0.0022963346094289853	0.034101600771549355	2.0
0.42153992251598144	99.39605077777232	0.1507911385935292	0.0037641172406809383	0.027854043877495155	2.0
0.23710660875143766	99.54668046958581	0.18645823041451312	0.0043565827600055155	0.025398108488231236	2.0
0.14987862668166188	99.6309811542098	0.1586944549006532	0.0037636400526105526	0.05668212415527663	2.0
0.9203339780103061	98.50363455567648	0.5033973499051192	0.004985846419485825	0.06764826998859422	2.0
0.5341212564298597	94.3819398472013	4.858427379656949	0.004354037248119176	0.22115747946378872	2.0
1.2797328799641194	97.56549941382946	0.9675781696164385	0.013064164240657669	0.17412537234931796	2.0
1.214033572981458	98.48599436078821	0.08164185413883333	0.017197797597144567	0.20113241449436683	2.0
5.654129522844844	92.78722237283624	0.09232041961626958	0.0221399171449072	1.444187767557725	2.0
1.0553831755694327	98.48163329606314	0.0767897684040558	0.026033746230095266	0.36016001373328665	2.0
48.82842758819964	40.71826958459664	0.02129452606892014	0.4280652939447784	10.00394300719002	1.0
10.79494619807065	87.44939102482907	0.0313997453764492	0.138844000882739	1.5854190308410916	2.0
11.06079395445217	14.850767812329174	0.006518247506953451	0.24344469007163894	73.83847529564007	0.0
56.50774086533008	27.458342339477344	0.019112106349464145	0.609774468010168	15.405030220832948	1.0
29.411857177186896	15.580448094489476	0.6824190747938547	1.3513144349123385	52.97396121861744	0.0
83.65851380633423	4.179196808262054	0.009392807339172818	1.4605169802550741	10.692379597809468	1.0
47.80148112638452	25.2412732806372	0.028968905887833653	8.273297227521157	18.65497945956928	1.0
42.544012779417336	38.33052018658231	0.10392510145226289	3.171993372584267	15.849548559963836	1.0
78.71797571585421	5.490665343934603	0.010253690912520817	3.3584028749085735	12.422702374390106	1.0
82.45579406113211	3.7545398241069456	0.014446509749587496	8.716743822236497	5.058475782774837	1.0
81.45586900436483	8.66283252161184	0.03647895499536889	7.235432710780773	2.609386808247196	1.0
69.20337308662184	11.689810985429821	0.01984255413991465	16.59460471179857	2.492368662009836	1.0
53.9865743161979	29.336683419095593	0.025801132337712526	13.928615394621952	2.722325737746857	1.0
19.400843802047966	47.447956957279324	0.13423997220851133	32.24241653297143	0.7745427354927585	2.0
3.693154434642702	93.32337663982607	0.13017588975759362	2.448132063541365	0.4051609722322564	2.0
7.042675087376536	89.90423433863364	0.1827975888629437	1.6294504206434999	1.2408425644833725	2.0
1.2711239993501358	98.31752885853705	0.14988533147579128	0.13075888181592688	0.13070292882111184	2.0
2.383751011082388	96.84752634078986	0.2047680578052167	0.19346891229799232	0.3704856780245463	2.0
2.5290185038673143	97.28695353231276	0.034369790876873675	0.04603722230667934	0.10362095063637461	2.0
0.5847362327824684	99.30176850866388	0.04314670518107752	0.0175764406144619	0.05277211275810238	2.0
1.2252245627546199	98.07391125323376	0.4874700997928643	0.02732582436157273	0.18606825985718103	2.0
0.7304673584549234	99.17919977621722	0.026856914067497607	0.009831097162107704	0.05364485409826947	2.0
3.4574659710144027	96.29151480525772	0.08245026073585154	0.02770622964355766	0.14086273334845165	2.0
0.31500251611275276	99.24608070979765	0.3973765984411286	0.005357366611738832	0.03618280903671807	2.0
0.4269200257714931	99.35663328202278	0.1384766627897981	0.009145781894411785	0.06882424752149188	2.0
0.39024325996830184	99.53333386124174	0.019455773719027215	0.007257020275151259	0.04971008479579016	2.0
0.8228401168527297	98.94004391491617	0.1192702467846252	0.01700933657443716	0.10083638487203685	2.0
0.3642069557126308	99.5260353221179	0.05852934761242834	0.006829599980141071	0.04439877457688638	2.0
0.5248168474963193	98.70498458310963	0.6319235505108416	0.0077900501542960505	0.13048496872890436	2.0
2.7650212937334677	96.43798397056116	0.33522498637595033	0.06739620699347111	0.39437354233593047	2.0
0.935692239997336	98.41600555325219	0.5189272866648321	0.012880854154078051	0.11649406593155287	2.0
0.4795154856864349	99.39019009212048	0.07473570378363366	0.0071251340389233385	0.04843358437054069	2.0
1.0865300452318252	98.79013541949108	0.07692322478977286	0.005687648884556583	0.04072366160278438	2.0
0.31678508173655634	99.49575378965712	0.13475992986661886	0.004954087496508551	0.04774711124320258	2.0
2.4556304797864827	97.05989806816604	0.2652500036660061	0.023021123051366242	0.19620032533010176	2.0
0.18600796310379472	99.39013214254537	0.38304733532058755	0.004012369457682565	0.03680018957256919	2.0
0.8110938458600713	98.62846667631254	0.3992472075339318	0.0145085706573926	0.1466836996360446	2.0
0.18957878645262016	99.51752420709431	0.236453484638816	0.0027537680905709272	0.053689753723672434	2.0
0.6631262436037862	99.16330093416911	0.05037533753039952	0.012697807367230071	0.11049967732944309	2.0
0.43562363911233265	99.12601890181378	0.33283069324950776	0.011169347647101875	0.09435741817729437	2.0
0.6947457232200044	98.581430614894	0.5520580876513137	0.011030643471759983	0.16073493076292425	2.0
0.4891065924088113	99.17559018002235	0.20327247051808517	0.012804642499006971	0.11922611455175648	2.0
0.3351271618228584	99.36600998893718	0.24536016468748265	0.0073677204561137825	0.04613496409639541	2.0
0.39589789138905546	99.21751192847215	0.3151186348623605	0.009839691409764807	0.061631853866647796	2.0
0.5378725920518093	99.36841283672388	0.038129307848716154	0.015946761058562138	0.03963850231704909	2.0
