0.003158707839966836	0.007265734528995968	0.001607915724701565	0.00010435357500487344	99.98786328833134	0
0.006117695915621768	0.003565995413688547	0.0007809165197990301	0.00011709973362375879	99.98941829241727	0
0.0014258382534162687	0.004052451843934456	0.0007651778933834751	0.00010881313709140708	99.99364771887217	0
0.007328187308822795	0.00970419609052745	0.0015415882478101845	0.00017690843957032665	99.98124911991327	0
0.03695061986893497	0.051976428328191285	0.0015760872598370751	0.0002760151225616284	99.90922084942048	0
0.025246063628240896	0.047326056946502104	0.0002089242459407825	0.00018229245143882254	99.92703666272787	0
0.08361357493068888	0.08710049888392217	0.0006228174428853804	0.002377832996819594	99.82628527574569	0
0.21511906006669496	0.30572158956920464	0.0018813016257975303	0.02549675944015614	99.45178128929815	0
0.09064188127496024	0.10542897947766121	0.00039481415317706056	0.02733680612583954	99.77619751896836	0
0.05996556784410819	0.01469979163215088	0.00019206160480818112	0.013004929819568491	99.91213764909938	0
0.06233667227459351	0.0282541347602519	0.00029381741680461717	0.005914926284057608	99.9032004492643	0
0.38788038588476803	0.2001572118753988	0.0006540789859055653	0.01602833808273087	99.3952799851712	0
0.209157303307857	0.10224544473162116	0.0002976844835792218	0.012283795984209804	99.67601577149274	0
0.3839021638009075	0.03696417120685795	4.1170244154280066e-05	0.022548828313599154	99.55654366643448	0
1.1957452106647903	0.27749215047719006	0.002344569502748556	0.05045487840164524	98.47396319095363	0
0.38858644258751757	0.24613427777506855	0.00010508289691236375	0.018887796707652324	99.34628640003285	0
1.9820931136024942	0.21176500119436462	0.0003007993615783637	0.1752747300353535	97.63056635580621	0
1.5598303017807649	0.12031386462052489	0.0005016712855361859	0.10552468587731814	98.21382947643585	0
16.07146049094758	7.027208762690895	0.0062565222722615315	1.3505175718772178	75.54455665221205	0
45.94721914175941	8.13272962696812	0.004128082044105365	2.7770125690282104	43.138910580200154	1
42.16661345941646	8.824157524683288	0.014460463793151423	5.316262124548134	43.678506427558965	0
58.169908200618394	13.435866668582175	0.02109956839558982	5.276757409580853	23.09636815282299	1
36.80499578194723	44.54704710603144	0.07321956816269792	6.610646222275116	11.964091321583515	2
17.933756470233078	71.84738620065846	0.1461665980980411	2.893257427937998	7.179433303072426	2
4.083819199601188	85.83071508350118	0.4562795514736249	2.178343476537799	7.450842688886223	2
5.532783800819339	81.47766196958925	0.35514373426491314	3.447725526250447	9.186684969076072	2
2.197770187324282	91.00232763163305	0.8387673200931336	1.9590087877345965	4.002126073214949	2
3.6770554107628493	81.9819597641441	0.10547947807790646	2.4364482810637993	11.79905706595133	2
10.190058525299134	32.148844624267376	0.030784763094660928	4.019144230496041	53.61116785684279	0
7.9207763388350605	79.66259233051602	0.11888001630079204	1.782062825413011	10.515688488935092	2
7.970471143182187	79.21463188589686	0.17398403850206823	1.9380197573430884	10.70289317507578	2
1.1830330206263702	2.5383176746684235	0.001827088682099525	0.1515511835446528	96.12527103247847	0
12.773684851856821	30.318309215166384	0.05290544595910075	0.9270045156242305	55.92809597139347	0
8.07343201430631	78.24001270770317	0.344555315796646	0.4490758469112003	12.892924115282673	2
7.401850007033765	83.66790373424026	0.2243596888195195	0.5958253031336745	8.110061266772787	2
4.978274473181211	58.870079084799876	0.05658628922686617	1.39096843220441	34.70409172058764	2
0.7955071615730194	96.26948991539366	0.27745904752409184	0.30465820151737044	2.3528856739918766	2
8.522341456787371	85.16448039602658	0.17768595251056762	1.2542886681628787	4.881203526512603	2
3.90087075691248	90.59311420077792	0.06815017371172832	0.6316769621709185	4.806187906426937	2
2.487020154980033	90.73123347801776	0.1610779631662981	0.560290971040286	6.06037743279563	2
7.0262847492701095	85.46200227202728	0.11477628144423463	1.5272499891682068	5.869686708090162	2
1.6733351405220351	94.89463711539243	0.17695269342536787	0.748018238305203	2.50705681235498	2
2.342458291910807	90.50183419642738	0.07743179105492315	2.1904076584991317	4.887868062107755	2
9.468041149804304	78.98449712425516	0.03715511312878797	4.933911261112378	6.57639535169936	2
3.4728400996436175	90.68722781711442	0.14117549041008307	1.9291530313218614	3.7696035615100127	2
7.136841555735201	82.78733050761873	0.07949577838831419	3.800579453385597	6.1957527048721746	2
5.521114956860449	87.61261872258395	0.055870867104270173	2.1626603359563146	4.6477351174950305	2
9.08022112874648	79.6308757329873	0.07055173046197526	3.708916934284707	7.509434473519545	2
15.539933828579604	68.93792979104197	0.04220395846649831	7.255659362617031	8.224273059294907	2
6.426050928653811	72.34514569073606	0.1911373682531574	3.844145057958655	17.193520954398323	2
19.808345543911056	55.946045862607754	0.11411135416887844	13.362484114922177	10.769013124390131	2
10.748148116850054	74.10871770776697	0.12441178536146183	4.1769296598427665	10.841792730178744	2
21.682572729706873	28.013525064490523	0.09290903329680267	18.572027379572663	31.638965792933128	0
18.95919598024444	53.80061406356307	0.031451625634397046	8.508273164606676	18.70046516595142	2
19.580040353948576	59.6983156763493	0.05316431544427291	5.791264410353049	14.877215243904807	2
24.514515938170792	42.40129781708477	0.02492661203568869	12.017500422500808	21.041759210207957	2
16.320597471878173	69.60121996649215	0.14283372315561832	4.622612585039046	9.31273625343501	2
6.464085930640093	63.85806292515921	0.2940799063721203	3.7685904039195877	25.615180833908997	2
11.433839226054294	71.59975523913354	0.07816084121391607	3.1481711426192915	13.740073550978964	2
7.654671793819974	82.32593735097065	0.11064194226645716	2.110034239823659	7.798714673119258	2
6.057524589109612	83.95227954620759	0.1995626819581854	0.7695693341275305	9.02106384859707	2
6.127417631643626	72.83937919794994	0.7428462601135545	1.1694818949425694	19.120875015350315	2
5.216335641752845	90.27382169319755	0.1663448355225197	0.5173244855090334	3.8261733440180627	2
4.091499503709241	72.81475508735963	5.048409010474223	1.5729495518953727	16.472386846561538	2
0.5761781853851421	1.2892214172336236	0.025909635165333383	0.1036607235113982	98.0050300387045	0
36.73679284544481	9.889370610864594	0.10360640818826655	0.8352965918414087	52.43493354366091	0
21.134585654295588	6.849075179460212	1.0568882385495255	0.27814623467053406	70.68130469302415	0
25.12799712809145	47.887973220629924	0.6308623731621434	0.28320364513150903	26.069963632984976	2
19.27261956871689	52.32921815458028	0.8313494801749396	0.5291155375768719	27.03769725895101	2
9.677549127416478	38.01279010400358	0.08390029579643883	0.42492314250051516	51.80083733028299	0
4.817551220277697	10.369146017360686	0.09318502460775757	0.3402735830049635	84.37984415474888	0
18.40429796284398	50.74649352947552	1.767062376573734	0.761965068285277	28.320181062821494	2
7.484889240761055	20.408518828177456	0.2600385112129734	0.7846106946892815	71.06194272515924	0
2.86089529025262	4.51969001079378	0.1133297115631327	0.1436460419019596	92.3624389454885	0
7.786096839548461	17.8464132778473	0.9154716235092302	0.6173286447019404	72.83468961439307	0
7.844601315117009	70.72557586914685	0.6680377728644411	0.5379049831704592	20.22388005970123	2
15.350746320193359	60.327712675605184	0.9067190642353852	0.11626345220039375	23.29855848776569	2
3.8848900794678323	82.81100180891269	4.939225731307113	0.6421425667567747	7.722739813555587	2
1.0711585414933862	59.81775963218857	33.4299607627568	0.3108408620957024	5.3702802014655475	2
2.035215664722075	41.259688918196616	36.81266903744218	0.06707165575342261	19.82535472388572	2
1.4245413206180748	26.596736714621294	58.53471942412589	0.06937433565325618	13.374628204981477	3
3.4440721092079754	69.9861587824753	17.52307243807171	0.03501211001183213	9.01168456023317	2
0.34283964580386084	12.590937786581183	84.45941752164433	0.016929161780692602	2.589875884189934	3
0.6544717531744363	19.144879114015875	64.74929764010226	0.033609549511857635	15.417741943195576	3
0.5273456838976889	13.702206336804634	78.96626631317127	0.018319471204134956	6.785862194922269	3
0.311160344352135	9.814275064054021	80.73109971275848	0.011896518816379641	9.131568360018976	3
0.15979379881026348	7.873305647550264	83.12305712901367	0.008214743336362731	8.835628681289435	3
0.14107887914849923	6.837561106366581	88.73581225247213	0.008466007545329382	4.277081754467487	3
0.52404671078279	8.43620466321579	84.90985936128797	0.014365355156983062	6.115523909556457	3
0.06066805209405411	3.069200501939613	96.20861857959272	0.0023758449968220683	0.6591370213767723	3
0.45935249495096125	8.694330663671561	87.88826892178895	0.013920956143920294	2.944126963444605	3
0.3915626248857437	8.240605555258878	83.6052399856132	0.0074845462396450615	7.755107288002557	3
0.02177341140080345	1.215474800958911	96.00731282591543	0.0020660586435729293	2.753372903081262	3
0.10357872505184626	3.3687163370610405	93.3430087345822	0.007298734855034676	3.1773974684498913	3
0.13149787414630945	2.351860775368902	96.02522253854696	0.010379467899854257	1.4810393440379772	3
0.08170498088410191	3.2566754133739635	91.87301057647423	0.009042336190318785	4.779566693077378	3
0.1993567489734969	5.5892166308290285	85.0419889861948	0.017627334811532943	9.151810299191137	3
0.132234394361114	1.87258672472189	96.59008188736145	0.009031749317569417	1.3960652442379662	3
0.17367258916728598	2.2131056982192963	88.34225969693547	0.008709343698661672	9.262252671979292	3
0.14152131052869948	2.0909458031599057	97.04003221163615	0.00816375774197229	0.7193369169332957	3
0.683621538293581	15.939668837958642	35.507097996749835	0.04869784320174824	47.82091378379618	0
0.38323427268871396	16.422086317823815	81.69384410935815	0.028157649174776648	1.4726776509545532	3
0.3526960521057038	14.402097388067823	80.60197270255838	0.0075506958596682034	4.6356831614084095	3
0.30866011946685307	6.087939870516849	89.28957889732978	0.012990981063215367	4.300830131623298	3
0.30327244928483377	5.136458639813152	89.88712161331657	0.021577017779045863	4.651570279806391	3
0.18874393782007767	2.8735029568961656	96.54290416356845	0.010724685656210348	0.3841242560591023	3
0.30950829231966254	4.311813827110078	94.6796361064102	0.00974965283915006	0.689292121320904	3
0.25096029844834283	2.2681980442429963	96.9021987408059	0.007396914181542062	0.5712460023212119	3
0.15917320303838167	3.6075060191587203	95.64786519796749	0.008549924023772169	0.5769056558116303	3
0.31997514886719275	5.1670927590005755	93.47735660545926	0.017379908014952403	1.0181955786580261	3
0.3324670433282872	3.7292005379888846	95.190464502767	0.034724862693998076	0.7131430532218365	3
0.6119490325928386	17.78013452591492	35.83670546270925	0.09571728411823156	45.67549369466477	0
5.324336102347193	35.87540099518685	42.1231963080643	0.14570910224516617	16.531357492156495	3
3.2231771035965875	25.43971046843556	17.942162995127873	0.15580218043712427	53.23914725240285	0
1.6609598616693988	13.347752260930774	7.834211694711202	0.17249233415547308	76.98458384853316	0
2.480231416527416	13.473959114943284	66.0856252107154	0.6971674725581362	17.263016785255754	3
2.428042387073081	33.7352133176036	48.68042221319663	0.672135001161858	14.484187080964828	3
1.9368527786182255	18.053365608946446	13.131317806952003	0.3639854215863738	66.51447838389697	0
1.6607617055329598	21.542155526251815	50.988416723199414	1.5067652462351895	24.301900798780625	3
4.6930548634722	30.741275552848325	24.996562552755293	2.1535087485088944	37.41559828241529	0
2.029364591892346	25.55404285007608	50.62973846048314	1.032073454863519	20.754780642684914	3
0.3049961951742547	8.468843086593502	23.53852800696172	0.34996957081475527	67.33766314045576	0
1.1147469838272033	17.204446159890193	16.382516782693063	0.3775280406052833	64.92076203298424	0
0.8615067674006223	20.29002343546598	44.10075827365895	0.2715902233760363	34.47612130009842	3
0.28338321921511883	8.47154563503663	66.35587116729303	0.10877653556244263	24.780423442892786	3
3.555002587647145	29.24307905516969	52.8366531810771	0.3468993841474375	14.018365791958626	3
0.23687144294578258	13.25869741979945	57.39518073717523	0.07304615850561436	29.036204241573916	3
1.8391296862879634	27.140936541285054	56.998305659202245	0.14047814546033047	13.881149967764408	3
1.7305498517451965	19.527611034863313	69.0822212465241	0.24322679630285754	9.416391070564531	3
0.4119598716413957	14.923208633969493	61.87342747869672	0.0646525334524481	22.726751482239962	3
1.5450087339738132	22.93359059895109	67.16970598260892	0.12477513146281312	8.226919553003361	3
1.8000030447355837	32.054523022001504	59.76972839798606	0.08214359406413567	6.293601941212707	3
0.6166779968489663	8.05434941490846	78.08719238823494	0.0686792445192915	13.173100955488332	3
0.9520451316821322	11.149982871803497	84.0055950723385	0.11151101101195228	3.780865913163942	3
0.1456255704287514	6.827096048808421	91.10964551861855	0.04744784342687821	1.870185018717406	3
0.424883529644615	12.473857582482681	83.6373487278538	0.15254515763603455	3.311365002382875	3
0.146407175276228	5.1203046305762445	92.82150670708094	0.053062657037800595	1.858718830028779	3
0.7523901177916295	2.6928419963880357	95.13320894801319	0.042778068492750405	1.378780869314375	3
0.5589015097205833	6.380405374428294	89.72003102592338	0.044946978376436277	3.295715111551309	3
0.5351849940253107	6.365281299843077	90.37502341727594	0.026509769794468882	2.6980005190612357	3
0.11620710490811498	1.8855134827696407	97.50704348341064	0.00827030571665931	0.4829656231949521	3
0.09632996296489738	2.4082961800728504	96.30821678680134	0.013378186353631851	1.1737788838072851	3
0.30142260205838906	4.9436649894757725	92.77746665138382	0.028258119785260726	1.9491876372967665	3
0.15205192921640534	4.267361600978139	94.26910287374058	0.024082311774002586	1.287401284290896	3
0.05298034982542093	1.9898097915683401	94.2684416468196	0.007967615273133395	3.680800596513533	3
0.12505586700485308	2.191070069743991	94.14831530689666	0.012977726527369825	3.5225810298271294	3
0.08902430469123507	2.4456109199036637	96.76038749846848	0.01261624384565013	0.6923610330909727	3
0.2597269623527742	5.4337444995470285	92.50717864770921	0.039661870069070966	1.7596880203219127	3
0.05556447260553415	1.8879338943733555	96.06369081218308	0.018034082677583625	1.9747767381604182	3
0.2549322999365577	4.4943056677446025	94.17067233340985	0.012044775703725029	1.068044923205257	3
0.04199401794374568	1.3639974975520934	95.87293916983253	0.004505225065236356	2.7165640896063903	3
0.17809062061577474	4.058409700532691	94.97890839509041	0.017688532756877637	0.766902751004239	3
0.05127222914306553	3.018155938264847	94.90798360990814	0.007724811657284858	2.0148634110266634	3
0.0412168270975577	1.0438587458838249	97.72527924690195	0.006516165197424426	1.1831290149192373	3
0.15038282258648095	3.22834875605687	95.42480831410637	0.010034069478331884	1.1864260377719433	3
0.051743400808210605	1.6362240497254221	97.90778003315461	0.005963932562148302	0.39828858374958603	3
0.07675286243640295	5.316490440658267	85.35119256948941	0.029390946307005054	9.22617318110892	3
2.3892955381993772	22.602054834906355	24.69082240148533	0.1389868630972582	50.178840362311675	0
0.6726201645282718	3.981378142770295	2.593378240050883	0.019086470045115086	92.73353698260544	0
4.175045277690809	19.36685537183642	40.89721193548726	0.05531513830977505	35.505572276675736	3
3.6067439563985704	21.80759496214422	2.2660306316742025	0.08834326421821105	72.2312871855648	0
0.4983746871234918	2.1247305632393934	0.4766322527443746	0.014230247813896826	96.88603224907885	0
1.6483092126955285	18.46377810522387	5.8241245998577895	0.1804630623019484	73.88332501992085	0
7.962132980560881	37.152247737547945	1.145036167719596	0.5237070945383209	53.216876019633254	0
1.6704373383152238	16.806049830463746	0.7891537711772527	0.24726586977110565	80.48709319027267	0
4.033293864507765	60.15905980137736	8.609925368061075	0.5695726722180405	26.628148293835764	2
2.6598450666797655	33.0301704381314	2.5423637067480644	0.5379662757948267	61.229654512645936	0
7.231735368538617	52.60518412675127	4.90646398446599	0.388974781864082	34.86764173838005	2
2.2325247205579504	25.2583868464207	1.7770499276394927	0.7320552625676231	69.99998324281424	0
0.11055720748295234	0.2942986134217921	0.02336486954583536	0.012425088218861105	99.55935422133057	0
3.241799969642847	3.0996141159376878	0.026657151955398226	0.1581038262040205	93.47382493626004	0
22.48699340366657	13.880015586451963	0.2080116886591747	0.5058248389610894	62.9191544822612	0
52.58562553555775	17.994948592281393	0.3990370682161264	0.5420555882258523	28.47833321571887	1
15.494711945576354	69.15728261920573	4.908602516307311	1.3772590610175544	9.062143857893053	2
13.104021016708087	55.01902369033503	3.3432675775230356	3.0913942030011334	25.44229351243273	2
5.848620993168135	46.21042739166775	6.316114441344454	0.7052031317335997	40.91963404208606	2
9.179723831665664	47.534934512963304	1.6219823120427004	1.3407113662335914	40.32264797709473	2
6.601137087993016	73.20359743784736	8.350516764208907	0.6640245307715558	11.180724179179165	2
3.6159943038875895	90.37414796420768	3.6133295579397804	0.26553919660866304	2.1309889773562904	2
10.892364094761255	70.50776901101783	2.9450245949082485	0.45472594155776763	15.200116357754897	2
8.624536889563268	52.50273114538319	1.2432025202693036	0.3438628488561997	37.28566659592803	2
5.544647358724724	59.43706776060858	14.121057532697368	0.4389041251558147	20.458323222813522	2
9.095819923294926	35.701672548776095	1.4110303853193793	0.41625593044428866	53.3752212121653	0
25.175688650901627	45.36668677466098	0.7677098664677717	0.2770932262456252	28.412821481724	2
4.370986707163045	3.507723690320853	0.0630866737724055	0.0563906667711705	92.00181226197253	0
31.29667748887473	49.60399937495861	2.18900964768485	0.07372640592954717	16.836587082552267	2
9.90465276420828	78.0233427963602	0.4312172618808669	0.052155458136103186	11.588631719414565	2
18.878004877049477	66.45599155648205	0.3011349489146183	0.2409535888267639	14.123915028727094	2
10.318599453056324	56.656585367487345	0.48602337978901466	0.09378454407552356	32.44500725559179	2
22.651439776319336	36.32652589191076	0.9772473352842693	0.41815616049240384	39.626630835993225	0
12.984822434947517	80.38373016771438	0.8465207913646768	0.1831057922926108	5.601820813680817	2
8.385523837851261	31.817024742196537	0.19145836494424448	0.05808908526974882	59.5479039697382	0
12.019264667061545	68.70300899582493	1.0343196233590493	0.2674773516278777	17.975929362126596	2
6.215509440393128	85.40913742619254	0.8767063165047945	0.28791788997889106	7.210728926930657	2
7.786171012339099	70.73062387461	1.4252704769711795	0.1784086082738876	19.87952602780585	2
7.297484177384014	81.08511969767027	1.2049327721608818	0.28033317526589746	10.132130177518937	2
7.2990579243198725	82.96927030485054	1.7710890656688085	0.17159263382290707	7.788990071337873	2
5.281926070417348	78.08751868773942	1.778770557205431	0.23860729794215477	14.61317738669565	2
5.634615645277098	80.6671941992899	2.530673740581181	0.2940775183209928	10.873438896530836	2
2.7491585567141392	80.9578365155055	10.809692419030927	0.10905533448801578	5.374257174261419	2
2.6843100985527677	78.95589673208492	2.8549449276464745	0.1903498745328496	15.314498367182985	2
6.000782128309346	81.1921643046745	3.723717727819731	0.1097020682287133	8.973633770967686	2
9.251064717766246	78.2734482922563	4.073428897980024	0.03536143828526699	8.366696653712168	2
6.139054120047054	84.35043603560696	1.5616668619079672	0.03323068859885341	7.915612293839149	2
7.241936091969362	81.44609403557882	1.8777256007162832	0.09303616897809827	9.341208102757442	2
8.582541746114403	14.455529576689838	0.396095863626569	0.13522650469322897	76.43060630887597	0
15.86127350799994	67.64227927366525	1.436334745134492	0.21111591967065182	14.848996553529666	2
17.580081465737532	49.242220329865326	0.9409847985255323	0.1536156045383828	32.083097801333224	2
0.6170998677643514	0.7988053083030345	0.041296824027671306	0.011031363416905035	98.53176663648803	0
0.5191678981056477	0.32884366606208626	0.013237331417570284	0.008832182583016008	99.12991892183169	0
2.794713388447379	1.0812111021303603	0.021098537546494746	0.014554132206868485	96.08842283966888	0
19.61076561329271	11.759045304822363	0.23681978649369323	0.06031343301863998	68.3330558623726	0
36.618718243618176	22.77867764843174	1.0312098377115893	0.22851843138200068	39.342875838856486	0
25.293751330135393	43.243500964030495	0.656101877555935	0.783026139300621	30.023619688977544	2
17.56360584993092	48.719529443054014	1.3419685616160224	0.581498554902863	31.793397590496177	2
8.09166440094508	40.77514496826111	1.1037758112656317	0.6079117304116942	49.42150308911647	0
22.887029536853316	47.79175560546049	1.4672581953511663	0.5497003191309683	27.304256343204063	2
18.395813950837343	38.12426109244858	0.8842100404269592	0.6879770971563507	41.907737819130766	0
20.34092495605436	33.06621112429849	0.5767386917094691	0.5265564453100925	45.48956878262759	0
10.445680212301712	75.64390545402586	8.944805080947555	1.577945039230812	3.387664213494069	2
14.237252339941033	62.585649505091055	4.117051620181184	2.6869925200896807	16.37305401469704	2
18.013074013257278	39.979330250353115	1.5974129551026184	1.4712087361116875	38.93897404517531	2
5.9916022312346575	62.99540617091738	12.847387977987243	2.072970273831732	16.092633346028986	2
15.506603560649873	37.027101349019546	1.866149383700898	0.6991989619316886	44.90094674469799	0
29.02214275191503	57.11865996433222	1.4434590894882824	0.7443350401563938	11.671403154108063	2
13.930654548061478	62.27995997598001	1.2422613539012037	0.5829607298386308	21.964163392218673	2
30.754650563651936	32.775302246860285	1.546468251453555	0.19556125972515406	34.72801767830907	0
35.75944302790265	29.342346169252213	1.7579346462399643	0.1412869141842292	32.99898924242095	1
11.558371283082325	55.20657530357198	13.607378598208369	0.24868707087121472	19.378987744266116	2
16.40227190092276	41.684747993376455	6.6151749010382925	0.13939082821531776	35.15841437644718	2
11.721598946880077	63.990646893047355	3.8502785655488756	0.14559560961362436	20.29187998491008	2
16.429868737896484	50.93541091796927	6.340973551222191	0.14841581686520353	26.145330976046843	2
10.362741889712657	63.43598765896117	10.40992127933174	0.06995852534774512	15.721390646646677	2
21.077491139378914	57.61681681789671	3.2376861086213653	0.09555588413207575	17.972450049970927	2
14.809969734610394	51.0440018054278	8.87929662795875	0.14781463773744938	25.11891719426561	2
9.488965541093876	60.82400854737564	6.701113481462623	0.14405132499570983	22.841861105072162	2
21.001397827775516	57.29490853599122	3.076394132799978	0.12890856010341506	18.498390943329877	2
9.884668389988875	58.821477179374085	3.429022575715597	0.1851433646175738	27.67968849030387	2
7.4321079828	54.313823733093294	10.035809391377988	0.370994487102697	27.84726440562604	2
11.973602384489507	51.25135552461203	8.784868540591875	0.3226467663051187	27.667526784001467	2
9.298351227448993	46.28568037286171	15.946452747477128	0.4175800136144577	28.05193563859771	2
13.985665070211242	59.89038057675952	8.244379636005794	0.21628883630157633	17.663285880721872	2
8.248209397798467	60.642342549442375	11.000913374987174	0.2837761713284997	19.824758506443484	2
14.55679479397293	50.090737079660805	10.35559293436068	0.4341969956347817	24.5626781963708	2
8.788211999203437	50.72543625784679	10.636752545137933	0.19384481063544495	29.655754387176376	2
11.509911285049926	45.318398224113075	22.710646765126413	0.22963625780087568	20.23140746790969	2
13.444803993746524	68.76152596071461	2.9547337194366885	0.13514902911913435	14.70378729698304	2
10.919861236641287	45.56569839062929	23.69345510302045	0.1474213480266705	19.673563921682284	2
7.803746678862791	57.75521671212569	18.974464533375475	0.13432768731643763	15.332244388319602	2
10.297951774900163	59.64041434383876	12.063190242788222	0.11917559685995752	17.879268041612875	2
5.1101771957182445	58.912181659692465	19.273278432977268	0.15236495699073493	16.551997754621286	2
2.0538723617713384	9.66448847400036	0.6777679970546102	0.06633341263067337	87.53753775454301	0
5.124458860215879	20.145043900778795	0.4048723256369863	0.059824311438867774	74.26580060192947	0
24.734914027799338	60.02316120232775	3.263132888504816	0.08173341000569728	11.897058471362405	2
20.934136107054687	58.62513368267389	5.591663975229462	0.15187214774964106	14.697194087292322	2
8.696235735847841	58.0873380721967	8.651319998437675	0.045225731680946304	24.519880461836838	2
13.566571189152373	43.92445992898701	1.6414447055425792	0.1284728568315429	40.739051319486485	2
6.200233553150241	78.623303304118	5.9978076241949045	0.20642790148851614	8.97222761704836	2
3.704806784447546	80.9288756416255	3.3083029829366595	0.1663841872273043	11.89163040376299	2
2.3394679317340525	87.42584005472948	5.398094729641985	0.46086800279227624	4.375729281102213	2
1.3356488410033276	88.1004106184149	4.204960876443399	0.5804901659064029	5.7784894982319885	2
4.080725042269215	82.91023282383408	1.7617459112932	3.1039668043433704	8.14332941826014	2
3.4231094340371313	81.39748736231789	1.5918150499396055	6.834025557309807	6.753562596395564	2
6.4173940358600134	74.48873361552563	0.42747297940489554	8.852967607078007	9.813431762131456	2
6.439046945593516	69.28567538358784	0.7873992851767162	8.74786774212965	14.740010643512274	2
7.932854637066772	72.92479772671577	0.22032598872053846	10.913192609475168	8.008829038021755	2
16.3429731686695	55.6558561997898	0.13850898888097754	23.141682953957773	4.720978688701952	2
6.221213321109483	37.12699706173697	0.30086810145007026	41.2397125812092	15.111208934494266	4
3.5981582157074454	28.786988146271465	0.16904126525070626	62.56339225155634	4.88242012121405	4
6.571143226770587	34.55921963204752	0.14489092978167714	12.139947866275305	46.58479834512491	0
20.165422887553365	53.15013220184309	0.22514841675680786	16.280738540909013	10.178557952937716	2
21.139763165918854	50.93340377393457	0.09836291391243361	24.647665856331056	3.180804289903097	2
19.05129197117919	43.672569353369624	0.052433474766576206	34.6713481615199	2.552357039164697	2
11.422913399513671	28.895400731654814	0.03100791425907798	56.25199147192579	3.3986864826466423	4
5.856027368817108	13.574841891516282	0.02091452137537608	9.05580113476136	71.49241508352986	0
22.764347982843713	48.8717515507989	0.039573741020365004	9.02847689548458	19.29584982985243	2
33.645826079028666	32.57941415577578	0.042193717718064704	26.825349817820154	6.907216229657324	1
16.640780234796967	33.3745734444344	0.04534702763844806	35.12284232748675	14.816456965643457	4
22.573182144601944	27.718844080591136	0.03274838429177255	40.00396816631611	9.671257224199033	4
7.608125799461406	29.288124554516195	0.0452644518415937	54.93812641990823	8.120358774272574	4
18.930450040485987	21.385804189650557	0.023123843729400535	52.25648798283604	7.404133943298015	4
11.46467178064005	24.341354550518414	0.0403674047207226	55.9529137720718	8.200692492049013	4
7.781780815078757	16.28809213534827	0.010866242833843458	20.11077733113654	55.80848347560258	0
9.096626756721145	40.63044813084488	0.014183803143976343	42.723341461514686	7.5353998477753255	4
12.519418176336316	18.37840866120575	0.0051724069231516845	54.15266822744652	14.944332528088253	4
10.576513674751778	14.05300540770956	0.29189285281672184	61.77166910758337	13.306918957138562	4
6.883525594406108	26.059774576345824	0.03906948840432923	46.655462048926566	20.362168291917186	4
0.2997175885541483	0.8524494712706607	0.13332962690198516	68.55126461892881	30.1632386943444	4
1.390372109106608	4.502865338597227	0.20590409868385934	65.26849732936515	28.63236112424716	4
1.1264779622873244	2.8370664493523066	0.04864038106672161	79.1148844350239	16.872930772269758	4
3.680802291884646	1.963131048215783	0.011922509937623577	11.403478814592155	82.94066533536979	0
12.778392081858932	4.630820620668183	0.05866176700121048	67.2750706674905	15.257054862981164	4
22.958457545664448	4.003499507247543	0.07751026642403819	54.73226069915709	18.22827198150689	4
15.462348173662763	4.48904344437914	0.023916297321125463	71.27289885779186	8.751793226845116	4
21.960043776962106	10.428671182166212	0.01776994122965263	61.078479301136944	6.515035798505092	4
17.298953926681904	12.412367107113237	0.012286979575588497	67.84991608324984	2.426475903379424	4
12.909702257077301	18.46409596000677	0.01632745262684933	52.44388604038659	16.165988289902497	4
16.618722878241	24.734931595252373	0.0036133181383239425	39.74531974238635	18.897412465981933	4
9.463461228407237	28.171256894102992	0.33424295783173574	54.3349444839974	7.696094435660643	4
14.692484261041535	17.531713374522397	0.06246161294765081	48.878027475807535	18.835313275680885	4
5.798517856549937	9.15937381512423	0.0077718098496341904	13.263913612712514	71.7704229057637	0
4.229778386514828	9.044161384023502	0.028341083030584194	65.61710439410253	21.080614752328554	4
23.406331727046684	19.750951612591887	0.015872957769730748	47.35329971997411	9.473543982617594	4
13.99098102643367	10.789585430494153	0.012681725165398866	10.439075664193712	64.76767615371307	0
19.482412418660473	18.12964422984456	0.03950839199083051	39.13620483352667	23.212230125977477	4
27.45297300675793	26.792875990543845	0.07259236298436429	37.728642832399004	7.95291580731486	4
10.616247592210765	9.071934008948492	0.004640757185045671	18.290271562279774	62.016906079375936	0
23.237268501700633	17.775505289097794	0.004345248882457232	33.44369454647854	25.539186413840564	4
16.411750289138986	23.06366520277611	0.004467922151461209	26.907208642500496	33.612907943432944	0
1.7144668736333586	1.5014173137409514	0.0016340079287238735	1.765129103748229	95.01735270094875	0
41.55447536144517	20.046310998750766	0.0035874151914667453	20.002696119535837	18.39293010507676	1
38.410310843870086	11.318948018195181	0.004778995982480998	30.373315084213882	19.892647057738397	1
14.105263065777379	7.425374464851764	0.0549499100517414	39.56991361764739	38.84449894167174	4
7.550038704970579	19.946183320790194	0.02547307303118776	48.04694525183042	24.43135964937762	4
6.3534143728983095	33.77645687134072	0.03912310799455954	29.10752652773053	30.723479120035886	2
8.928053062006782	29.882512278160288	0.028047129723187975	35.941352071843085	25.22003545826666	4
12.249128280596828	14.220794727520234	0.008733753168004843	52.28655565413882	21.234787584576118	4
10.526198351906732	18.916899840309213	0.013177528203050718	56.79565422260035	13.748070056980655	4
10.406154205708765	22.422970468078496	0.010359142688510061	41.098906558645965	26.06160962487826	4
10.077854257711314	19.706971944034954	0.01376135494823651	52.617118154378	17.5842942889275	4
14.177842670276444	15.127087871765946	0.012655516865341433	42.21803316878681	28.464380772305457	4
14.756604239954472	14.722944006377567	0.01086687758685946	50.70623313836477	19.803351737716326	4
16.08161807938982	22.01841295888606	0.009025564122320369	38.927943697314134	22.962999700287682	4
16.345760073609032	17.110657974591785	0.018873741015598165	59.0517574604398	7.472950750343803	4
9.218628088250433	22.90602289148867	0.22177437230817576	44.76304705936617	22.890527588586558	4
9.642753199847728	24.994036730034747	0.08889722124293425	46.992737145580804	18.281575703293775	4
10.89837736134267	15.889158959634281	0.17891002500785005	36.60777844220449	36.4257752118107	4
7.367511350113186	23.89252551239212	0.047066514339006514	42.814974341397566	25.87792228175813	4
15.621124850310174	20.386645201551545	0.006182930202239641	52.76776580231712	11.218281215618916	4
7.591467337472279	18.389167788703354	0.020911415293233725	52.24660350976921	21.751849948761933	4
9.247054570736129	14.864044037544556	0.011417438641187065	64.43547295623982	11.442010996838325	4
20.72955032633586	14.437114144785488	0.003189747258467095	55.02501438132397	9.805131400296228	4
11.090125817730168	21.853271975195494	0.028604579647741074	57.213218309383095	9.814779318043493	4
21.21043050207326	13.495411938725926	0.024698126318182155	48.946437336362216	16.323022096520415	4
11.983592033665456	11.37794249773866	0.08604061886208059	56.615004624086765	19.937420225647042	4
3.0640404902940857	3.691260062149445	0.05202420006192614	74.42427266682914	18.768402580665413	4
10.159377812258864	18.44937941965471	0.029364318163356763	56.69417151327407	14.667706936649004	4
5.350190736257476	6.486642555926618	0.056260205569481914	67.00985792781137	21.09704857443506	4
8.51398664560881	9.732379243444234	0.010854303220848113	59.271612988179854	22.47116681954625	4
10.215024838804803	14.28602904635813	0.19454226524410284	66.87794978813166	8.426454061461303	4
2.2837196425633826	5.824865943753007	0.17305929574951465	75.58427334119662	16.134081776737464	4
16.50904567878075	15.875144823790968	0.014688324644738286	58.6022669871931	8.998854185590432	4
9.553909104007872	32.770233918509675	0.02135286191631307	52.404238616441404	5.250265499124727	4
2.4606419228081875	27.42732286010428	0.008836584085287324	31.527360785561033	38.575837847441214	0
3.67141253503172	23.282053817654756	0.04033519727446364	58.35729095283941	14.648907497199632	4
10.960287165892494	23.85313854584133	0.002858459756770366	54.98546247157152	10.198253356937887	4
11.43202703291461	23.42578125108684	0.014678889238040957	56.50078197904352	8.626730847716995	4
8.99840837384384	20.689207764169907	0.0049788411771046915	39.00938609048279	31.29801893032635	4
16.30318255399762	6.546478845257014	0.013601563354733826	24.11450723254462	53.02222980484601	0
49.99127801301766	7.531669751237594	0.013724806315095213	36.53140317017235	5.931924259257307	1
14.271168686539449	3.6141664229145727	0.012792941721487792	73.58274473427375	8.519127214550737	4
17.11828070844205	11.822864684275615	0.009607604989191025	59.58366895809508	11.465578044198056	4
29.48174163821877	12.756913052531846	0.001283987247910851	54.55057422228894	3.209487099712512	4
25.842535846951492	9.335707094917504	0.0019104647724704443	60.23049697222588	4.5893496211326665	4
7.336598281430996	8.120525837072952	0.010711724853701383	36.970669594275805	47.56149456236656	0
12.373735292107831	17.46497660813707	0.0017942807168072228	56.93033841371704	13.229155405321261	4
11.677704302655712	25.379148577129197	0.007862116148515192	47.83115828108521	15.104126722981373	4
10.196889055768176	15.790325324796303	0.0165379328271504	39.773755802341114	34.22249188426726	4
11.648023771735067	13.329982446515029	0.004465794478218888	56.68724688506658	18.330281102205113	4
10.664428866848713	14.185404790270182	0.0035791589600575905	52.56297927011238	22.583607913808684	4
5.409329068660136	27.049933139944983	0.027416775672623118	32.420355001039354	35.092966014682915	0
5.2300308034350715	5.627883266976149	0.0063137465193508595	27.444384176928093	61.69138800614134	0
26.247867972332028	8.799213068027113	0.003727132313993744	47.38990473302776	17.5592870942991	4
28.879493880848038	14.189100290117231	0.02060107574317781	48.44686118687226	8.463943566419289	4
11.68561527591327	15.61596331079243	0.08041607890634629	29.771690659728645	42.84631467465931	0
14.896732149623059	28.151909054885692	0.053647854409317956	53.378313543092645	3.5193973979892914	4
13.307312891718961	31.998916723001685	0.12281871131803754	50.621681944065365	3.949269729895949	4
12.349931261708088	28.703831356948694	0.05298830426568024	43.7141988512335	15.179050225844048	4
3.597908178067087	4.359192053878013	0.012143428570522271	1.8878712430182096	90.14288509646616	0
30.19137849420414	53.47303915255367	0.09748969351126287	9.815978540530333	6.422114119200597	2
6.072842092540455	91.33506118100661	0.0967957346499897	1.7627545618745706	0.7325464299283755	2
10.368355419819316	83.07890317296366	0.34549845917559585	2.8587446121834135	3.3484983358580154	2
4.8812255605482875	86.56922194440365	0.32133816240301744	5.729636593393442	2.498577739251593	2
5.3336391231261	86.45894041286468	0.1825265553794736	6.011439852703908	2.0134540559258567	2
1.5347991576820184	94.8421893363187	0.18195385824827492	2.1812235504573634	1.259834097293656	2
1.716924064700841	94.66098699969389	0.022598259171167635	3.1155264365937585	0.483964239840355	2
3.1583031270470374	85.91324192651331	0.13828665009064586	9.225379812800444	1.5647884835485724	2
4.948780192749628	86.12401498387861	0.3489326009774858	6.951318326669913	1.6269538957243659	2
6.722322963578854	81.07325075429401	0.31136579727626335	7.558597602294275	4.334462882556608	2
2.9372311060277174	92.60729352896722	0.33669991968045904	2.6698276698350436	1.4489477754895568	2
3.3078611717427777	91.75693132045116	0.4906138291547321	3.3420682175618346	1.1025254610895066	2
6.615924073514668	86.74809682066207	1.1392173152213263	2.330376690994089	3.16638509960786	2
8.35305040022918	82.3296496409785	2.614619701634213	2.155566517715221	4.547113739442874	2
3.5720407063246764	89.19681209607391	2.702825228781639	0.7411774497241851	3.787144519095583	2
12.606817927362371	80.99220877647852	1.371287869824167	0.3134699352501354	4.716215491084818	2
21.268546338782006	48.84011536112595	0.3222055703984733	0.2134542268464021	29.35567850284716	2
17.177200268518938	76.22714668867458	1.5866799981442827	0.05654477757068519	4.952428267091506	2
18.752776749997494	76.04417969015775	0.41599383024889247	0.0320149869706912	4.755034742625183	2
26.271941271367933	65.6130615566544	2.192579668465398	0.07294561443058538	5.849471889081691	2
5.358388163104136	87.89197216742623	4.801051736884554	0.05094219198862508	1.8976457405964677	2
3.1039967994147335	90.67727224122898	5.056901557935185	0.019210889680459	1.1426185117406493	2
5.157680794345612	84.17723000599041	6.543487785466999	0.026763697584576588	4.094837716612407	2
3.8816109828955683	90.22376836835103	4.888635939155889	0.023994361230332	0.9819903483671776	2
2.724132003819969	78.74092611481471	16.588353007416455	0.02819165414233083	1.9183972198065453	2
4.010686997144557	78.95336881677243	15.451326550467703	0.03211563238040784	1.552502003234912	2
3.712419635770789	84.80080624531145	9.24147057275914	0.05223612981295757	2.1930674163456416	2
2.782171533100244	77.64737618184479	17.69045761965026	0.0257442956687982	1.854250369735903	2
1.7873098430499712	86.92600528288824	10.13685210822121	0.029930234064717707	1.119902531775857	2
1.1309949700239776	78.39391011680438	18.88300155309318	0.03551240376311434	1.556580956315342	2
1.7664771666507817	93.75388665085941	3.1395828354470696	0.01452022333291958	1.3255331237098278	2
0.35401306034794366	51.10638038217016	47.21274537778839	0.016419108801708125	1.3104420708918119	2
2.998920654086254	80.45054734577917	10.371913057900988	0.02717124820127264	6.151447694032314	2
1.4595536179465702	75.79515028319204	21.373922222794548	0.027843751291338214	1.3435301247755114	2
0.39712380915665435	43.0057792407255	52.03858261681105	0.015948006869031053	4.542566326437757	3
1.9790525409883692	66.79795384823483	24.819433460273572	0.015026719573630104	6.388533430929588	2
0.8597965369405827	46.22137339682552	48.940469719383124	0.009273763019995067	3.969086583830787	3
1.0822899430868025	62.710644316993324	35.116762744569364	0.03360515707254982	1.0566978382779653	2
0.7624846396776188	47.509790005072624	47.6803455742457	0.012003763235059552	4.03537601776901	3
0.32318177762955685	39.29800580916366	56.84709691174034	0.014126422891549717	3.5175890785749	3
0.15408929715722947	21.298707333077534	77.91579920541041	0.013380611259777324	0.6180235530950489	3
0.2890698304765062	32.144082018996144	63.846412548826294	0.013225409511401448	3.7072101921896543	3
0.24601392919997556	31.673646613970767	65.29097323898696	0.016823817295400428	2.772542400546903	3
0.23925222549328315	15.261705728998207	81.36079112926045	0.018567233916084985	3.1196836823319622	3
0.029989123540803818	7.322617263071764	92.52790221850596	0.005326971622802797	0.11416442325866438	3
0.0900979946009798	12.939721075318333	85.48566296288527	0.014622312354272872	1.4698956548411504	3
0.17526750277985303	26.50147603565593	69.44248615659244	0.021324396358043184	3.8594459086137305	3
