N1	N2	N3	R	W	anotaciones
4.754436161789201	0.6641560027236105	0.22823864513583908	8.516352240646553	85.8368169497048	0.0
3.0387869040870688	2.1378600853128424	0.3768918070730704	0.3283508961570092	94.11811030737	0.0
1.2288523862584078	0.5706631653222414	0.1485353437892241	0.22304289077426315	97.82890621385586	0.0
17.248041746125516	8.601349222446999	0.6968005340180877	0.5730819616503069	72.8807265357591	0.0
22.56630254940902	17.748063442342072	3.145602260548366	0.8749230150387982	55.665108732661736	0.0
10.312054862065569	4.468738804896622	3.0809631600512564	0.3780309131571855	81.76021225982937	0.0
1.3916107813046543	0.9480402848979734	0.29783853278783634	0.08282153006072666	97.2796888709488	0.0
3.4511720475979564	3.706871685296188	0.9158914220620389	2.2495019351077037	89.67656290993612	0.0
2.3599215993996	3.0931288232024636	0.3539928668428589	0.6177603062917315	93.57519640426334	0.0
0.5820703979445985	2.4038715819249967	0.15751396507491025	0.7585583047372554	96.09798575031824	0.0
0.35135612785526144	1.066047558394523	0.43757893920455354	0.3147369013123882	97.83028047323327	0.0
0.7970186105881225	1.7540793957524385	1.3915269251551714	0.4999468491713618	95.55742821933289	0.0
0.6533777953334613	0.9568204209284601	0.5737520662357487	1.5836020008500356	96.2324477166523	0.0
1.0026628796508064	1.918327239112801	0.5872731695390898	13.210392013269148	83.28134469842816	0.0
1.1630831718906425	6.217146355660912	0.7027239667614928	27.580272742095445	64.33677376359151	0.0
0.8834645667512445	7.035082047440187	0.20620595505161515	1.906393493126758	89.96885393763019	0.0
0.8026132381133885	1.3430251780429467	0.060761088481576964	4.424448621735731	93.36915187362635	0.0
2.1701922016367075	2.760282439039205	0.08721717618453464	3.333161391976646	91.6491467911629	0.0
0.9526091403313225	0.49315666925097656	0.24449952020553467	1.1006277899966572	97.20910688021551	0.0
1.5809294653511294	4.206211016771366	0.12589205708838083	1.0111158967419758	93.07585156404716	0.0
2.890860709659695	1.210605593247085	0.012965812389889732	2.969270713061102	92.91629717164223	0.0
2.761837460317528	1.699311514853834	0.03577257092997108	9.831802770260099	85.67127568363857	0.0
1.1838010493737907	0.6100846650828787	0.009868001815033327	0.2296631640004078	97.96658311972789	0.0
2.711579847642402	0.5775738493196786	0.008355063424085332	1.0902424272393185	95.61224881237452	0.0
5.3553863652769165	1.8199227329481507	0.05394504805588578	0.26379891359761104	92.50694694012142	0.0
7.567209279020689	2.70858114790584	0.39346379587028535	0.5743963085124665	88.75634946869071	0.0
5.75126444762709	2.0602163756677556	0.216191523215086	0.6267870429910459	91.34554061049903	0.0
17.386294483208502	6.877431679003871	0.02430201952798388	1.5532751108405893	74.15869670741905	0.0
3.254189589695464	1.6357633250545092	0.5659684363063663	5.32597960777112	89.21809904117254	0.0
3.4917341315822887	1.8551549870321746	0.7679595901193835	3.0500128148004584	90.8351384764657	0.0
4.367578783810818	3.2446008684090386	0.3819133538837688	2.33303181336714	89.67287518052923	0.0
6.913359639945618	3.421262343376377	0.05999637406145103	0.5448777746770148	89.06050386793953	0.0
2.052316293027675	2.0629904570984134	0.30835758618150305	0.29217120676006986	95.28416445693233	0.0
2.5140391606524806	2.7420997592976923	0.3634775591387365	0.40595050699099594	93.97443301392009	0.0
2.7862721301077085	2.5538390761934195	0.11224901711751317	1.2270131069971728	93.32062666958419	0.0
2.9081495438595795	2.599068621114641	0.5084585973019051	1.6071817824592851	92.37714145526459	0.0
2.15004161200092	1.9910533659135496	0.2477149932262509	0.4104521324006821	95.2007378964586	0.0
4.237637337703651	1.4034521881058444	0.4510483899700402	3.2242335531200172	90.68362853110045	0.0
6.600209347137896	1.4787636661392312	0.040258083283239904	2.2909288048523666	89.58984009858726	0.0
1.1838671820432514	0.9935085941174935	0.15221719026358033	0.8974192752158167	96.77298775835986	0.0
1.1333984301505804	1.1942596940296883	0.2430664615714001	4.264465032643286	93.16481038160505	0.0
0.11270529893984473	0.12032688044085042	0.06448179939288715	1.076547001013367	98.62593902021305	0.0
0.683064019248037	0.4354397098667203	0.03191613157871261	0.47554441438593714	98.3740357249206	0.0
0.5774674156312564	0.24925250201611288	0.03847686674129033	0.43118150631737834	98.70362170929397	0.0
0.9797565438187399	0.4636289875477055	0.020304884052048923	2.1994621193546817	96.33684746522681	0.0
2.8743494025578604	1.7533209170477033	0.19769251689660683	1.3824352646104912	93.79220189888734	0.0
4.501105315337292	1.5197699305167862	0.04847040031313515	1.6179910992443998	92.31266325458839	0.0
0.8884797876152937	0.5803157801821782	0.05313065210255056	1.147669655647943	97.33040412445203	0.0
1.012894345510432	0.7197424092352699	0.14298735986623096	1.0676533140577413	97.05672257133034	0.0
1.3852386187232952	1.3838457268659394	0.5729263421351571	4.159372833796749	92.49861647847885	0.0
2.7148498514717136	2.4186517868396327	0.5865348054643038	10.047320238748553	84.23264331747579	0.0
1.6898332046591973	2.706326956820569	0.7688040249796296	3.829709926932201	91.00532588660842	0.0
1.262940206993205	2.258697567446048	0.3415696877946088	1.1885240198088516	94.94826851795727	0.0
2.7488669928346336	2.0322145245696652	0.31089272219092906	0.26779395480846124	94.6402318055963	0.0
1.362355031932998	1.3955932755617464	0.08789599375907473	0.23466645265681935	96.91948924608937	0.0
1.2654296715557167	0.4592283418321172	0.040898898474258615	0.15254796126072212	98.08189512687719	0.0
0.8565653155389392	0.43525823000790065	0.013764924522650709	0.15165062045272065	98.54276090947779	0.0
5.710930326661899	1.1219818417083258	0.02134671912713042	2.1245978445222216	91.02114326798042	0.0
3.6014293806886837	0.5340783481218245	0.020978186880658913	0.8898872309321038	94.95362685337673	0.0
0.48513313147930226	0.20867873248068994	0.019670984036972372	0.16477663777998452	99.12174051422305	0.0
4.402424075550649	0.5422590891731227	0.02928782262955963	1.1724554774956575	93.853573535151	0.0
2.270563388656222	0.9473714125899476	0.09516833110115537	0.717952598834829	95.96894426881785	0.0
2.131077136173229	2.560837613470028	0.13681041173829364	4.910882922109385	90.26039191650906	0.0
0.7052007730927352	0.8227025408588474	0.22253675876151685	2.4339710000228565	95.81558892726405	0.0
1.7850627290308971	1.1224942047744864	0.13713774848611976	10.856014223033128	86.09929109467537	0.0
1.8269939691900938	2.582582867916916	0.606483967038923	2.698146873572196	92.28579232228188	0.0
2.5257583905494476	4.596847423699748	0.5811306837387764	2.450973298559583	89.84529020345245	0.0
8.087748020465572	14.579453970069881	1.6894577790007934	3.349142114016489	72.29419811644728	0.0
5.479637062402424	15.585336394016652	1.5155762428909405	7.309195596464875	70.1102547042251	0.0
7.356146392826815	14.035350008196087	6.235058002006005	3.6174584618439254	68.75598713512716	0.0
3.6581705720691913	5.530903400487273	1.2545533347838045	2.7237209983639254	86.83265169429582	0.0
3.303751428000553	4.745157944628473	1.361612267446648	1.4253942644808804	89.16408409544346	0.0
1.6002078680798906	1.5410692570048483	0.42097876120455935	1.5601580214719168	94.87758609223879	0.0
2.9788168520606644	3.607004554664005	0.4116895076769366	16.04080730354522	76.96168178205318	0.0
2.7391649017580204	3.0563460944223837	0.8214533865140647	17.21342332146504	76.16961229584048	0.0
5.186626953989981	2.544949104686515	0.09424737884332686	27.266472592820406	64.90770396965978	0.0
1.559788015204366	1.112306970329495	0.5250643928654992	7.2613642269229794	89.54147639467766	0.0
1.1667868761107543	0.6379383588880639	0.34043379124383616	6.370465015463078	91.48437595829428	0.0
0.7510713266846998	0.8536337698290828	0.18608011220981754	1.7871270801866044	96.42208771108979	0.0
2.1877732687753197	1.4382421415635516	0.09034569992543759	2.916352292402834	93.36728659733285	0.0
2.389353453489987	1.1514480827092646	0.16751234559201872	2.3644885925842205	93.92719752562452	0.0
2.326429620844599	0.6090116476583499	0.0210291941740293	2.651761515217844	94.39176802210518	0.0
0.6744070419544425	0.21980499001306525	0.028111906048678775	1.2780129171560195	97.79966314482779	0.0
2.800317570520708	1.0100638620369082	0.17431807436754465	3.8162536589543152	92.19904683412052	0.0
4.880717217478045	2.9418382002284806	0.18850348453642768	1.152489737369471	90.83645136038758	0.0
4.270051151003247	3.4682459780425825	0.1813388949140068	2.3045775704912153	89.77578640554896	0.0
0.8267283639510227	4.027191853532563	0.7190533182180232	10.47178928193826	83.95523718236014	0.0
0.6175328255621232	3.0428266004625613	1.0803661802353823	1.9751751422307167	93.28409925150922	0.0
0.44394482486476455	2.358762654920713	0.7437174634807516	0.8974718603434475	95.55610319639032	0.0
1.981768477887416	4.384638306800021	1.2446311877304725	4.541768962777229	87.84719306480486	0.0
0.835806857892039	2.7780417281271115	1.011636663854282	1.0597636410608293	94.31475110906574	0.0
2.0486188446478244	10.700865566454198	0.8684880165357409	2.8342528830468847	83.54777468931536	0.0
0.7676254461588594	3.311184375841003	2.1197754365101895	1.268719190064894	92.53269555142505	0.0
1.2710265636885192	3.1989340095874987	1.7639801319718693	1.6555076359552283	92.11055165879688	0.0
2.4727645127374474	4.220153638335335	1.003434240793677	1.1229411363467188	91.18070647178683	0.0
2.2385625288827784	4.023467039881311	1.0385112479089913	0.566153267240993	92.13330591608593	0.0
6.161427783866157	2.7221736476030864	0.8434353150357506	1.2110045551811641	89.06195869831383	0.0
5.671983319994205	12.579390265580937	0.8602574882041166	3.1712144804073645	77.71715444581338	0.0
3.008431195973117	11.74609373058567	1.3018724151629772	2.4115634753940682	81.53203918288416	0.0
1.2905205907986899	5.045422444249501	0.7310120165950104	1.171944254680436	91.76110069367637	0.0
1.161721437111373	5.752913802226168	1.2975043737521308	1.1451143701312017	90.64274601677911	0.0
1.5532131330029857	5.759447907208764	1.266264382615819	1.9398934019172687	89.48118117525516	0.0
1.2746623850379115	11.74413759044353	1.9451337478985495	1.5313476316094135	83.5047186450106	0.0
2.0526138451226994	8.506218313191798	0.8544844626006921	0.51458057180932	88.07210280727548	0.0
1.1800877935743943	5.765364421583687	0.8788785566869229	1.6425113556951039	90.5331578724599	0.0
1.052507583783047	3.440153875018109	0.2705817570860357	0.1454991891643527	95.09125759494846	0.0
0.7187626983308519	1.197965264557222	0.4909694385463456	0.18904442710946462	97.4032581714561	0.0
3.0501517925281774	1.787117538252569	0.9753598913996143	0.6830199302646102	93.50435084755503	0.0
1.8221945429230983	3.6491949595506035	0.2206438884279546	0.6476598906040539	93.6603067184943	0.0
0.6369035863692352	2.084464867304972	0.409405564992635	0.5784897560265981	96.29073622530656	0.0
1.9575180933303786	11.590930647610714	0.07375568139125656	3.779703789120744	82.5980917885469	0.0
3.129040930340739	4.719787519106945	0.4029671869215559	2.4805548230436965	89.26764954058707	0.0
1.933243028858251	5.418502794367715	0.49660377470085926	3.0287034995649673	89.12294690250822	0.0
1.033045424306067	1.894505425723258	1.6977871820409587	3.999873238607616	91.37478872932209	0.0
1.0650282439070047	2.0120255405126186	0.3527242363862695	1.332899691692792	95.2373222875013	0.0
2.6630150944168105	3.3460344750370528	1.5865959896623851	5.455556038353463	86.94879840253029	0.0
1.508326457237093	3.005951112740699	0.2773148843209953	1.734184316075689	93.47422322962552	0.0
3.9875111163260257	3.868431404723524	0.2762585610066022	0.6629709615960375	91.2048279563478	0.0
6.652179901018062	8.889322507319763	0.14493029175320793	1.29708557364836	83.01648172626062	0.0
21.706153494512805	23.87416233309223	0.21562901947590846	1.7495431221342284	52.45451203078483	0.0
12.36814843178537	16.31720012689618	0.04143178739468462	1.263591107413727	70.00962854651004	0.0
7.881355156881578	15.793417886156217	0.03790260510700004	1.1559616134898607	75.13136273836534	0.0
9.799134146188699	14.50703941740212	0.1916421019706901	1.043456864980829	74.45872746945767	0.0
10.825420559952846	13.409662076694987	0.17500810880844694	0.7666664574269275	74.8232427971168	0.0
7.5249372752967085	27.07564097510196	0.17270912644231973	0.8479698484398063	64.37874277471921	0.0
5.622381970678071	26.355852858673188	0.18774956010278288	1.899539193157732	65.93447641738823	0.0
9.83545216420071	19.750633810303466	1.1471373214431717	1.829212507993994	67.43756419605866	0.0
13.922427123483242	26.556531590925292	0.4399115094690311	1.2602123261561138	57.820917449966316	0.0
6.936068537520586	10.854918559827983	0.6187170292597042	0.7524143755744119	80.83788149781732	0.0
6.335348555697452	15.503748329575156	0.5004770528673326	0.5625997870418068	77.09782627481826	0.0
2.688480177358955	8.619382730707386	0.8999600959856598	0.872065965854729	86.92011103009327	0.0
1.8606289997757388	3.885560037919685	0.36421482759318413	0.6223996518477155	93.26719648286368	0.0
5.019988919587792	8.580461277735173	0.21526434723245017	0.625665638582399	85.5586198168622	0.0
2.7467469029426885	9.862097437147208	0.29164941355474205	1.1096997127549344	85.98980653360043	0.0
6.521233333986235	10.708869965919304	0.23656466065335507	3.9596229169559285	78.57370912248517	0.0
2.0125516124678775	2.6478872475182063	0.4083494941615769	0.5342435435023317	94.39696810235002	0.0
1.137595769709563	4.8155751826031965	0.5196804535825933	1.3978069923283338	92.12934160177632	0.0
2.8154315445509175	7.900813724385215	0.5754491963675579	2.076567908840674	86.63173762585564	0.0
1.3974898810856822	6.989898408795399	0.4310699932038424	1.0450876829100493	90.13645403400503	0.0
1.3321510882998466	7.52672060480611	0.18358543634420676	0.617193881923208	90.34034898862662	0.0
5.577288599770096	17.19317852605461	0.5458455050583625	1.5349472860743028	75.14874008304263	0.0
0.9126745071062647	1.98038954345428	0.07893436761665276	0.1790100277006399	96.84899155412215	0.0
6.452887361769938	11.489264730866832	0.19745117293578748	1.591142648826263	80.26925408560118	0.0
3.8197706034458636	6.70316477257531	0.7474479474378503	3.1305580148401595	85.59905866170082	0.0
4.293340434944246	17.87948173737125	0.8722763861343744	12.787674927854468	64.16722651369565	0.0
3.239172560259783	7.764225073216982	0.3830407528776346	1.820342191957048	86.79321942168856	0.0
3.727513428551098	7.668264628888384	0.27173048385264714	9.871741286193227	78.46075017251465	0.0
7.965532283577143	10.40210562878664	0.37446250597019765	3.90108393104037	77.35681565062565	0.0
4.049516973008823	6.779683179699251	0.2680392952992289	4.476071445106573	84.42668910688613	0.0
4.528073602055555	5.614164309210505	0.25610757408003354	2.13439084836812	87.46726366628579	0.0
5.1497567161072055	7.143649021854063	0.0513385092722429	0.7435087652658823	86.9117469875006	0.0
8.100414390608554	3.3381337898075736	0.17750422604357002	0.3178360634287987	88.0661115301115	0.0
9.088163588115451	10.342318927642532	1.2062582375375586	0.217369162101209	79.14589008460324	0.0
6.546078281736882	3.7998032376242614	0.6784706304206551	0.14854853474560606	88.82709931547261	0.0
2.242130020829467	6.235198446328248	0.8686748964370106	0.3858813685895193	90.26811526781574	0.0
1.373521575608442	3.2676283325869844	4.2061007847612135	0.37302861167458856	90.77972069536877	0.0
3.29377598164755	6.015750593850865	7.531152503024176	1.3689922309689844	81.79032869050842	0.0
2.2824409018214324	6.507118636086484	3.9248325164897033	0.7076810949245828	86.5779268506778	0.0
6.598611346937869	14.250362853980311	6.385498521396251	3.196909081915266	69.56861819577031	0.0
8.369425794652486	10.577182824993306	2.5877368907260108	1.3184562902860435	77.14719819934216	0.0
3.500458563699889	11.793167233650575	4.034672517398566	0.5522982119787172	80.11940347327226	0.0
8.675101288345479	16.214331583780545	3.415532043591097	0.548618440030479	71.14641664425241	0.0
12.158601579337674	16.737914234763444	1.0622376380737528	0.11338595890593917	69.92786058891919	0.0
7.307945696837789	6.530574663038335	1.7833697334626424	0.5868813276050878	83.79122857905615	0.0
8.865158037540933	9.493720460450977	1.1674554954526786	0.4699396966053201	80.0037263099501	0.0
8.185773966989982	6.168039475338208	1.1852366681297974	0.29359822448373274	84.16735166505829	0.0
8.627998248761887	18.417176330307463	1.542742274859964	0.8353360496338964	70.57674709643679	0.0
12.020876687412867	7.977210293288113	0.7681629416627522	2.3497223282110107	76.88402774942527	0.0
12.969596310124171	22.317957120205836	1.0850937192659516	16.07787605849565	47.54947679190838	0.0
14.013223394295906	41.38101739970352	2.6957061213132802	22.576054461873753	19.333998622813542	2.0
10.875211383039279	12.960226467493143	0.8162798560768234	16.342293170968922	59.005989122421845	0.0
12.357923571163859	17.651210566821206	0.5078293279616456	8.614249498362193	60.868787035691085	0.0
7.028623980016087	15.339032760767301	0.17837592059274673	19.944310492122984	57.50965684650088	0.0
17.456853298983155	7.903435686262145	0.3292744292162646	5.060400416588787	69.25003616894965	0.0
23.3295180795323	8.23985875457699	0.5605455407508396	3.1854859029202034	64.68459172221968	0.0
32.61786478454801	21.372984235013607	1.5778236052600376	6.868512483596094	37.56281489158226	0.0
24.07361867806175	21.778554610955755	2.162665636088069	12.331830585734396	39.65333048916002	0.0
11.31141307853014	22.120866362371398	5.3967572912113075	25.299524608776995	35.87143865911016	0.0
6.016353547361087	15.812581375960805	5.053989675432781	21.991071455900368	51.12600394534497	0.0
4.682450561083136	13.988698289375384	2.7094819594295436	11.713705273988674	66.90566391612326	0.0
6.207711338046965	18.15677728983712	1.604701995317653	1.1481890958898382	72.88262028090843	0.0
6.6744426366568534	15.4140408273487	0.9438528969453224	0.3469270864597577	76.62073655258936	0.0
17.117393060351016	7.836963024671816	1.5589125132123227	0.8270845142897707	72.65964688747508	0.0
36.758551401726656	5.620367885067315	3.116363789865181	1.6542557797790056	52.850461143561844	0.0
11.22857889661182	11.07286723560331	6.714007235826667	2.3785157408510336	68.60603089110717	0.0
10.93095852452994	16.43459028319947	3.2006848518314763	2.765648848316965	66.66811749212216	0.0
3.9226327034788246	14.373630110748797	8.978188894264935	8.260735342663706	64.46481294884374	0.0
3.1241384159777343	9.490891091565782	6.8657515785118886	2.2596113126496227	78.25960760129497	0.0
4.963344392847887	10.229990281206664	1.9604554609216487	1.2897831618098443	81.55642670321397	0.0
9.038196058527086	9.98296141004506	4.4690022152590565	0.27678038323500276	76.2330599329338	0.0
3.365443454182889	3.4718371777503587	2.9422159282546696	0.43132828941333834	89.78917515039873	0.0
2.34764108845988	3.536194042998094	1.4095601815659216	1.26607414053766	91.44053054643845	0.0
5.158575131760676	7.670734723383942	4.899516702515664	1.0523090331124156	81.2188644092273	0.0
5.0987230766876515	10.071316281611201	10.931550212726217	2.134824462892561	71.76358596608236	0.0
7.511709387273653	11.373940473382994	8.790002049958332	2.383550661677906	69.94079742770711	0.0
23.577590859887195	15.178041803959994	6.667912107843153	9.338946834591729	45.23750839371792	0.0
7.959953870084549	14.831259028708873	5.176689216109187	0.6962376134055683	71.33586027169183	0.0
18.579690866612385	17.568715281283694	6.483045769802305	2.0143430277532737	55.354205054548345	0.0
14.7926721653228	17.637247836392387	9.916399049458171	1.030006875431952	56.62367407339468	0.0
5.6551869712466845	5.66522532997576	8.625484146098499	0.4063332018732071	79.64777035080586	0.0
3.7919987829092867	7.0819560315328784	4.463263586207597	0.9088056783682025	83.75397592098204	0.0
5.765425873125214	8.45501073978016	5.082244166936521	0.6089870291605425	80.08833219099756	0.0
5.178914300223796	7.284435873340482	3.577766316939859	0.49621907742096527	83.4626644320749	0.0
9.589334207317874	9.230734707282998	2.840093198720816	0.7298324977352486	77.61000538894307	0.0
4.639374928904092	8.571205533655366	1.28141581837493	3.0903230208122237	82.41768069825339	0.0
7.86745067911347	10.577455428866193	0.7520212595038	1.407806828178402	79.39526580433814	0.0
7.969004692584054	18.623706830116515	1.3853156266951	2.1462908382656116	69.87568201233873	0.0
6.829394329164162	29.666609969218932	1.616417431810212	5.321572463739883	56.56600580606681	0.0
3.203223550622288	12.39171998724292	0.43735504991714597	10.511644151688687	73.45605726052897	0.0
3.4037559273106197	12.996584966142807	1.101909302387932	3.935190984751965	78.56255881940668	0.0
3.237011033217675	14.812113185172828	4.1829866760604695	3.0521242088799236	74.7157648966691	0.0
4.261357218691578	6.771604397874024	4.1776615688200645	5.869354425493437	78.92002238912089	0.0
5.326539165863917	21.25958937872121	4.046472747453503	21.27667140696971	48.09072730099167	0.0
5.986821853314066	10.730754680570016	1.7470274800085603	4.8987011898424075	76.63669479626496	0.0
12.708392973450133	11.596546015315631	2.4247092878794256	11.254352102209273	62.01599962114553	0.0
11.498072384452847	12.827542022536633	0.30163617089194217	2.2337596428665942	73.138989779252	0.0
6.789539881666638	7.137659592080565	2.130087013747955	11.284331422199577	72.65838209030527	0.0
7.365376026604066	5.183061744684238	1.3208464585985815	16.794703301856007	69.33601246825711	0.0
5.622996287376253	8.279443782345913	1.3572089895794017	22.49934266407404	62.241008276624385	0.0
6.14761005461673	14.03617515374876	1.8060375569779104	15.359081410081302	62.6510958245753	0.0
12.422306383360796	22.814485939152966	2.7229826456892416	33.554544310724275	28.485680721072715	4.0
8.242663052549721	16.42634633193684	2.150354253725959	18.10411489056103	55.07652147122646	0.0
9.959989063132276	20.914250062304767	1.796399155699814	25.363708208486553	41.96565351037659	0.0
10.006674838408216	60.186549140363134	0.4384417923872384	4.046144978387508	25.322189250453913	2.0
8.094997434054232	33.12546736212445	3.147209576965436	3.1318393141776992	52.500486312678184	0.0
18.159005165802178	23.91014693092442	10.065500122332367	3.120712641929665	44.744635139011365	0.0
5.749113188685462	19.840009743130224	4.443297777341462	6.035358410816797	63.93222088002606	0.0
3.484075702529868	13.234029532838004	13.738275680512816	4.236819409000786	65.30679967511853	0.0
1.6277452164607193	6.1432504525423575	6.58116014716938	1.332378501251365	84.31546568257617	0.0
2.143483852191339	6.97265555423894	12.214491833037163	1.5921435237745425	77.07722523675801	0.0
3.205293776210734	9.067848705548686	5.232172704816299	0.6203764938527824	81.8743083195715	0.0
3.711024561662171	9.468211591990073	6.017156840750855	0.3322179216415543	80.47138908395536	0.0
4.80870447215676	10.027260423365012	8.4678877813899	1.0918476583672252	75.60429966472111	0.0
4.475020328574908	12.10642450975114	3.0901308290609353	5.143384876148801	75.18503945646421	0.0
3.4693111350769863	8.424493972057528	1.5081927384515381	2.139324531381124	84.45867762303281	0.0
2.5055101494057452	9.692022289502056	1.3873494129280917	4.7198690552147555	81.69524909294935	0.0
3.390066144855181	5.66558522819029	1.5676063735349324	0.40366627242943587	88.97307598099016	0.0
2.0873697702534364	7.014344649626566	1.457867295071905	0.14929392179376882	89.29112436325433	0.0
0.8391855170323935	2.5895239697566055	1.255392325045435	0.03720880774297552	95.2786893804226	0.0
0.44496215537480116	1.712903686740421	0.9293896555663163	0.09226899393875083	96.82047550837972	0.0
0.4527777371158161	0.9386156422293296	0.9349014027563654	0.04467842738002974	97.62902679051845	0.0
4.276801193002341	3.5464331264704434	2.890926259894001	0.3314869304653577	88.95435249016785	0.0
1.659371410094078	1.5369647882975381	1.192280126192876	0.036591707701503426	95.574791967714	0.0
4.646400843632816	6.135286631299231	4.732292195575064	0.3665203636079102	84.11949996588497	0.0
1.0569053636093024	1.0506540786408853	2.177638493337725	0.07403153722024358	95.64077052719183	0.0
2.1482610126929162	1.848420806512313	1.980406820869025	0.06184588987400548	93.96106547005174	0.0
2.18884733764815	2.8318592761977257	3.535593652693808	0.11868098597159196	91.32501874748873	0.0
1.76444080540385	3.274373947473831	2.8465433109391776	0.16255548538537068	91.95208645079778	0.0
1.745898474660952	3.5585277997484135	2.903251450126888	0.23682474019801236	91.55549753526573	0.0
1.1449115331997752	1.3956871493830827	2.4311708051453618	0.08965789986443629	94.93857261240734	0.0
1.0139679354348639	1.0433929294267075	2.9167476262994474	0.15720249904938458	94.8686890097896	0.0
1.501830090736474	0.9831003975872802	2.8785445229591953	0.28634741493853527	94.35017757377851	0.0
1.8150472750478535	2.5498999291977333	2.4896822065387316	0.48984825772893953	92.65552233148674	0.0
8.873092773157957	6.576338217896541	12.150910820475278	1.5360084477404097	70.86364974072983	0.0
2.2982505400724116	2.780640916030809	5.353529224660341	1.533526610636332	88.0340527086001	0.0
0.7223137017677868	2.0673486513000907	4.1099770775357864	1.277521036286147	91.82283953311018	0.0
1.829268360006938	6.564972604103894	7.166865735317509	5.5107392576502	78.92815404292145	0.0
0.8605590547212333	4.840535527669858	3.0623932021961324	2.215843620044245	89.02066859536852	0.0
2.7061442928286223	5.5278633145569644	2.5001446952564925	4.14965055276338	85.11619714459454	0.0
1.9988596666564964	3.7565295182519622	1.2435945525450698	1.1564277843172899	91.84458847822918	0.0
5.106760520943507	5.290583980375787	1.9716167349008056	1.0844076879905806	86.54663107578932	0.0
2.8757928511139905	4.245002030444021	1.6067209791300223	0.8493828216284897	90.42310131768349	0.0
1.8625696440438666	2.9035047663568636	4.122494614419162	0.5791135464968642	90.53231742868324	0.0
2.4336718361066407	7.602663359304045	4.356278746771742	0.2771742722610135	85.33021178555657	0.0
1.6639780481411504	2.452439821411443	2.1433635359942733	0.18675854412562023	93.55346005032752	0.0
0.9342096914578237	1.5063331143260852	1.0764061527436501	0.05109879380293349	96.4319522476695	0.0
1.4107031162280843	1.844484540656979	0.9213460317067459	0.0559499320027251	95.76751637940546	0.0
11.696374175236764	8.644249331052633	3.7572546895034926	0.2937285568737895	75.60839324733331	0.0
5.02391203071377	4.680275531379462	2.001220088843356	0.19386043718366286	88.10073191187975	0.0
7.136905827813175	10.969861858768876	1.2429838002923475	0.1452343877660178	80.50501412535958	0.0
6.793631442981578	13.835637327152867	0.8754112394371679	0.780498513069319	77.71482147735907	0.0
12.517289053546582	9.745917366088515	1.0383211938993437	0.3360172935621364	76.36245509290343	0.0
13.872923555077183	17.99865168416969	1.581766534490727	0.8054149595411983	65.7412432667212	0.0
12.918053387911636	5.66756861863299	0.3611491851005742	1.456536503651767	79.59669230470303	0.0
8.811851132713652	6.594888446170802	0.49028806492844457	11.817200163749405	72.28577219243769	0.0
1.557272028043525	5.4061079682198425	1.5972355863942855	10.243907556227889	81.19547686111444	0.0
1.6626266400755516	5.2996036049930115	1.6746514810000237	4.5687782219666175	86.79434005196481	0.0
6.895487568004173	23.455783334269416	0.8222215358087845	34.68711126503066	34.13939629688698	4.0
4.477843884463071	4.025723033377002	0.16358889008234537	10.675605747670643	80.65723844440694	0.0
2.6325496551921184	2.273358022014491	0.14677725441132533	1.8009381784331528	93.14637688994893	0.0
8.773354803820308	5.418689029604802	0.581348789860807	0.6316769040813226	84.59493047263277	0.0
2.682182210838823	3.0359652092998766	0.31057688549460444	0.21956213778249234	93.7517135565842	0.0
3.065842504729945	2.4167219913120115	0.6354411778489882	0.36697045101161485	93.51502387509744	0.0
3.495186673886355	2.1999779291410597	0.9942846688769612	0.22977249304476677	93.08077823505086	0.0
10.629213958555312	3.7555703948842707	2.527733961726205	0.3621006596623369	82.72538102517187	0.0
3.6550567044072424	3.7828148496410585	2.088164094420635	0.5720590161205481	89.90190533541052	0.0
3.526575825474371	9.720152455370023	3.1307675905073493	0.7809398717233587	82.8415642569249	0.0
2.160302403734081	5.3173471294967625	2.8287371014411957	0.5009429268170128	89.19267043851094	0.0
9.507729758070948	19.728996324848463	2.825210553440634	1.9549262239224374	65.98313713971751	0.0
5.890228294573661	11.474519794379978	2.184061276717885	1.8471719938481581	78.6040186404803	0.0
3.4615068253074948	4.642952152187889	0.6827320722770536	2.1697378996246304	89.04307105060293	0.0
3.9328002847510217	3.9175164887782983	1.1373898978932608	0.19893388516617097	90.81335944341124	0.0
3.1329550368244057	4.02326257439418	0.7190963040466306	1.7635501935775781	90.3611358911572	0.0
4.477582436403774	4.9945557205037705	3.6036664428857224	3.6299143478322184	83.29428105237452	0.0
0.9414012087242842	2.6894259592765963	1.0375967624173896	0.2879435777890976	95.04363249179264	0.0
3.519881825758305	14.543500154280734	0.6305746307512998	1.784352903504962	79.5216904857047	0.0
1.1336270026746393	4.07274124167883	1.0798942193272865	0.3805043102531309	93.33323322606611	0.0
1.994135605072285	3.703164012562267	0.9302250689983569	0.6849688585629351	92.68750645480416	0.0
3.659631761278083	5.478155360482603	0.9397108914159076	0.6417066482764288	89.28079533854698	0.0
2.513682703484	1.8199041551240307	0.4208658374051599	0.06237720909822145	95.18317009488858	0.0
4.648581777919412	2.363637579883302	0.591358938456424	0.03437248718676628	92.36204921655411	0.0
3.7447195498674852	1.7734002157352868	1.2734553368725205	0.06818781007815942	93.14023708744655	0.0
5.823015956148295	3.1239206761989005	2.0409686950729804	0.22121678183036156	88.79087789074947	0.0
10.471453067968344	3.3398011701223744	1.619320455607326	1.3873208701964128	83.18210443610555	0.0
9.964887470954443	8.018024458340909	5.100967034259812	4.978542245515238	71.9375787909296	0.0
2.8563197107901064	9.773028102681963	5.184799581116901	2.876549703863487	79.30930290154754	0.0
14.186026227049158	22.101104015307442	12.955325978417543	3.480632704927058	47.2769110742988	0.0
9.646008380996104	21.785776420309062	8.702061427666177	1.0458449353407926	58.820308835687854	0.0
7.9749206660490595	12.543272441919859	4.0322739455677645	1.0327258716324477	74.41680707483088	0.0
5.885670814806135	14.181373099357353	6.833104381227138	0.6014975284743502	72.49835417613502	0.0
9.599497987707043	13.333648753438327	5.953421883043012	0.8784069671935383	70.23502440861809	0.0
10.024871213447263	22.581433463963773	10.61077831095017	0.7092198451506007	56.07369716648819	0.0
4.368744770784358	15.544625453869687	12.541938860903972	5.6989779734636	61.845712940978395	0.0
5.726288129402613	13.713360340022396	13.865470951626957	1.2667810418129695	65.42809953713505	0.0
3.972492652509682	11.228507528693289	5.191761861376811	11.147997554862824	68.45924040255738	0.0
14.66166744831064	36.890387278863685	9.361384789192847	7.821815632791789	31.26474485084104	2.0
11.670038339020913	12.866394141866763	3.8521963386096836	10.611844685787302	60.99952649471534	0.0
8.502528858699158	18.82724851495448	3.71161893708859	20.47595851177223	48.48264517748554	0.0
4.567725995046668	8.160408316207707	2.3243748723665454	33.23222541163678	51.7152654047423	0.0
4.153018449130224	6.284223368625259	0.29626279903923103	37.07987545195689	52.186619931248416	0.0
5.286572828845264	8.591960703303487	0.6213842518814393	42.162734096787425	43.33734811918238	0.0
5.6936461456105425	8.102435508894509	0.02820064283859429	18.157297962129768	68.0184197405266	0.0
10.252637292359866	8.856674623384334	0.10721088606066374	36.68635375537073	44.09712344282441	0.0
4.5158321553053975	7.982312207924984	0.20424720659316564	46.145670770325964	41.151937659850496	4.0
3.272150701645196	2.73247362142496	0.11185593720110817	37.18014398183458	56.70337575789415	0.0
3.8409937860280263	5.755106663960955	0.141953412731157	66.60525889954624	23.65668723773361	4.0
3.950169717678689	4.3668315181660144	0.39657225440688654	65.02396807972944	26.26245843001896	4.0
16.68930901201486	19.711591373346216	1.5676124930438782	5.287248803681951	56.7442383179131	0.0
8.176524704526761	10.663040590508922	1.5525707549057461	1.1648235422210906	78.4430404078375	0.0
7.327763437078745	9.617099321927752	3.503979966974513	4.0424794835057805	75.5086777905132	0.0
6.393359052985703	7.831371272694848	7.280116869096609	1.8350304523442975	76.66012235287855	0.0
3.4042994131788866	6.453544118061805	1.4623211673206244	0.6276243189368449	88.05221098250183	0.0
1.6030881865272901	3.5909266943991716	5.397598312416598	0.46773515216071426	88.94065165449622	0.0
9.176900884894987	11.474321173058353	14.691097811576206	1.8733510105463793	62.784329119924074	0.0
9.870394917228321	13.30655547955158	13.616597750621494	2.0105427829556555	61.19590906964295	0.0
14.517549107175643	25.65362916420001	15.444752106849311	7.828221141191137	36.5558484805839	0.0
4.270594594118057	14.593783915856656	20.541647734204467	4.528964670253307	56.06500908556752	0.0
5.43787097961976	13.189248333722048	19.920227843734224	3.5584844243081566	57.89416841861581	0.0
7.008804081285295	23.982901471538998	10.357187119328234	4.3399703129525555	54.3111370148949	0.0
8.979320459252275	17.566108411183833	10.397626503226451	3.1536465579949837	59.90329806834246	0.0
4.140294166433387	14.810290711838602	10.918275923851587	1.4731775253147137	68.65796167256171	0.0
4.644299558155841	13.844001905461129	9.303714647122687	4.618807019780952	67.5891768694794	0.0
5.2771919635374385	25.241787903944555	9.965417251462728	6.9173927436359435	52.59821013741933	0.0
1.4025355627875296	8.497660906427628	5.689591654113993	0.9377784425727747	83.47243343409808	0.0
1.816266799965358	4.428645333725678	6.23216148886428	0.36311182643681134	87.15981455100787	0.0
3.0335852507954866	7.926597567176	5.478924411448908	0.5634680270283475	82.99742474355125	0.0
2.655017400747947	7.583899890267105	1.9334491741855795	1.3032226942501675	86.52441084054921	0.0
3.1757062966678724	25.561964213950883	3.3276216985862557	1.9460859239122743	65.98862186688272	0.0
6.727352749520837	26.67405886726217	3.1124189329253813	1.5778048571114769	61.908364593180124	0.0
17.028755502378242	37.36278644889496	3.976490755114887	1.9248420880978563	39.70712520551405	0.0
6.081688427242567	39.25627696134513	5.795482316734635	0.8117101547501621	48.05484213992751	0.0
6.621535727000776	31.701330293074566	6.269828344819464	0.5008530587140971	54.906452576391096	0.0
7.501501772764758	26.204433485072364	14.796065224129293	2.7202808047620146	48.777718713271575	0.0
6.093234208018001	32.936278248447984	4.820813179714008	1.450706420486058	54.698967943333955	0.0
6.577852746857101	26.781660047336832	30.433881979252675	0.6303551882272427	35.57625003832615	0.0
8.473183825049626	25.121385187827688	22.72604574674749	1.595348003083065	42.08403723729213	0.0
12.185258112732319	22.156352275570814	18.546997400838567	3.012955839155783	44.09843637170251	0.0
5.824730965205878	19.336204036468647	13.24591895272851	1.0909479224028278	60.50219812319413	0.0
3.346538474421148	15.429343303748134	4.857887307458675	0.5555764633459437	75.81065445102611	0.0
9.022108124709712	21.885405914140684	16.057149270636316	0.7192016743451152	52.31613501616816	0.0
3.484245746074046	10.000540805240504	7.584428407038973	0.6655486326932875	78.2652364089532	0.0
3.8367291985657026	15.583985179144863	2.8863513097647004	0.9629922312845316	76.72994208124021	0.0
3.343322661260353	9.012841999495224	3.744694319545023	0.4744972943391291	83.42464372536026	0.0
1.971404342315682	7.677239460226759	3.3398690622286744	2.0149867632733	84.99650037195559	0.0
2.951173806646476	7.943555476774492	4.293132021748555	0.6298952811402834	84.18224341369019	0.0
9.358895296237813	10.076349009068682	5.887496714695366	1.7297051011513496	72.94755387884678	0.0
4.963480162344969	9.408060818560319	4.126720517395066	5.397012439974922	76.10472606172473	0.0
8.290611016551152	16.27368819756714	3.9738527857194215	14.304628901576121	57.157219098586175	0.0
10.883110732230762	16.97260083126523	3.249159204327211	6.163162864698027	62.731966367478776	0.0
13.635043164400438	23.887919441852375	1.9118743832198613	33.25043568279632	27.314727327731003	4.0
10.596604722355698	20.382716647576267	1.1066241002556911	30.9002995614075	37.01375496840484	0.0
13.073665402373127	20.951831079513195	1.2494195626010642	32.59221875855131	32.132865196961305	4.0
2.5922640527380953	12.40289017027697	0.9589276705772731	46.70783620648918	37.338081899918485	4.0
1.2529831097123934	12.16742309875455	3.748555250577824	44.69459832919687	38.13644021175836	4.0
0.9072967498752025	7.2601021621555395	1.8394482812752375	40.92966635563756	49.06348645105646	0.0
1.5697629729351494	6.671834188898726	1.6755135578769569	10.725150882440301	79.35773839784886	0.0
1.2243752596529422	4.254954078945779	1.8697208503348113	1.2134522455511734	91.43749756551529	0.0
6.975656589244659	7.982058999152556	1.6710617873998312	1.7366762198188974	81.63454640438405	0.0
2.5465074761120032	4.11695413696489	1.7355323111737895	0.12000060482934799	91.48100547091997	0.0
6.699635963511823	5.049940830414962	2.830708013504064	0.7872029561498659	84.63251223641929	0.0
20.165230108045005	4.503373501149997	0.7942337769316828	2.0659625765526277	72.4712000373207	0.0
3.2469192136150578	5.019359842933941	1.7693813262894178	4.762605580927959	85.20173403623363	0.0
2.2781543243225033	1.9693091542941532	0.6979651273941536	1.6412393577890858	93.4133320362001	0.0
3.1660266434863735	2.513932859001553	3.0179870842694188	1.246779597281767	90.05527381596089	0.0
4.566548974383953	5.777254243974678	5.530572671426963	1.2571424989532975	82.8684816112611	0.0
4.321113029601965	4.798800780374055	5.806745824231885	3.9133316995772076	81.16000866621488	0.0
6.682329140345475	17.730340480670833	7.551821974948996	19.39113702080264	48.64437138323206	0.0
2.4998343703256793	10.160080132247005	3.610847085446911	30.482641890593598	53.2465965213868	0.0
7.442649394933487	8.290777826910807	5.6767795073679	12.912503057777162	65.67729021301064	0.0
6.163938023380645	9.255630888946742	5.974790441404475	0.8130233202344069	77.79261732603372	0.0
2.7325635816845257	5.1445053899524185	2.5373259043986054	0.5896741403721307	88.99593098359232	0.0
4.941949666183025	7.494717384781273	1.6095693919024823	1.8304745619635239	84.12328899516969	0.0
3.542542906437454	11.41980856146145	1.4698246952361007	4.242185716212448	79.32563812065254	0.0
5.075071228862129	6.814055924157129	2.9988636639068136	1.8247405814587183	83.28726860161521	0.0
3.4000198348093735	5.871080118037339	1.8768731213551022	1.848881479831298	87.00314544596688	0.0
4.412540421259234	5.137276860526265	2.728969115866909	4.756105189130087	82.96510841321751	0.0
9.856767749684387	12.385094650452686	0.9722534269084491	8.625484254630212	68.16039991832426	0.0
20.201504781611494	31.516197348801995	0.15655527403953604	9.450501123707161	38.67524147183981	0.0
13.574034001008755	11.343388340726833	0.02409131191395118	11.59272813866496	63.4657582076855	0.0
10.59625283696916	2.6875785993043517	0.2724258261346718	17.709333256140333	68.73440948145148	0.0
11.3612279199925	7.3444190974399355	0.3415506861079677	33.43268425800695	47.520118038452644	0.0
12.867564160602807	10.68183347995915	0.6175255382895056	28.008424773662544	47.82465204748598	0.0
7.816565194661035	12.86222748890357	0.30427700212208364	45.199985461829826	33.81694485248347	4.0
2.130152184177202	10.609872754321591	0.13072805389009787	22.702350377656625	64.42689662995448	0.0
9.859088049194924	21.261261308172998	0.1445325184038207	33.55735450088289	35.177763623345385	0.0
6.053665790034251	4.728056246625456	0.27673776891917334	25.435579747197846	63.50596044722327	0.0
4.5860566993145895	8.49397747769328	0.22588231367935155	34.0876314782809	52.60645203103188	0.0
1.8515285164867519	5.806752680597605	0.2245835939616784	55.114212880215774	37.002922328738194	4.0
1.3125712370887115	5.452395799933133	0.2412851814328956	38.07068640925743	54.92306137228782	0.0
4.227782838542801	9.107715326908036	0.4380039301436724	37.9449529388339	48.28154496557159	0.0
8.969302935652118	27.3582344198893	0.17663161313398681	32.851430735743605	30.644400295580994	4.0
17.984447694006345	25.15061781367943	1.1466263948276407	28.632063571888438	27.086244525598147	4.0
18.1717850865988	14.603465094879514	0.47345860029156517	28.11579583347003	38.635495384760105	0.0
6.5736423504011485	9.518760900382931	4.225474564379678	13.12493897030632	66.55718321452993	0.0
