N1	N2	N3	R	W	anotaciones
1.590970991354764	8.678965410037819	11.881951538591613	5.657040437281545	72.19107162273426	0.0
0.2342467735431475	1.1322878977519557	2.096285953974447	2.0894152451644317	94.44776412956602	0.0
1.831234475355814	5.8130473081350695	3.023533721220868	1.9051876963695136	87.42699679891874	0.0
1.3043233217134305	4.168851058822002	3.6196589635726646	3.4095262911542448	87.49764036473765	0.0
0.5861970066122546	2.526326643025724	1.7911165638884028	2.132905966274052	92.96345382019958	0.0
0.7377602029228649	4.318260044110569	2.600161744956325	5.763131792268024	86.58068621574222	0.0
0.9012611742472362	5.1239958767536535	4.2883278629302986	6.617609436686034	83.06880564938278	0.0
0.40610608734832876	1.4576634354634288	1.3536394398513472	11.712590350781337	85.07000068655557	0.0
0.2752802602203107	0.5286226528690299	0.050474326831332225	8.419938220331707	90.72568453974762	0.0
0.7201685429553429	4.112808422619517	0.20106227768571802	18.777331916301886	76.18862884043753	0.0
1.4782892531100185	1.7212978683586904	0.20695581478347574	10.620199846117831	85.97325721762999	0.0
1.8084523339926477	1.2492275072156955	0.10514268290451997	10.083283260152779	86.75389421573436	0.0
1.492398123258842	1.8648661016405956	0.3686344578181739	4.845028155188278	91.42907316209413	0.0
2.802723809818389	1.1712325047359362	0.6209770860632909	2.711543670714959	92.69352292866742	0.0
1.0445027237652018	0.47462506828765555	0.12021981431367613	7.680472964647965	90.68017942898551	0.0
0.7851540327196087	2.494515592579016	0.6364947686225568	6.274578298816577	89.80925730726223	0.0
0.8734651305868156	1.0207487126761157	0.23774531309228775	1.0712404712326258	96.79680037241216	0.0
0.5934586728567883	1.1349625427425893	0.11856135500002124	2.1310522242729135	96.02196520512769	0.0
0.40338707310515803	0.502985770091995	0.0724297634373599	0.6509048123118042	98.37029258105369	0.0
4.5691624651522345	5.201269673542538	0.5867970466104984	2.864180456365441	86.7785903583293	0.0
7.4658106928766665	6.610666566353057	0.24399647724770188	5.813126661020811	79.86639960250176	0.0
0.6129287702509809	0.239967839254411	0.05374080347270585	1.568006296627332	97.52535629039457	0.0
1.378364368685629	0.466804052742854	0.11271010248165064	1.9543374719042401	96.08778400418562	0.0
1.422254014917595	2.4569602251281486	0.3073311401294758	5.074208409478554	90.73924621034621	0.0
1.5348399306377865	6.373142812168235	0.9599977696272531	2.5098951119178947	88.62212437564882	0.0
1.5706218949283284	2.9301102787683773	0.2646402682932386	1.5033958075140967	93.73123175049597	0.0
2.5860655679091296	4.6711059777997335	0.49903716457198866	1.4836944295122148	90.76009686020693	0.0
4.733331681890672	11.017949715618164	0.9021468545152048	1.03909849313524	82.30747325484072	0.0
3.1228335343160714	2.229020575323089	0.08475799949799113	0.913132357105088	93.65025553375776	0.0
4.360117912870665	2.427424501861845	0.43321122289433484	1.0663589853754953	91.71288737699766	0.0
1.5917903633291004	2.1047977200899846	0.16972907015454455	0.8644065817871295	95.26927626463925	0.0
1.7872694826089515	1.2813199586407653	0.07325659277316082	0.9768079665131226	95.881345999464	0.0
0.18218039503341174	0.2163240960674246	0.046353168186696755	0.23789887724781797	99.31724346346465	0.0
0.3002064422433448	0.5199122303150059	0.1269882178439514	0.3598416458178732	98.69305146377984	0.0
1.004057904623711	1.310641437880606	0.06490383856865034	1.4250890141298258	96.19530780479721	0.0
1.2722408640061356	0.8742988712630705	0.08211806533235583	1.6113462679598516	96.15999593143859	0.0
1.2320112370033094	0.649228072253892	0.043148406807825314	0.20483506503646193	97.87077721889852	0.0
2.5691203622228964	4.285661629283117	0.4538197449320487	0.913441517292013	91.77795674626992	0.0
1.623651626635523	0.9422190275608037	0.05468360083767272	0.20716543496776962	97.17228030999823	0.0
0.46799832368136396	3.620642674959295	0.25632751064697046	0.4723664830149091	95.18266500769747	0.0
6.532500013287174	6.7894527280475385	0.10872431029082222	0.93422549534907	85.6350974530254	0.0
5.891593515180662	3.6211310519838893	0.07383028193783682	0.07016617770419432	90.34327897319342	0.0
2.3095065906219405	1.7321453416862795	0.10543602908435182	0.051642877490238895	95.80126916111719	0.0
5.1989964797431405	2.4870777479783404	0.16798594176139636	0.15665233508648693	91.98928749543064	0.0
7.637163944204994	1.3335033029836023	0.16914536271106406	0.12221253043159304	90.73797485966875	0.0
1.9620724288507339	2.3643785111721978	0.14791424647044804	0.46418123004069367	95.06145358346593	0.0
1.3244827159915868	0.6467999574595629	0.14568699811961566	0.1964363181229044	97.68659401030634	0.0
0.352162050580966	0.6136147987185434	0.05519368665453547	0.5542224610953463	98.42480700295062	0.0
2.416025867495313	1.5956259893262725	0.11002963021452611	1.239395012657929	94.63892350030596	0.0
2.7928212952864144	2.0550786686556393	0.18403923147401338	0.4454728838432822	94.52258792074066	0.0
3.4191166056720372	3.0883638862726306	0.19297372874522004	0.6299350437304965	92.66961073557961	0.0
1.3215356919122911	1.443900002504351	0.11518870883979665	0.6272143396304697	96.49216125711308	0.0
1.5440532241285105	2.3750970330819685	0.08076810923630513	21.95934984046563	74.04073179308759	0.0
0.33947805459120506	0.4357190817999428	0.022804365015887514	3.0628743000221035	96.13912419857085	0.0
1.1524411939048609	0.44458846746893355	0.07410216975256478	10.18945527650581	88.13941289236782	0.0
1.3216087067784406	1.3265906786028736	0.09064357312507602	12.022403067492398	85.23875397400123	0.0
1.3805306852361903	1.0133364505264821	0.09200809254375061	2.1301973217341064	95.38392744995947	0.0
5.063404705297672	1.2590771956121416	0.06655323957773877	6.811788355803457	86.79917650370899	0.0
3.5883701151228458	0.7802951115126143	0.06119500218687379	0.5935769052821424	94.9765628658955	0.0
1.7257149840862658	1.9079955739425187	0.04794591498043502	0.3808770145438695	95.93746651244692	0.0
2.16844462742005	4.864018591173645	0.11736709432386656	0.5225979897966774	92.32757169728576	0.0
1.7857083045971687	4.1835195292053955	0.3891259263555863	1.4410442840724706	92.20060195576937	0.0
1.7670085005175213	2.5267679083508767	0.4066254775505602	1.482505679290912	93.81709243429012	0.0
0.4995922517521598	1.5272005046395578	0.10346244953683065	0.2655350836486529	97.6042097104228	0.0
1.1074617317478803	1.3706690044310328	0.17793615992612433	0.5170450967548219	96.82688800714014	0.0
5.335115616815418	14.113527598711222	0.5944123786473728	4.387025146324827	75.56991925950116	0.0
1.41926990923087	7.773122298542512	0.6185617364910854	13.259306302856297	76.92973975287923	0.0
1.1070229585680598	4.557385188293946	0.1050199699712065	15.554560499515635	78.67601138365114	0.0
0.7615914280613176	2.829341270291468	0.127508364524684	8.4168373092441	87.86472162787842	0.0
0.8507999119888212	6.0561412250111895	0.23018631791436123	14.620850071999552	78.24202247308608	0.0
1.5083139491278224	9.147243132015372	0.303528741061192	7.6126598592337	81.42825431856191	0.0
1.3170706047134828	2.637729583620787	0.1904241502878362	6.944492999530998	88.91028266184689	0.0
1.1635675112126675	3.266907473082789	0.6373082684755849	4.863754725236141	90.06846202199283	0.0
1.323199948038676	5.159804882368995	0.9391628439262836	8.411248975136017	84.16658335053003	0.0
1.2541460999812988	6.295498426543697	1.105347236939996	12.091555140940581	79.25345309559444	0.0
0.612073356548478	3.9082168773623858	0.6980800029110895	2.209066195262855	92.5725635679152	0.0
3.552908205070473	7.455087139461088	0.4517360072023963	1.7915948805976907	86.74867376766835	0.0
0.7040574099527684	1.5967468976341062	0.146515984621563	0.36927155987605487	97.1834081479155	0.0
1.7352476876729452	3.2879115789023463	0.3796008880465707	0.11741985715849111	94.47981998821963	0.0
2.4657836978814287	8.056948415348646	0.9171933955693616	0.10541841182951242	88.45465607937105	0.0
4.153427814704611	4.520211763266231	0.9651806781289215	0.03285459951626465	90.32832514438397	0.0
8.46104167493654	6.243884842660722	1.0284939672901954	0.0810657844583257	84.18551373065422	0.0
8.715138739451964	10.539731272952416	1.5967327501334858	0.351676094072765	78.79672114338938	0.0
2.124002090110557	8.425781575642507	1.3589462957947793	0.10907642681049062	87.98219361164166	0.0
3.9658520030087065	17.703173941744367	3.4820829200039074	0.8069709661885721	74.04192016905445	0.0
1.6161856550406073	4.205242360990906	1.0073162122362	0.24306245580454594	92.92819331592773	0.0
1.1078508301870666	3.7476269165489913	0.5463720866431367	0.2356166635452425	94.36253350307555	0.0
5.648777530703852	8.37885891913583	1.4854876206803933	0.6979742233310579	83.78890170614886	0.0
1.674332376524345	10.12468674496786	1.4968167794285179	1.2406078636210014	85.46355623545827	0.0
2.7746773827780133	10.059213792109043	0.5590207967437719	4.501199464330267	82.10588856403889	0.0
6.015238585910911	5.96672589023195	0.7105061293094611	7.556274325436388	79.75125506911131	0.0
17.621102430452915	14.992233761521101	0.19860329364581353	4.5760262275355075	62.61203428684466	0.0
20.1754383859702	11.986309817744061	0.3147176830545722	5.032931308290448	62.49060280494071	0.0
12.533056570310224	4.042037955629566	0.16338967286494896	8.333683422461796	74.92783237873347	0.0
9.169213247636007	4.2369745835529615	0.4054397939962196	18.344547120743567	67.84382525407125	0.0
2.731217579226915	4.847098753550064	0.20385062528423098	14.62095087972399	77.59688216221481	0.0
2.549358691263163	6.8763099012339595	0.371768169385055	20.185286583783984	70.01727665433383	0.0
5.931085489594849	0.9203772691669532	0.10476085885614234	23.798054667908087	69.24572171447397	0.0
7.319535545246356	3.290672328277137	0.24053266774618107	8.818256559459076	80.33100289927125	0.0
3.8452442665886815	3.951420948667164	0.09097931726560705	5.83601381415993	86.27634165331862	0.0
3.713841790341716	3.2558227284558705	0.15225355968552798	13.87884292489891	78.99923899661798	0.0
3.501524234786079	2.1319910445610386	0.049436317457719176	21.297690454764744	73.01935794843043	0.0
2.386840781614739	2.70004725890193	0.10543611983093668	23.08504445042664	71.72263138922575	0.0
2.6232470541146493	1.8758897683512528	0.08609429940605356	15.331709741976718	80.08305913615132	0.0
3.3200885161402813	1.813222205453178	0.0018761894234478188	25.38201194683828	69.48280114214481	0.0
4.554856340088865	4.724885712215591	0.2727686343863109	10.997697697725622	79.4497916155836	0.0
2.305898960150134	1.8752923805585993	0.11163720986924576	8.594711749588742	87.11245969983328	0.0
1.0259710347596733	5.223188688557921	0.19463264595845617	6.833739936695883	86.72246769402805	0.0
1.376483317334903	4.527742483765183	0.5674089331011392	3.7350110015427056	89.79335426425607	0.0
1.6957437947774077	5.720513394389682	0.29300398553208123	1.0897950919336552	91.20094373336717	0.0
2.4607962648474073	4.869753378777074	0.49887716537758375	4.828494227414436	87.3420789635835	0.0
4.154745000077739	3.5691594495052597	1.3037974455924008	4.174334429894139	86.79796367493046	0.0
2.813733067835652	1.3901873328639112	0.0374112842961844	1.1157275928219157	94.64294072218233	0.0
5.731640698422279	6.0086368399804	0.1576750667822325	1.2530205595899024	86.8490268352252	0.0
6.599157837964374	1.8237840153559435	0.2253401172262185	0.4552829571137053	90.89643507233976	0.0
19.419225696585436	5.769905056594094	0.12599691874955565	2.1565993716715055	72.52827295639939	0.0
8.193262972141387	4.334057747951324	0.23649077920788195	1.223299974658455	86.01288852604095	0.0
10.348901838908219	17.401557471315023	0.47103534248835366	1.0710195227318045	70.7074858245566	0.0
11.094563768934721	19.676751140514632	0.9850691162434737	1.251170368889672	66.9924456054175	0.0
6.226682242738609	15.567334493762033	0.9505396806394028	1.9108463155840825	75.34459726727586	0.0
3.126266829152819	37.12251236024859	3.2601251717050173	1.9680601484486957	54.52303549044488	0.0
3.713283380012954	26.212000658035677	3.1533101048718906	3.8127782908115257	63.10862756626796	0.0
2.867219246290891	24.441050175978333	2.8418932204579104	1.7233496111747189	68.12648774609815	0.0
3.030151890947742	11.442283755281153	4.845937211736669	0.7603056971329638	79.92132144490147	0.0
9.502723064363371	39.42354199803461	2.1287030904355464	1.0462873583285506	47.89874448883793	0.0
7.430929102618121	44.90819341046975	3.2703744701836888	0.8968316293431524	43.493671387385284	2.0
6.824219791947655	38.90988206884579	3.2090875714910054	0.19885185850343898	50.85795870921211	0.0
10.74708530591035	26.221816327020818	7.731795548621612	0.6107187157073115	54.688584102739924	0.0
4.9108471405281575	15.70263245470486	10.74125548692814	0.6204893719510178	68.02477554588783	0.0
4.085053695368966	21.798906070853477	3.2635645029492797	1.6091749664701436	69.24330076435812	0.0
5.622540372257492	49.33284809201837	6.653798342641035	1.1565987438439274	37.23421444923916	2.0
2.366743433637036	21.020982540005768	3.448958008201894	2.79266458120155	70.37065143695375	0.0
2.2113796420754697	12.813351966535485	5.670581472625239	0.9003665264757815	78.40432039228801	0.0
2.308910888296809	41.84225480006445	6.931666285595711	1.6571366254121307	47.26003140063088	0.0
1.6694757851368165	41.39157027922253	7.055185409145574	3.1664023053987833	46.71736622109628	0.0
2.734631697246442	24.976350865442377	19.611371453993005	4.596855226540969	48.08079075677721	0.0
4.502310195193089	35.47606078968613	9.373098751530781	2.0626451469674243	48.58588511662258	0.0
8.60337375136133	33.574067730932384	7.078765817458951	7.488378856718486	43.25541384352884	0.0
8.628983963451812	30.647275723820677	6.083272764926522	7.684209310879943	46.95625823692106	0.0
2.8823296682004065	19.727528823117645	1.7332096001281012	11.38206393269135	64.27486797586249	0.0
6.831864355855267	24.63892661948829	3.7989335782452613	2.3673966649962375	62.36287878141494	0.0
3.8575311760700086	35.09448547764157	5.113657457926498	2.107060240441639	53.827265647920285	0.0
4.956088254245436	15.119409956018732	2.3359070039911485	1.419694071222778	76.16890071452191	0.0
12.131740367414668	29.076570602868923	2.348935394735462	0.4574106607799201	55.985342974201025	0.0
4.8927730801384754	27.231522058505924	5.528479165056962	0.9746004327363817	61.372625263562256	0.0
7.615749840273872	8.805069836853736	4.596541276920492	2.2749615917097112	76.7076774542422	0.0
7.330089388018688	17.55919309468385	20.927851932915726	0.5894789192834801	53.593386665098265	0.0
7.819091395243298	7.953838595728086	1.5428068078449177	1.8156793913741391	80.86858380980956	0.0
6.526234907234276	6.522297379629826	0.5639438931108692	1.670916638726946	84.71660718129809	0.0
5.069565851776437	27.087890385233692	2.582804714190501	2.578891880292336	62.68084716850703	0.0
5.485615313834192	40.09217322220111	3.262497774825622	2.2534657030551526	48.906247986083905	0.0
6.445014927283936	49.816690454695255	1.2201482683305631	3.0593850163920875	39.45876133329816	2.0
6.656218735609923	19.51433833351115	3.083951922562382	2.6853408355064543	68.06015017281008	0.0
8.846599330185505	19.327231577978367	3.6172963513483536	8.284172978733363	59.92469976175441	0.0
11.579583612351517	28.63201485413878	2.3592422554523034	2.403366177453614	55.02579310060379	0.0
9.339628889657234	22.824227133265627	3.877897251651632	0.868806312344614	63.08944041308089	0.0
12.9735311495007	9.805315511663986	2.399480857098194	6.411506017358028	68.41016646437909	0.0
6.854571667453772	8.859463245060374	1.8522614589152806	8.212166679902191	74.22153694866839	0.0
11.347432665515116	15.301313287387835	1.9515349346139146	2.934270319781077	68.46544879270205	0.0
9.065775606218967	16.16867084251461	2.504878997422704	8.62866042864945	63.63201412519427	0.0
12.987435043885146	57.73396128264948	2.7993068361394076	4.591068782514929	21.888228054811048	2.0
7.0405249149217415	35.67643848464156	2.392299734892598	8.506542927504924	46.38419393803917	0.0
6.711698203295382	17.42330845769709	2.141245267443152	4.72578006776057	68.9979680038038	0.0
10.493617707064	52.7710312228839	2.90162339802684	5.22664253200175	28.607085140023496	2.0
11.784130596353096	39.1646940806876	4.440333589342772	1.557771103600721	43.0530706300158	0.0
10.117769091248151	23.828672458592415	2.344712276339152	1.736148903321033	61.972697270499246	0.0
4.787650595286408	46.39248222151284	2.7721527202282026	1.443306125011441	44.60440833796111	2.0
5.316396457086281	38.57297266521344	5.542345207032741	0.7918740298099349	49.776411640857596	0.0
4.072028286261312	30.266106307837426	7.360655151197617	0.39547212320563435	57.905738131498005	0.0
6.850372994381103	36.6615427308415	9.464916526118548	0.39433573233684266	46.62883201632201	0.0
16.584882803544964	30.02634693557364	3.3786557098485845	0.432511528927882	49.577603022104945	0.0
14.733787211938418	19.43321055771645	2.565572763131581	0.6484780680405202	62.61895139917304	0.0
12.216782353380731	21.929150320666917	2.53885249243844	0.3329188879268451	62.982295945587055	0.0
8.611215504224099	12.234605912088552	2.606583212495775	0.4183473937420779	76.1292479774495	0.0
9.699682228860567	14.727183298336504	1.2113725246594973	0.19494553437333614	74.16681641377009	0.0
17.506838959739145	24.373748120126987	4.632298160012027	0.3669053138026362	53.12020944631921	0.0
22.169749801655133	10.755291194634278	4.5071579140751705	0.3471052948369778	62.220695794798445	0.0
23.476191902030667	12.080288009515165	6.472954393036985	2.5358506217263392	55.434715073690846	0.0
8.11328734751064	7.784777971605508	6.46717851989764	2.203997391412248	75.43075876957396	0.0
11.266072925125833	8.883674401290179	6.7434761436376505	7.035312547908299	66.07146398203804	0.0
4.777906408606854	14.642261845349827	31.1825075977947	3.6137439337910395	45.783580214457594	0.0
13.971872386987592	8.598085744347966	2.7109598482699724	1.1285963798081613	73.59048564058631	0.0
1.2840596900655623	1.9755195972506987	0.8647887353696531	0.3550519894556922	95.5205799878584	0.0
2.2957110870807766	4.564350917285593	2.1820537282887824	0.8948432719822066	90.06304099536263	0.0
2.9674865577774687	1.8006482251062679	0.10923408722305396	0.6550957981986443	94.46753533169458	0.0
12.588317957562706	17.88540629217521	1.3777492658920503	1.5809481865376012	66.56757829783243	0.0
6.591322183216283	9.04507717731649	1.08062383169199	2.6956925791426567	80.58728422863258	0.0
10.126649464229894	10.660160326893074	0.22391498450662875	1.1839802802350843	77.80529494413533	0.0
16.05126123201859	19.776379526343696	1.2270682953958874	1.9144567156582926	61.03083423058353	0.0
13.240422394695642	26.218715232460966	1.9170320091285147	1.128721261277668	57.49510910243721	0.0
14.70323339858437	10.250851671731331	0.39926751566654506	1.8324597809088299	72.81418763310893	0.0
9.659561526649957	4.571494015010379	0.42778547834004144	2.1328896445424337	83.20826933545719	0.0
8.458524886751936	4.5743434109605765	0.1300145140773724	4.089524609433106	82.747592578777	0.0
14.570532258996122	5.090302912473748	0.12359470765228177	9.440963480372705	70.77460664050513	0.0
7.211273604889748	1.9560515880781548	0.08735901525484117	1.9305587587325617	88.81475703304469	0.0
6.049190598469692	1.933600419459864	0.063492853197351	1.2490090296355247	90.70470709923758	0.0
5.681231417017323	0.9455469836357077	0.043511966672829916	1.5505156619759262	91.7791939706982	0.0
2.1221554816779697	0.4559208533804465	0.018226323162383498	1.2308606689550154	96.17283667282418	0.0
3.4086796792742917	0.4400047036232994	0.01546228887207706	1.2855713420715769	94.85028198615875	0.0
8.566866379414696	1.1805541613892658	0.038294964162693484	0.5562350481741515	89.6580494468592	0.0
5.22438396309537	0.6119545836524233	0.03806692725122902	0.6370237746528814	93.48857075134809	0.0
8.076548301440791	4.069932907684028	0.10140992998410094	1.9695173790597018	85.78259148183139	0.0
30.075886823964353	5.413232058663117	0.06094083867379424	4.3057011646784	60.14423911402034	0.0
21.775850339766816	3.4525814162437434	0.0744903279382689	1.191066008429785	73.5060119076214	0.0
15.509746495206311	5.398521753137783	0.27232203674957783	1.2305387174197067	77.58887099748662	0.0
11.092659097097105	17.62558182059068	0.6497225577506298	4.811306200989399	65.82073032357218	0.0
6.417589125873585	26.625225145630544	0.9455072966293686	16.961321699776303	49.05035673209021	0.0
6.823806253378627	32.372844834123626	3.2338263345531395	12.598349318397348	44.971173259547264	0.0
3.4711662062495914	14.247705395583981	3.112285570227802	8.630436808476704	70.53840601946192	0.0
13.898982575191788	26.843422655869638	1.3362593750054814	8.273619060086105	49.64771633384698	0.0
3.7023713702011083	65.24268622059972	2.6070006920731843	3.5887687093453358	24.859173007780647	2.0
10.277905225921625	17.46746681897693	1.451078375503306	1.740529653462053	69.06301992613608	0.0
9.071755953386763	12.849345170158335	1.7483374858545564	1.2925572411851949	75.03800414941514	0.0
5.185967449194466	19.430480606854104	1.3860925015642587	4.960795832565936	69.03666360982123	0.0
8.386943603809826	19.067157220931723	0.9240323374879104	25.005823088786244	46.61604374898431	0.0
2.740797744565939	20.089781177145255	2.1374809058464885	39.86946365744319	35.162476514999135	4.0
9.637579476836734	38.428301034875375	2.407675034407067	9.652738230151883	39.87370622372894	0.0
2.4127798109701417	39.87986856932498	2.9502491655269405	3.7246064156114858	51.03249603856646	0.0
1.7279454738074609	22.53066102465608	3.4982460834352547	21.436705702999024	50.80644171510218	0.0
1.2160013893268877	20.853633904105582	6.353773183719841	23.25391434035933	48.32267718248836	0.0
1.189570950422299	25.130655205612435	5.790493879997535	40.34364502137195	27.545634942595786	4.0
2.51411654256985	12.392360954869412	4.32297930977932	5.117769858357861	75.65277333442356	0.0
3.8983689708998717	26.799739793812567	5.3781467918052455	1.7380485595298942	62.18569588395243	0.0
6.165460847231819	21.225271451185275	1.264489454278622	1.2219766651635897	70.1228015821407	0.0
7.214798570083435	13.263642900948163	0.8224887089359231	2.177469481914956	76.52160033811752	0.0
2.8448016863459933	26.728696422802845	1.5490063646945136	7.015963823019594	61.861531703137054	0.0
6.875414711553482	45.65986873930211	5.469044452958021	3.0332052092762374	38.96246688691015	2.0
8.66106542261653	27.483336577821447	0.6656221671203084	7.164679160203387	56.02529667223833	0.0
6.947018292494644	13.329250567058622	1.0678869678036595	5.398084770918741	73.25775940172431	0.0
10.422963092817007	28.890983150524786	1.1275216822154612	8.624671690346307	50.93386038409643	0.0
7.897724505992498	17.97384406752269	0.6710009495195594	7.023508984685324	66.43392149227994	0.0
9.780697642230187	36.9593643774623	3.4973783104643323	5.353284166978386	44.4092755028648	0.0
4.291807174580139	9.926152952840168	1.152448589355246	3.6403555620775476	80.9892357211469	0.0
8.527595656402639	17.948418133716554	0.8851612855675212	3.538752460552061	69.10007246376122	0.0
5.389443876804821	7.61433702381527	0.5369601078818779	0.9877350742877952	85.47152391721023	0.0
5.490694245747299	4.173585692115046	0.9511016111841236	2.593862754677413	86.79075569627612	0.0
1.7727944440569698	11.654428504111387	1.1791793508847732	4.912690455081818	80.48090724586504	0.0
0.8468843903750668	2.0481167991191165	1.5963058769657357	1.6486538550263996	93.8600390785137	0.0
0.9519380776140446	4.727072971961872	0.585063786064867	5.86569002809137	87.87023513626785	0.0
2.0319451583441963	8.41275408347548	0.5880910093927515	3.0825666030632517	85.88464314572431	0.0
2.0763884506619417	10.991079849848258	0.6178660808358968	4.1164796188235995	82.1981859998303	0.0
6.375123768095836	22.764240473308142	0.720471599054201	5.005943136191593	65.13422102335024	0.0
1.8640306244226732	10.040240495889572	0.3674344093972152	1.537905764624815	86.19038870566573	0.0
1.133159216226733	2.981441106502393	0.07327555591268171	1.0001289847173953	94.81199513664079	0.0
4.399901655328759	1.962941830062564	0.4359908818153499	1.9670788377908526	91.23408679500248	0.0
7.902064243216514	1.485443801135782	0.06920146056496672	1.5323286156005298	89.01096187948221	0.0
7.5784890776715494	1.3971927621963933	0.03213619364184129	1.7273170604926225	89.2648649059976	0.0
28.883902257656413	5.3570454562962775	4.559531059058633e-11	6.549917381237255	59.20913490476446	0.0
4.004120268453625	0.992289288793931	0.026106543310291067	1.2928333375733163	93.68465056186884	0.0
2.7017935979627103	0.35535004394591785	1.8683579622980734e-10	1.0498790697964409	95.89297728810809	0.0
12.563283830056216	1.369371083791932	0.13262104600774896	2.4408278706437048	83.4938961695004	0.0
21.686527707754312	3.482871767242732	0.1428575474650353	3.03325112603866	71.65449185149926	0.0
23.07757363494673	5.183714089566585	0.15085932852559045	1.5888025151709932	69.9990504317901	0.0
4.447301394010691	3.136452817943413	0.16358196498878885	0.5418173537615376	91.71084646929556	0.0
11.650460293751179	9.239620701036273	0.3460829595490203	9.272110970299261	69.49172507536426	0.0
2.9070591162816215	9.975629124504447	0.9727875343655333	3.338409347120545	82.80611487772785	0.0
6.624356920929906	10.291760190437438	1.1193554645128319	10.252000182394786	71.71252724172504	0.0
15.4297480356757	22.912376256343318	3.99051145283231	5.261449934720154	52.405914320428515	0.0
4.089974805166217	16.150025662004094	3.138038042424327	10.933913713399104	65.68804777700625	0.0
9.841065810941659	5.800444433515624	0.4261692261227651	18.97518473992118	64.95713578949878	0.0
20.181169509862688	9.704139113818803	0.40052606782793	22.216288640478783	47.497876668011784	0.0
11.96628498134543	4.165002749543799	0.2526579809434876	23.99594066105154	59.620113627115735	0.0
6.311228762907377	10.61825065124252	0.3185751291775074	34.878609815925735	47.87333564074686	0.0
2.3535278093732592	5.727059017903921	0.8990224111669862	57.342938589065106	33.677452172490725	4.0
0.9831600740442912	4.877608984631192	0.30248491993277593	78.27832618120544	15.55841984018628	4.0
1.3965725747540179	3.822286248668409	0.607789767782174	40.307570955385046	53.86578045341035	0.0
3.8173930600135777	6.672662605238136	0.2708413240706498	36.379628884859095	52.85947412581855	0.0
2.652161304327407	1.2114134752498789	0.5010145482323076	57.59348926816303	38.04192140402737	4.0
4.377096915452932	5.252235749988034	2.3033012233797227e-10	38.50147622800857	51.86919110632013	0.0
1.204508095919676	1.8605210976503326	0.19783483687670034	16.715144985761658	80.02199098379165	0.0
1.2332318392923989	1.3873029834050938	0.24688656272736142	15.685540411326512	81.44703820324862	0.0
1.5994179009676737	0.9867106768927066	2.385353308516e-10	18.121611097590595	79.29226032431049	0.0
1.139355551135095	0.40500953873451934	0.03983730169770312	15.937623618171079	82.47817399026161	0.0
4.6987719165048345	0.5937590592097932	0.04206827203725253	14.53675717861367	80.12864357363445	0.0
5.442247861309317	0.8973904705658483	0.05261447681064016	4.200070296877289	89.4076768944369	0.0
5.671794315961418	0.3433122218017675	0.027813774636760446	3.735908428207383	90.22117125939266	0.0
11.44290228754235	1.0053437855999074	0.20877096554257	5.9457480432946275	81.39723491802054	0.0
5.186392490100183	0.8268778345302159	0.0011663795568283702	14.89356593958455	79.09199735622822	0.0
2.6176870696404957	1.4915955865990465	0.03238409179882774	1.0776805547103527	94.78065269725128	0.0
4.054722710011141	0.7995170364722852	0.020695714135921105	2.375034005115672	92.750030534265	0.0
2.785524396794607	0.5900522248935595	0.028373587174326288	1.3860984309059616	95.20995136023154	0.0
2.59414489366368	2.689438669085265	0.1058650067320419	0.4830398546384167	94.12751157588059	0.0
4.20623025944484	1.024743835305475	0.045750322920551825	1.0332258022699796	93.69004978005916	0.0
1.6835597558850242	2.161792380021555	0.10502406566410141	3.2497916873776087	92.7998321110517	0.0
3.1905095439774813	10.311362599506966	0.4482194397167273	2.138214358774784	83.91169405802404	0.0
9.029553756882498	4.098485653920197	0.1242354339533423	3.882263636456012	82.86546151878794	0.0
4.582669838615346	4.721556374820073	0.3069866264585768	2.229272116521169	88.15951504358483	0.0
2.7314444883849727	24.621919936702945	1.0053411404198953	5.067009181525406	66.57428525296677	0.0
3.415675003034618	18.440254533596473	0.8875997208008	6.970267651994215	70.2862030905739	0.0
5.759402309664588	21.620791145349248	0.8900794486120048	1.1621889226559312	70.56753817371823	0.0
4.675606618332011	7.653283355341395	0.3604881288646936	0.14473630471045798	87.16588559275145	0.0
9.524744764057063	10.698093658383936	0.28954665689321785	0.10683253062025405	79.38078239004551	0.0
28.10237856206611	7.123165371690435	0.8754402052041456	0.22140123512297197	63.677614625916334	0.0
25.82610501988033	5.5502805293137145	0.6598507593980714	2.386098898808765	65.57766479259914	0.0
17.174111439996096	7.192830103360547	1.4539721632614946	7.1388602772590914	67.04022601612279	0.0
6.722135115590097	7.461961280268752	1.6566274391943376	2.4858912703324028	81.67338489461441	0.0
6.266323769639297	4.4477160644818	0.40939920066288243	3.3224171235001285	85.55414384171588	0.0
2.493866854395575	0.8926182583994373	0.04890636919298642	2.260366393859875	94.30424212415213	0.0
14.004863916925595	1.107588117097405	0.044295421747767974	3.739505244193046	81.10374730003619	0.0
8.204025279506695	0.5658812014744288	0.07472109301664691	1.963124888858519	89.19224753714371	0.0
4.002341739853006	1.1980799069633363	0.010070485053709144	0.9506372883399641	93.83887057978998	0.0
8.94927148288851	3.7322700389675654	0.001860496031259274	12.8186425002576	74.49795548185506	0.0
5.638484087018684	1.3981171859449115	0.2104683699562664	16.0917747347328	76.66115562234734	0.0
3.9846579462432703	1.986856082480061	0.02974854760355477	11.426328785988318	82.5724086376848	0.0
7.940813085355421	3.1994098952524044	0.00937315733406595	32.77787022167963	56.07253364037849	0.0
11.055909617984891	4.479729804599967	0.31681888307591494	14.156177941437459	69.99136375290178	0.0
6.802780865189353	1.9267296658018882	0.08931756208330312	5.224395891607862	85.95677601531759	0.0
2.3201662210082126	1.6603922105352928	0.16665231624551435	10.144272052445189	85.7085171997658	0.0
0.8592280696456875	0.37571542714949807	0.06999546516637643	8.617611155198798	90.07744988283964	0.0
1.96373986929404	1.6520220233505967	0.12295959054142672	8.326013875649519	87.93526464116441	0.0
3.2825456513967834	1.244915985685478	0.04868107863250304	29.702253091827714	65.72160419245752	0.0
3.7069005677329105	5.891075453781511	0.044296680696540094	19.429054074186887	70.92867322360215	0.0
1.1269860237637028	0.35486141907830854	0.008455370714237282	8.413049612727544	90.09664757371621	0.0
3.05376907024227	0.7871912327674525	0.006898757502623605	10.538750455975132	85.61339048351253	0.0
1.5409062346102886	0.25587464325912956	0.009774871520010324	3.6432095407946856	94.55023470981587	0.0
9.30740727980357	0.671757786016312	0.0004720349421435194	23.536968825692973	66.48339407354501	0.0
4.507149018161354	1.833792381202281	0.0002822448431547307	20.341911342476287	73.31686501331693	0.0
0.9613306292710172	0.5464124304951234	0.011934580009943277	6.8929401817817855	91.58738217844214	0.0
1.2101734307418412	0.14373485533902575	0.007133151907220461	6.212432291869877	92.42652627014203	0.0
2.1946087956324445	0.30317407264359164	0.01070197533399693	6.630463737007458	90.8610514193825	0.0
2.9433615064434875	0.679404295879494	0.018194530257735014	11.345130052894788	85.01390961452448	0.0
2.6419188161946012	1.0822719995168608	0.003287383596581062	15.328325775652038	80.94419602503993	0.0
3.056912212110232	1.7076455663783054	0.060366765977438314	29.20696567358557	65.96810978194846	0.0
2.80689745769328	0.3821104623749286	0.048597593973511835	9.25528022350569	87.5071142624526	0.0
1.5391083209415635	0.361398726727752	0.00019663150845305744	19.75806591053434	78.34123041028789	0.0
1.9742301440036532	0.2636688475646111	0.0035057026052295113	14.395628356929008	83.3629669488975	0.0
1.6860719840571643	0.3030918162031042	0.00615909520561374	2.655850662011737	95.34882644252238	0.0
4.582659733428586	1.9349668978023618	0.009234313710269778	25.942387382089503	67.53075167296927	0.0
12.471105749898811	1.2829066149907382	0.018083672638231123	18.545890493634182	67.68201346883804	0.0
2.26010931228155	0.3129106054411238	0.005437233621111619	17.41530642289367	80.00623642576255	0.0
4.411140813557529	1.1898297970264688	0.03034340790760476	11.590239441350947	82.77844654015745	0.0
3.115476531596391	10.174171456693058	0.09292069049669528	18.823750211863523	67.79368110935033	0.0
4.3243336372419785	2.5523797715666063	0.07471074543490838	12.11134567253381	80.9372301732227	0.0
15.425413045375283	1.8121163632468271	0.002659937838799871	31.468099839487685	51.29171081405139	0.0
12.768659130825982	1.3932703815735217	0.036626585929473494	9.296695941216145	76.50474796045486	0.0
12.681754459403018	1.753678954703132	0.003400084583020747	34.94120315897858	50.61996334233224	0.0
6.242426120042889	2.5286712068951016	0.33333864681878644	13.549012392705666	77.34655163353756	0.0
14.726434046782261	1.5267677897743717	0.23571088359763664	4.858792164603581	78.65229511524214	0.0
5.532976367348433	1.4380531310286893	0.08438722244826925	7.736037794824746	85.20854548434987	0.0
13.742848025968414	2.582303372687807	0.17076359373006017	4.331058155809567	79.17302685180415	0.0
10.749060131712644	1.7069035527961247	0.019972514161133246	10.856299394068571	76.66776440726153	0.0
4.637642561289193	1.6258509795540332	0.025616761589053294	8.244001858730966	85.46688783883675	0.0
6.6876402363529905	2.1502232874301903	0.04770714923570735	2.5171863230835068	88.5972430038976	0.0
2.3323407696975345	2.3120871780840346	0.053485688918670796	3.9399380865615985	91.36214827673815	0.0
4.157877860955658	3.913970287209392	0.03512268412853413	10.326687386130544	81.56634178157587	0.0
3.2733181277746652	15.124317616049469	0.1318563554268448	4.338122546909416	77.13238535383961	0.0
5.515292736142568	9.825787372945118	0.14789044662084375	5.6012409268241035	78.90978851746738	0.0
6.774395365156383	14.586896236650176	0.4217779826167693	6.153534094564773	72.06339632101191	0.0
5.323512537488223	1.8395942531052787	0.07385390546612682	5.8230940166876906	86.93994528725268	0.0
6.0522729287026555	5.816417344894917	0.06736147913312092	7.4429632367291845	80.62098501054014	0.0
4.174844295835123	0.8941592842789069	0.02182767139754914	3.4965325409377224	91.4126362075507	0.0
6.894625473883986	0.815471450970013	0.03083580254926502	23.698958569745482	68.56010870285125	0.0
1.1074845966628353	1.7241733960341448	0.035278319472127936	4.094142155003352	93.03892153282754	0.0
1.8976435222802301	1.2882008962921025	0.01861871873538389	9.825546716882323	86.96999014580996	0.0
2.4138465209477435	0.9786359620455937	0.02159166071279908	22.336882407453547	74.24904344884031	0.0
4.2770621748096875	2.7545230361842665	0.2970387638940564	4.558043207556887	88.11333281755512	0.0
10.097981485139771	0.6602820154624134	0.01859170829316404	16.842938441694326	72.38020634941033	0.0
10.494386222691466	1.1437679072684777	0.026635743706029974	26.02318617291543	62.3120239534186	0.0
5.040667098776895	2.3021960222661377	0.21438052257469986	6.309944365032624	86.13281199134966	0.0
8.54611793569389	14.31494734191193	0.45657207234007624	8.229059410744522	68.45330323930958	0.0
10.348025980866419	14.495366539531782	0.5914259345070674	12.914310744879803	61.65087080021493	0.0
9.766767260754957	8.673898705154425	0.5278858431374129	40.49744327026089	40.53400492069231	0.0
9.988456083857038	17.01582380858751	2.348487029798409	14.121587978646598	56.525645099110456	0.0
3.8260063706766543	27.27149306871285	6.505442005061922	16.163257431098575	46.233801124450004	0.0
9.114939632244187	14.42298498882095	1.6040261840812882	42.515677844814206	32.34237135003937	4.0
2.320203741416792	13.99870522999298	2.2969294175743444	50.59209311813193	30.79206849288395	4.0
12.41554409296496	36.65391774986495	6.011641536297338	22.124651063610436	22.79424555726231	2.0
6.71932371267702	24.107128426070396	4.873421060252481	51.37569071932724	12.924436081672866	4.0
2.0288377073218227	16.600041685238455	1.9885484162764353	60.446511794073686	18.9360603970896	4.0
2.330710008522082	12.491564216302683	2.3498851832922436	61.39580217782725	21.432038414055747	4.0
0.6599131973338614	1.6352087040862846	0.615834278473073	91.15284507848828	5.936198741618492	4.0
0.5886999646134485	4.094779182659792	2.202527559282017	81.08889484772344	12.025098445721321	4.0
1.0700205090337547	6.414801888286845	0.6167813138570114	80.22861136584791	11.669784922974467	4.0
1.6946569464236987	0.9350473911952077	0.40806575214564517	55.529984144664525	41.43224576557093	4.0
7.559038881365621	2.3481341058624974	0.031840649516141815	29.3204154967592	60.74057086649653	0.0
5.328057952459221	1.7780602518419948	0.012087414688580366	31.166969441306406	61.7148249397038	0.0
2.701101979811218	0.7256120994484706	0.0026903820989690576	30.852614020058024	65.71798151858333	0.0
1.6698608300537123	0.13579209306800966	0.007191912937177993	8.43149099919896	89.75566416474214	0.0
3.6681618639170432	0.5230953653676069	0.00044046581464489654	21.775220978899963	74.03308132600075	0.0
3.9662862429852828	0.17849467775715153	0.009062811520496995	12.074460298990262	83.77169596874681	0.0
9.013738456320915	0.8559411398989679	0.01567383040792866	8.479192158131656	81.63545441524053	0.0
8.04024205093741	0.6778152512519624	0.010038496365096045	3.422880524060306	87.84902367738523	0.0
7.9905566656963565	2.319600755385349	0.07506706659094003	0.7694890154712711	88.84528649685608	0.0
4.655643991793646	5.502818580513411	0.2482111113591279	0.2760773381204214	89.31724897821339	0.0
5.562649658548764	3.4449254214181013	0.2687742995372402	0.3938777418432622	90.32977287865262	0.0
3.493284928778396	6.915872901998364	1.066622531866692	1.3815790297216541	87.14264060763489	0.0
8.972452860905136	1.5687840252427687	0.5109975349819692	0.3389156751026255	88.60884990376749	0.0
4.56416399269106	11.01357465415991	0.49934999843669825	0.41909992665221235	83.50381142806013	0.0
7.9229995035115435	5.438669948423806	0.862527005425681	0.34446309078399856	85.43134045185496	0.0
4.425987953589149	16.575642295455562	1.9281231175815607	2.2558865316880907	74.81436010168562	0.0
1.7418344000922084	2.707469327321566	1.0182975132118643	1.0034777762755762	93.52892098309879	0.0
3.0452165423651523	4.536484498628752	1.140086648189633	2.086882611304203	89.19132969951227	0.0
1.9338142333989279	1.2307158849149709	0.6862624400372499	1.6278241423583857	94.52138329929046	0.0
7.590235026734095	5.104376270631997	1.0696270389521099	4.142667036208807	82.093094627473	0.0
3.8415085975649355	6.1638970892037515	0.34102841368180614	8.619097064873934	81.03446883467558	0.0
2.735412077910767	4.459802937456462	0.18982676240911708	22.66817330423305	69.94678491799061	0.0
2.7233291660271477	3.568576842433678	0.25853381867559394	6.001869079069399	87.44769109379418	0.0
12.03763452291509	3.45537989933844	0.03329579331073806	11.464923068351515	73.00876671608421	0.0
16.506399330847064	2.8157876886582054	0.10716072756502067	3.5922292718416258	76.97842298108807	0.0
6.364565148776268	1.8597851998345647	0.07874856083005585	3.665857698241301	88.03104339231783	0.0
19.874845607005216	5.738497095297858	0.1996582543177832	5.68165051331332	68.50534853006582	0.0
10.453353754747319	8.188534047022436	0.3355761857122016	7.374593974497447	73.6479420380206	0.0
14.156940161658968	14.391215403507246	0.3624683058202484	5.443723600469128	65.64565252854442	0.0
15.457870934077892	36.4398001699512	2.022722730129661	12.563541861605652	33.5160643042356	2.0
10.235948875042217	13.549466242678784	18.33828330893028	15.331059160730451	42.545242412618265	0.0
3.5644105131352246	6.332500563173163	2.265343646801191	8.655513957825214	79.18223131906522	0.0
9.779479584417315	18.54534607508789	4.305428037479218	10.953325278673075	56.41642102434251	0.0
10.606247762796096	19.543933649605147	2.634668033971757	4.274881131166546	62.940269422460446	0.0
10.688377852274243	22.732458967580797	0.4605400942125612	3.0950814228704533	63.02354166306194	0.0
18.381715153807615	39.8468037490326	1.723270297486952	7.240506530847816	32.80770426882501	2.0
10.194034289725954	29.851706564392405	0.8765377582463165	12.625824683278585	46.451896704356756	0.0
2.575646495314561	25.77061609105616	0.7918920750683095	46.074163336661385	24.78768200189959	4.0
