N1	N2	N3	R	W	anotaciones
2.0493550722519065	7.935976066784139	5.84243905412112	6.001059672187497	78.17117013465534	0.0
0.25820649213609137	3.9289917963612897	0.9020459088315811	0.24351036196958964	94.66724544070145	0.0
1.64954574104298	3.530599396942919	1.2380261166803133	1.5779171612691605	92.00391158406462	0.0
1.2999025506032356	3.8488155265826536	1.5060276391530796	1.479596275807765	91.86565800785328	0.0
0.4750464178476849	1.9011509006527105	0.9730218695335959	0.46353637743611076	96.1872444345299	0.0
2.795085049616952	6.416334545931333	1.4663241683738533	3.755720948009404	85.56653528806847	0.0
3.4110379498628967	4.812366787311881	1.9887625403478975	0.7375017376353374	89.05033098484199	0.0
0.4735092163423473	8.037538010067607	3.3650015526457593	0.660573771521458	87.46337744942284	0.0
1.0604741762442074	7.973371056936626	3.294067611247019	0.5534739163330583	87.11861323923908	0.0
1.3757584554893827	6.648626706832229	3.4963092402515605	0.4224024591831933	88.05690313824364	0.0
1.4019060921205577	12.106168747570978	2.7867025740412403	0.6284988179474856	83.07672376831974	0.0
1.4458063361119016	4.271599682010786	1.0215553716907018	0.38107614152632197	92.8799624686603	0.0
1.7845020260144844	6.992070844922097	1.2229607387704424	0.06370224740370296	89.93676414288927	0.0
0.9683332386885266	4.6167092734113195	1.7229965918519288	0.1233590993181674	92.56860179673005	0.0
4.544164111739318	6.320700070769658	5.075761045282166	0.2422805813169099	83.81709419089194	0.0
0.7734313197600295	0.6225639427562678	0.7162138431993419	0.2025999613595857	97.68519093292477	0.0
0.15694177740466092	0.41973074816188344	5.090285213369091	0.2757041388031518	94.0573381222612	0.0
0.5937539000502432	0.8123333069220574	1.314726407941631	0.8984124778632311	96.38077390722283	0.0
0.3146168432028281	1.0943089751455843	3.5221001091122717	2.3252951747414605	92.74367889779786	0.0
0.815731013025351	1.9496519680609927	1.43673615043769	2.2044462859268177	93.59343458254914	0.0
0.33378261641614154	1.0520228370464029	0.36214227474446514	0.8332169717921478	97.41883530000082	0.0
0.9229907632144213	1.3733430905325437	0.3291868067902862	0.516262570496175	96.85821676896657	0.0
0.6318124388784507	2.243184886309091	0.1894875384577626	0.7899911801959641	96.14552395615873	0.0
0.5286819884990834	2.6099725873067485	0.8426950558978703	2.4023758888476507	93.61627447944865	0.0
0.3858266048765882	2.768799102766702	0.23589011940811797	4.923143430927459	91.68634074202113	0.0
1.0151573267659144	3.5103565654063993	0.2261524455446504	4.667034704252098	90.58129895803094	0.0
1.8583610632030623	4.781869013778768	1.090227871862075	11.415368226787535	80.85417382436856	0.0
0.9349713701368809	3.1554081729034142	0.6090540582588281	8.297803962349715	87.00276243635116	0.0
0.6567649876689495	2.698436319216052	0.15421376784371332	5.6264655988947565	90.86411932637654	0.0
3.0082967603054698	4.080096277937368	1.1206003121822128	4.081687640984507	87.70931900859044	0.0
0.41187357105428685	1.282604044936002	1.2222289581825168	5.174543125617643	91.90875030020956	0.0
0.9974675858092488	2.443287825190445	0.5779469121614019	6.885751172986551	89.09554650385235	0.0
0.9151615195867905	4.078231404273279	0.20573144723579853	4.122632875894837	90.67824275300929	0.0
2.551727057782197	3.8180318485382623	0.18000172619749036	13.687326191696366	79.76291317578568	0.0
9.099536021125905	11.923763256427932	0.5811060146577499	0.7257355628893225	77.66985914489908	0.0
9.643679768846546	5.884736272441512	0.3545034240918642	0.33368431031907064	83.783396224301	0.0
4.311311546472788	4.984762432649604	2.763539805115469	0.12722973269068144	87.81315648307147	0.0
7.741566039302987	5.7470562569313	3.521485398257958	0.13548379768191815	82.85440850782584	0.0
6.908613642229152	4.8891704795796285	1.4547377802070376	0.31786067529776874	86.4296174226864	0.0
2.1086975746849994	4.400974945517281	1.3313272225251527	0.1904155827759043	91.96858467449667	0.0
0.8186497262623567	3.150903788978692	3.7531552299252584	0.39514544687902803	91.88214580795467	0.0
1.121049447022495	4.508955481075823	1.563493299093119	1.041434948486472	91.76506682432208	0.0
3.3563457489653556	7.005435066519709	11.340958113977527	0.6970911324964195	77.60016993804099	0.0
0.6416130167259938	2.096840874973253	2.001427135068297	0.33538070376436036	94.9247382694681	0.0
1.5693341539300405	8.877795550294632	3.032326951504723	0.5319169424250385	85.98862640184556	0.0
2.484677450875752	9.324733796365587	1.6109477080462478	3.2708157038939825	83.30882534081843	0.0
0.9304999690161381	12.630105536583677	4.893795265881974	0.292220107665665	81.25337912085254	0.0
5.254737265956434	17.36481897884742	3.515639749021346	1.0132082381497063	72.85159576802508	0.0
1.4427030925719622	22.6772013835776	4.6489576591638455	0.20119878368524327	71.02993908100134	0.0
1.6018071385988704	25.858152509480625	7.803252640506825	0.31322196252156476	64.4235657488921	0.0
3.395623282158193	22.167926725146934	7.313879774348201	0.795592339648286	66.32697787869839	0.0
2.065479045365811	17.548417898422823	3.7487869843226536	0.19954084872106753	76.43777522316765	0.0
4.169304681823433	9.39547684242323	0.763810069241061	0.2405862213861627	85.4308221851261	0.0
2.22244628303117	23.40077168153224	3.6413823590110743	0.5017007890440364	70.23369888738148	0.0
2.3262311050094175	9.372116565687675	3.2853615242156695	3.340998049125543	81.6752927559617	0.0
0.40958706598923106	2.767205894114347	0.8307587277378631	1.109979712507452	94.8824685996511	0.0
0.151845197057155	2.032289178718509	0.5299377577796022	2.113470745665729	95.172457120779	0.0
0.21578484775535353	0.9225984551096494	0.20408791376561575	0.624164221368941	98.03336456200043	0.0
1.994129902135489	8.92879425836806	0.9845976895662437	2.005710712148608	86.08676743778159	0.0
6.843111901124847	1.8454626778253467	0.27595235805542856	3.0586661471174352	87.97680691587695	0.0
2.067240526361434	2.3047731861111393	0.7309657226611694	2.412669151470203	92.48435141339606	0.0
2.9313307951219283	8.046564118910645	0.32566282933910645	4.109170568063454	84.58727168856488	0.0
2.2697906046561647	4.999927012230964	0.3014106211079309	2.7231638697689293	89.705707892236	0.0
0.9030030223453399	10.015107253625699	1.005969693010429	5.086940021627198	82.98898000939133	0.0
3.7121216661578376	10.379603509861122	0.14579711908985366	3.1128827347912025	82.6495949701	0.0
0.891282116963033	6.525460605427305	0.9569720805732963	2.1135649662057383	89.51272023083064	0.0
0.7544613279488446	3.5261858698624375	0.5495162313254306	3.034821935211852	92.13501463565143	0.0
0.6798610989621009	3.311854223462798	0.2809776835540066	1.8006946854813188	93.92661230853977	0.0
1.1234677602387955	1.938894096385501	0.2317566776911489	2.4331186999931904	94.27276276569137	0.0
0.8133603631715454	2.446976230268011	0.11045936209163583	5.391231939297748	91.23797210517105	0.0
0.778602669284883	2.701495376896508	0.15843185120847514	3.706369713487839	92.6551003891223	0.0
0.9348603552628348	3.157014408459656	0.12421686028814839	2.412275805607893	93.37163257038146	0.0
3.1796408391097715	2.651651039645294	0.37449140331266983	10.937448284367798	82.85676843356447	0.0
5.819502674175636	6.105400102333107	0.5208908881195857	2.751630669248163	84.80257566612352	0.0
2.0366505131771	12.766712945853822	1.1231896744869032	7.666479431207082	76.40696743527509	0.0
0.6733737446436081	10.234873631109517	3.2318204843157754	27.247289705420503	58.6126424345106	0.0
0.6190696007710993	6.470365002291246	0.48019530567951785	29.097874682335885	63.33249540892226	0.0
2.2865585864985203	4.867554311787502	1.0644554014486283	7.942361444600561	83.83907025566478	0.0
3.1944124073918285	4.017641715135018	1.1340158139333476	1.8963083014929845	89.75762176204682	0.0
1.1446987147749426	16.880940410882143	1.957330023432531	5.378529173053835	74.63850167785657	0.0
3.879667734378705	7.36680295506075	1.4878587125166998	2.7297863496237227	84.53588424842012	0.0
3.91375682308381	5.207171181456145	0.6354747103529267	2.6658692138948092	87.5777280712123	0.0
1.9640832782703694	8.069701766531564	0.3254406225527418	3.381194864674791	86.25957946797053	0.0
3.326883916263302	10.367905461785574	1.585212060256295	1.7157634950960794	83.00423506659875	0.0
1.7233770654616631	6.228700553868051	0.588210586061945	0.9528736488599001	90.50683814574843	0.0
1.1470875909547291	12.63121392112225	0.8256213180713499	2.724669427478359	82.67140774237332	0.0
1.3561791937259813	6.715630803333374	1.4761088155594184	1.5246019872531456	88.92747920012808	0.0
2.61970239585123	7.640025500326034	0.8106601118357694	1.1425746153088552	87.78703737667811	0.0
1.002495481388527	2.735254484762234	0.5061225370565056	0.7539212577673048	95.00220623902543	0.0
1.8197885331790973	6.011713752798542	2.981117890009883	0.48105475964724004	88.70632506436525	0.0
1.2071784219851782	3.2312141923838187	0.7295735911301449	0.2716602261909068	94.56037356830994	0.0
4.872773990398261	5.946982715406483	0.8219499694332602	0.7164072623188319	87.64188606244316	0.0
1.9744754048953916	3.08391244923033	0.5608841044712423	0.3929001732768199	93.98782786812622	0.0
5.806448159925317	6.042159324282955	0.49972446718493846	1.7565086018356224	85.89515944677116	0.0
1.2991718991224444	4.400740703987595	1.008450046132546	0.14844427216530326	93.1431930785921	0.0
5.302505275080808	34.42414053233583	8.904848320011443	0.34762151046436046	51.020884362107566	0.0
2.6806395598780175	14.907109681507148	3.788794181705028	1.536575935898477	77.08688064101133	0.0
1.8253222780579177	18.106220089022393	2.8697496271579026	1.4883198054759073	75.71038820028588	0.0
3.217873764581971	20.194575956292994	2.517565178404615	3.1269292242166116	70.94305587650382	0.0
2.6066166529609807	19.853206031553174	1.360822764782124	2.5259742865394554	73.65338026416427	0.0
4.675402395298126	40.09956444880631	12.850471375774442	4.158561686558379	38.216000093562734	2.0
8.187144742188948	24.558566859153537	2.0297718895294223	3.531081222615251	61.69343528651283	0.0
6.40709542202571	23.490091026064764	2.2125650231447755	3.9124423928008363	63.97780613596391	0.0
17.257568547879025	16.982495027839104	1.6070061774101796	14.269297245254537	49.88363300161716	0.0
4.155544782941869	11.112673197109963	2.221572796329995	19.61366825393542	62.896540969682746	0.0
6.843206929669539	44.58395549519506	7.68851690359128	5.20975815234155	35.674562519202574	2.0
2.9354124747825443	39.88349670480101	8.673165527366669	21.469818501451947	27.038106791597826	2.0
4.421316331655452	43.33008102411149	10.681796523220628	11.330486739547219	30.236319381465204	2.0
5.337588253779078	22.59949143804304	2.874143334240755	11.811736579520915	57.37704039441621	0.0
5.414008554893633	8.625200223957556	1.8416786914773053	25.05265134044708	59.06646118922443	0.0
3.3407404055270797	20.55986181679901	3.7809326849902973	41.293066431751136	31.025398660932492	4.0
1.2949505764771356	19.656760378978646	5.659537725455851	34.92202785557514	38.466723463513226	0.0
2.481810596856669	6.040909032797316	0.8940480849620347	47.0106191341855	43.57261315119849	4.0
1.7604759828061871	4.464706243850571	1.2102184836705274	16.478916072009124	76.08568321766359	0.0
1.4878803029675076	3.0721410015443453	0.17516258192390152	3.3526570185013282	91.91215909506292	0.0
2.2259310550825706	7.304607720223723	0.13984712871079594	4.026578630149635	86.30303546583328	0.0
3.34590677544356	8.160920141927534	0.14808061548307155	5.479507847097394	82.86558462004845	0.0
3.092745047599669	1.6712710019370451	0.08290180468655214	1.7075359488953203	93.44554619688141	0.0
10.735187297912058	3.91192108268401	0.22849078433889633	5.187754627878497	79.93664620718654	0.0
7.586107558923574	3.7416531432383735	0.16458550696566793	1.2112839645923534	87.29636982628003	0.0
21.87266042158781	4.2625255958622885	0.22206175992055813	1.6956425042748284	71.94710971835451	0.0
6.827395665824588	6.894381169717042	0.1192628472606482	2.977330747898495	83.18162956929923	0.0
3.991511786621234	3.0358819770252463	0.16637073462564778	0.9491426280445248	91.85709287368336	0.0
9.629283197736829	9.889566470084128	0.6743971023513934	2.6556591929858415	77.15109403684181	0.0
5.806776555837008	30.83459115922472	0.6999604865370121	4.013592335256303	58.64507946314495	0.0
6.6866528748936185	42.37199813132511	0.8173826604429983	36.100786632800606	14.023179700537664	2.0
2.2984220455139828	37.256169169215404	1.3880488378110523	18.52824956392264	40.52911038353692	0.0
3.2156526886922885	36.25679312994228	2.761642691785464	19.952143614817945	37.813767874762014	0.0
5.775540967318303	25.291204330197907	2.330651809880761	25.5519096815432	41.050693211059816	0.0
6.215776944438862	8.314440044234939	2.0375962967686316	10.689102187109922	72.74308452744765	0.0
18.837118296521	33.14859981807112	0.4352316557179608	9.042331383396531	38.53671884629338	0.0
10.065002602826286	13.899223381426145	0.2123846454804923	12.416370187946491	63.40701918232059	0.0
20.27202762080877	13.091420330480407	0.7723396224071821	5.429555012368379	60.43465741393524	0.0
10.838838407761617	25.935939780935584	0.6946757217831957	7.77425607213329	54.75629001738631	0.0
23.27019615190766	28.088890593036613	1.0589435774555078	14.775275826884016	32.8066938507162	0.0
10.651856960870775	62.78457697993509	0.9078383496260242	5.444248895227911	20.2114788143402	2.0
19.98828632228045	23.650527138572674	0.6572237411788576	4.049307766401725	51.6546550315663	0.0
22.520707301847555	28.674037209636854	1.844393581704118	2.0546923328365034	44.90616957397497	0.0
15.824268966455723	16.106269855992313	1.4900975513159302	1.6809086229706272	64.89845500326541	0.0
30.07832486786586	33.041813554250716	2.2859131916703137	2.981219660016474	31.612728726196643	2.0
15.833253435771294	36.35442741962467	2.843235168980755	6.420227614588489	38.54885636103479	0.0
25.02678793997125	57.35006468906505	2.9115314252878175	0.7879192235563066	13.92369672211959	2.0
5.9444722095229805	53.50986437794298	12.722651096253887	1.703592160654861	26.119420155625285	2.0
2.542372388100013	60.19883782203892	11.27183105391171	1.7759409711158767	24.211017764833485	2.0
1.1432078400189907	28.17366464875523	22.688968193695125	4.208120733184876	43.78603858434577	0.0
1.3813931810938196	27.357045351579252	12.076042868828067	4.321438664709885	54.86407993378898	0.0
2.507765452659457	26.232927598141398	14.70513299753326	23.735618114470455	32.818555837195426	0.0
3.654685969277073	17.444286729426615	8.967112840369609	49.456425407952835	20.477489052973862	4.0
9.832002680269209	20.21509740290369	3.471680926179241	20.3880244867898	46.09319450385806	0.0
6.359502447483554	59.18027115553461	9.168543581622886	4.821403575715285	20.470279239643652	2.0
7.695799684306255	53.689421042695315	9.644974143316219	8.565586226376215	20.404218903306003	2.0
5.995062186949567	50.975217869353386	5.216213740763513	8.938605945965367	28.87490025696817	2.0
5.646047391592486	58.58227404175296	3.0206956693588682	5.920385271928324	26.830597625367353	2.0
6.620914686284725	35.12322297128811	1.8513047476047237	23.361225071903597	33.04333252291884	2.0
33.05676570465098	29.763709514983894	1.1438582693775297	7.124816935281735	28.910849575705868	1.0
7.548057007731371	54.12529416099272	2.938951240464854	3.507150019610644	31.880547571200406	2.0
23.280235296357993	42.951665690479636	2.0614597444783596	20.214412637519512	11.492226631164492	2.0
9.716012033773572	37.275177011420425	1.728574425162984	15.840176144325468	35.44006038531755	2.0
5.462870574407286	28.555166336605282	6.062022542082378	13.201580626832406	46.71835992007265	0.0
6.027214017216311	75.72166564325275	3.6584873499719373	2.2681501291682062	12.324482860390786	2.0
3.0693762017863326	31.973412469840518	6.720448849207471	16.55197542569947	41.684787053466195	0.0
6.151638046538019	30.33704871496084	10.71639154993907	4.0601160503478075	48.73480563821426	0.0
7.421189521887057	34.31866687258787	9.815900824660789	4.738559838756464	43.705682942107806	0.0
22.628628688018345	20.615066025820035	4.870531468172799	6.394849457034494	45.490924360954324	0.0
3.5584134576174895	12.688050601421208	13.067559280043383	12.18062500761041	58.505351653307514	0.0
3.1229015727997735	5.564751516410338	2.6344954912287966	1.8664650668393061	86.81138635272178	0.0
1.6691337209168626	9.42089356365845	6.310040875328901	8.305627511153228	74.29430432894256	0.0
2.2242373406538634	27.944106092919952	3.734356156750196	1.4810830372239863	64.616217372452	0.0
3.7207287592394547	6.79583849367329	0.8604673072612586	6.472068634204209	82.1508968056218	0.0
15.907466569445052	10.121625514843943	3.2531899350130824	7.053782080207954	63.66393590048997	0.0
3.924053098600212	13.393816342280957	3.3199131400322908	5.395361055832381	73.96685636325417	0.0
7.979319228239349	17.887130473933325	3.446099087859723	7.683888322536422	63.00356288743117	0.0
5.408394021591482	15.275794024591185	1.649406772220933	21.294002395356294	56.37240278624011	0.0
2.266715543710641	7.8552352797843605	1.2391429620433374	1.6917535658948029	86.94715264856686	0.0
24.326573171504684	16.910260107690753	1.6502683380015273	4.584399991673135	52.528498391129894	0.0
6.9762705274967365	8.141407527274234	2.2561968595830373	11.996575523886216	70.62954956175977	0.0
44.79262621648268	10.179706050122045	1.3383401646255895	3.2938141225627495	40.39551344620694	1.0
15.15600825003814	7.983020361330316	1.0576660951815187	5.044481909032953	70.75882338441708	0.0
10.16328684874682	9.376380963115725	1.760833162371124	7.101452194005385	71.59804683176095	0.0
48.547069076844984	12.785882466805202	0.6418858569666512	8.668616899319936	29.35654570006322	1.0
24.358696008624218	5.599094817706856	0.778240865533496	3.3367694504372625	65.92719885769817	0.0
13.328196656604183	30.479131799086325	2.6605542891133775	6.672244517610968	46.85987273758514	0.0
9.970935483183213	12.639882666484855	5.772036833283596	10.435542579435399	61.18160243761294	0.0
6.59563553766348	23.969910328704845	7.886652650675612	15.946005522427232	45.60179596052883	0.0
8.0741796007494	29.498612326304468	15.204017381421378	10.73423609274641	36.48895459877835	0.0
19.36193806202312	30.619458070561826	6.338864499856428	5.4687799937102755	38.21095937384833	0.0
10.954494475520454	43.789852199882375	6.129569695493483	7.479675793170985	31.646407835932695	2.0
2.864229969229689	55.48254595609086	17.758509192431458	1.9510381989489556	21.943676683299042	2.0
1.2797846894900027	47.48586325808578	14.54348248133667	15.721144423152996	20.96972514793456	2.0
3.7938715316472202	33.85212852422788	4.467302621183727	26.68252996576564	31.20416735717552	2.0
1.2884260069202902	10.454265162313629	2.0667219373954366	78.82749254468779	7.363094348682877	4.0
4.912132783432295	11.271467570108982	11.935994154795537	34.35093018846514	37.52947530319804	0.0
1.540559636177049	7.293977377183794	2.3806978637914833	47.959220035761476	40.825545087086205	4.0
3.556453450862682	19.286434806931595	12.344808203175164	20.848561295575756	43.9637422434548	0.0
10.275808109735813	33.5802663379085	6.904486170823707	4.322620169468927	44.916819212063054	0.0
2.8408138624973764	27.897956628464026	16.529082888777342	6.053524304198564	46.67862231606268	0.0
5.704701963777784	18.519972700695376	1.222663402372527	9.574654375447263	64.97800755770704	0.0
5.191224708988415	11.379735788283874	0.9004045439879862	6.1066247806238785	76.42201017811585	0.0
3.356234083674925	15.639341699268428	3.3027751165155146	2.0957752122471143	75.60587388829401	0.0
1.3167817014914107	20.789359627609556	5.191215119336041	2.7416889663419464	69.96095458522105	0.0
0.43050994044375507	3.599838079347694	0.07743204484377522	4.745193711190449	91.14702622417433	0.0
2.638734913723653	17.8209756793388	4.235353696676038	12.739145180270567	62.56579052999094	0.0
6.398367913146555	9.165433007229899	0.5091976698880171	34.84621425216599	49.080787157569546	0.0
7.455902159035994	2.867232908986119	0.005895814765823501	56.213336225391586	33.457632891820495	4.0
1.8835595535968346	6.0991478452077095	0.4448451033197915	5.500748788540189	86.0716987093355	0.0
8.512956833358034	8.573713750188347	0.41012265737498493	17.142013979610123	65.3611927794685	0.0
15.641376580682362	7.45964584278619	0.05411775252747891	14.097600283079379	62.747259540924595	0.0
7.939874018884625	3.0182578895235435	0.15416230017981208	21.748813210029336	67.13889258138269	0.0
7.8287699877197285	4.322761346546336	0.42729148708545805	2.005936378445668	85.41524080020282	0.0
4.2084406094766935	2.0952792358033716	0.18620464579816096	7.762919773068891	85.74715573585287	0.0
2.4356067602382203	2.5708344410514403	0.2762925363186099	18.26670669657688	76.45055956581484	0.0
2.0562048923771505	1.9238581979296208	0.1638900967555747	44.442504894523324	51.41354191841433	0.0
1.290145188210512	3.3207478164078976	0.8729109864291004	3.6270934234235974	90.88910258552889	0.0
1.330411927671974	2.1082801100939053	1.1519893630233613	2.9223153420259176	92.48700325718482	0.0
21.29906114564362	8.677110337825843	0.48357789219425723	9.485468423580286	60.05478220075599	0.0
20.125249967422846	7.2129168045174135	0.38170567523727805	3.5108748012741655	68.7692527515483	0.0
5.222958636833178	4.183209093371061	0.4413792139336781	1.201686244800386	88.9507668110617	0.0
11.018763656376732	6.355388596752823	0.788982948245618	11.845681323602223	69.9911834750226	0.0
9.007901792133577	20.5528624382418	1.4911666648238961	10.738632099191395	58.20943700560933	0.0
3.880342818263934	17.82758135192516	0.7475551610007554	5.926469738261558	71.61805093054859	0.0
11.051322304818758	9.77824298001882	1.04842449054897	2.9403595449638242	75.18165067964961	0.0
14.385316394625777	18.573291044691654	1.3551756855574777	2.820153259504425	62.86606361562066	0.0
18.543543184596466	14.870678393948905	3.477294471885242	2.116870218600895	60.99161373096849	0.0
28.288819632650288	23.84329155003601	4.239868160216971	2.4628127368104655	41.165207920286264	0.0
16.980267794823167	30.315199682796703	11.349201068998592	1.4550383101435256	39.90029314323802	0.0
8.655146866759274	58.91679429425382	3.3728996812865994	0.9517119205925965	28.10344723710771	2.0
8.32317686564922	63.217296623012395	2.904246972774129	0.8141177036149385	24.741161834949313	2.0
10.985524931858553	28.497248693548332	5.557020968832212	0.9246464883885376	54.03555891737237	0.0
17.52165420826693	49.13465975788843	4.496022533528664	1.9131806741023167	26.934482826213657	2.0
19.997460622577645	38.26567250973287	6.031755540045934	1.3427060885710798	34.362405239072466	2.0
12.620303284046402	61.349878634879055	2.5422866403473554	2.1891708098295064	21.29836063089769	2.0
7.508099597092244	55.9515340801204	1.9847626223464008	3.2030965786872194	31.352507121753725	2.0
7.104593771978516	33.517824401778235	1.5640536473018298	18.79526303081817	39.01826514812325	0.0
10.70589137579269	33.81300816520304	1.7803428569386968	12.099287669720859	41.60146993234471	0.0
5.572325890948099	25.866303158481678	2.2296388507426554	5.965369655808136	60.36636244401943	0.0
6.001623214703442	26.093120271182734	1.983066400187719	4.74506768833463	61.17712242559148	0.0
19.120600272904202	21.42032414766757	2.3110987842394395	1.7263234462561692	55.42165334893261	0.0
5.8347731620175844	10.07033514946551	2.1680785681326906	4.096141971023545	77.83067114936067	0.0
5.0985046431588765	7.857024214370635	1.6983955201709686	2.7522583301786123	82.5938172921209	0.0
8.47922299172498	19.01621682456757	1.9760509881805568	8.150319952187786	62.37818924333911	0.0
9.362505264991118	26.067598941892278	0.794686977010445	6.029840316983067	57.745368499123096	0.0
33.15177711156787	15.802531290990087	0.7540707804660587	4.93589176062959	45.3557290563464	0.0
20.099121984572065	13.573762605043488	1.01026898441074	6.309198441098483	59.00764798487521	0.0
18.940704533225407	8.890498975474781	0.7129836091609664	8.43169376868061	63.024119113458234	0.0
5.562799237561913	4.4410607484516955	2.1162988816217725	9.163180255546962	78.71666087681764	0.0
15.353728397577948	11.271995004381868	0.9064095607099464	19.22902442902282	53.238842608307415	0.0
14.000439084056396	13.265273797236263	0.7351890881281505	38.591646649687995	33.4074513808912	4.0
2.797518197207961	6.821445148367842	2.2968141002665052	2.986420140709942	85.09780241344774	0.0
7.934647328438886	8.281424750448139	1.516043360446932	4.899753805340693	77.36813075532535	0.0
5.6140723748936745	8.37158120434773	1.9139635625783857	16.7035200252182	67.39686283296203	0.0
1.014841540300788	2.261206538641749	0.48303932151110485	4.566819361977558	91.67409323756878	0.0
1.5498289140376982	1.352780685477096	1.0444911284034113	1.243807191012131	94.80909208106965	0.0
4.363723383245121	2.542546703435953	1.5547513403740756	1.8634975665076376	89.67548100643721	0.0
1.2564454416983035	2.323204326476784	0.573053626633046	1.828852264409422	94.01844434078244	0.0
5.199818258875786	4.667911440487959	0.7071014369848005	3.3544445021730116	86.07072436147844	0.0
10.076257064528983	3.39271194816883	0.36937726890896677	2.434979497530666	83.72667422086253	0.0
6.212615061372404	4.029323684653656	0.056440653388056754	2.491295532704099	87.21032506788178	0.0
6.071794274489376	2.705341372738343	0.3792031538830415	4.696519921074095	86.14714127781514	0.0
5.9097157756859025	15.28501146200116	0.7517778783193777	7.2449286299627085	70.80856625403085	0.0
2.9033920915167357	20.653591289875603	0.7357898394909839	3.9385889711898012	71.76863780792688	0.0
3.90429425940825	2.8093080778187263	0.3629991005457364	12.06526002277048	80.8581385394568	0.0
1.6145171545011352	0.9698256858708189	0.2683926985330841	1.5121357730024496	95.63512868809251	0.0
0.4863291603232453	0.7247035671447003	0.11726336688485045	0.6067622187453232	98.06494168690188	0.0
2.8828720957634837	0.8580992735253052	0.12048438833723411	0.7959926593769625	95.34255158299702	0.0
3.021910730243914	1.8446841749277694	0.11970838470476065	0.3762187664932594	94.6374779436303	0.0
2.9942436285838436	1.5087259629744167	0.19017057572288792	0.45388207343473624	94.85297775928412	0.0
10.59872260977775	16.968236914631184	1.5080256208388148	2.147234747318745	68.7777801074335	0.0
4.831064656926112	2.893598610677063	6.536604709741063	0.6661413698726141	85.07259065278315	0.0
1.0596369039981157	1.2397444503379695	1.08629592135868	0.5669744715714622	96.04734825273377	0.0
1.7358305749969887	6.9514154745029515	2.18271042155727	0.8342558971031496	88.29578763183964	0.0
1.0026308213347797	3.958597710140165	0.8590241346943502	0.269280881407628	93.91046645242307	0.0
1.9918239500721653	7.2053563130781315	0.8848238720712869	0.4042247477459705	89.51377111703243	0.0
2.6509792142338244	20.521513675717166	1.2555954218572196	0.2691503923923684	75.30276129579943	0.0
6.79411196325425	13.869321117171301	3.3844418107506344	0.9704411731737174	74.9816839356501	0.0
2.4885536923718354	5.52615793605052	0.7069409272837035	0.800045714611134	90.47830172968283	0.0
1.7716316139818629	32.06783081286055	3.469651493138045	0.3998785814760369	62.29100749854351	0.0
3.3944039440613194	10.77778308709128	0.3239833891948481	0.7415190728322602	84.7623105068203	0.0
3.4522250462379644	8.656292011974443	0.7387368146445485	1.1175237380280818	86.03522238911496	0.0
8.071267491114801	29.21710945511916	0.9791925087743512	1.1621098388595965	60.57032070613209	0.0
14.88806921376523	12.628142096596415	1.598245632948287	5.4948297233483965	65.39071333334167	0.0
31.531105573400918	28.54436909105193	0.6763841511125792	2.9538992474067087	36.29424193702786	0.0
10.299041807155387	52.16037761511455	2.4415223261998555	3.7980762537555433	31.300981997774674	2.0
21.36171415313979	39.349452052991445	3.0837120854302307	3.410844119324657	32.79427758911386	2.0
12.177549170871918	37.53706535475157	2.7745540140898775	3.3572373612147164	44.15359409907192	0.0
10.255592694261743	13.298421407746815	2.447635836171676	3.24024822305444	70.75810183876533	0.0
11.047541192431133	21.495602748903984	1.459307197908587	22.43603563720978	43.561513223546505	0.0
21.537729472416927	25.226514482465095	2.7916502840022375	19.70683250182668	30.73727325928906	0.0
9.779466692499824	39.15949514438332	1.1666722423649956	32.7474822250555	17.146883695696356	2.0
4.507903238639095	49.39944320331766	4.434937845784093	28.636256853698054	13.021458858561102	2.0
8.72933205083244	17.349465455279816	2.842356643770881	31.686349785303985	39.39249606481287	0.0
15.464459945533696	19.449027373945587	4.356153326854337	10.1733582025483	50.55700115111807	0.0
5.640547199199493	48.36229823414098	8.404667026209387	8.339698487910438	29.25278905253971	2.0
10.140244207495606	15.548857008821798	0.6386740832897747	4.369442280062186	69.30278242033063	0.0
12.21866381817062	18.34084056882918	1.628384740984019	7.038054944198639	60.774055927817535	0.0
4.496816327959539	10.98078797358497	1.727569502182416	3.706605757932747	79.08822043834033	0.0
5.26459537563747	5.744986343058062	2.6204605336579556	1.4284098203466453	84.94154792729987	0.0
11.840461238683865	23.944599802438283	3.0791151854520784	3.5275143452611624	57.60830942816462	0.0
10.435642165616462	16.233480488360886	3.2026054952211904	1.0970674230999808	69.03120442770148	0.0
19.87354989933167	22.99489424588837	5.431740825819727	1.03713660723418	50.66267842172605	0.0
28.724111729249596	41.04376970713583	3.3470207570739112	1.4644353513085544	25.42066245523212	2.0
21.21768108898927	32.79916657831484	2.913014923844139	0.8134970664980143	42.25664034235374	0.0
18.817109959419334	28.122984820259607	2.0034802577584365	3.141328659077694	47.91509630348492	0.0
20.001643072122093	47.85593785858395	3.0918926991602866	5.140126581108508	23.910399789025185	2.0
19.800494761731706	20.13356367821631	2.5572147954072424	11.389196406608843	46.1195303580359	0.0
5.01624688306095	25.798197441160237	4.405973160096641	7.396489734959346	57.38309278072282	0.0
8.755629614364722	27.330003937920154	4.318052439570444	8.987672088220522	50.60864191992416	0.0
5.294896915567134	51.30730213331586	16.173485488529774	10.311923297532623	16.912392165054598	2.0
4.852291730427197	9.869314299457702	1.2587879745629227	49.91504491940823	34.10456107614394	4.0
3.111390066866321	10.110727855033339	3.1679030538911466	12.426768878922546	71.18321014528665	0.0
0.8450348885041844	1.415378534773562	0.6996825947673683	68.25475715381441	28.785146828140462	4.0
2.1819435737374824	1.172867086835608	0.37343676900012285	61.714626991238084	34.55712557918871	4.0
2.0889255356279626	7.534685202326117	1.0680112106059996	48.018809897659374	41.28956815378055	4.0
1.6487634659789412	3.8501193351787757	0.5056280090923287	22.532762905450348	71.46272628429962	0.0
5.534708755822565	5.394025559001296	0.1922619866224267	17.438870584668283	71.44013311388542	0.0
20.691184467944243	6.545144601837275	0.1241733154806753	54.45284392170626	18.18665369303154	4.0
9.99697270502163	6.633770215192388	0.11391361742603023	22.00049353676306	61.254849925596886	0.0
10.36112815242312	2.283424496856654	0.04553013264579796	5.793922314479344	81.51599490359509	0.0
2.921011108391969	1.4842472853175284	0.2232677257474709	2.5730470625125563	92.79842681803048	0.0
3.234251161773182	1.5710934040647753	0.0660359505811596	11.43970432334593	83.68891516023494	0.0
4.132270691698314	1.6417586036710632	0.11747561296614688	4.703193531452872	89.40530156021161	0.0
4.382007867982738	1.2395766974212263	0.16326336862672047	15.450965656678944	78.76418640929037	0.0
12.80405503386799	2.2120927246797857	0.5742788688785193	14.259846734015033	70.14972663855866	0.0
8.445309906212591	6.125953066454804	0.06576737456934473	2.8108684165703304	82.55210123619293	0.0
6.095629379098175	2.0170090596446277	0.04795758098062523	2.6861060249774327	89.15329795529914	0.0
16.00393932066747	1.5126943170497145	0.04249507288619441	2.5314566680513515	79.90941462134526	0.0
1.981732725167446	2.815193355548667	0.0983230161174399	4.1179608101141225	90.98679009305232	0.0
0.8598492325482198	2.7278964561928705	0.21133418818971664	0.3625976886248587	95.83832243444434	0.0
0.9094941632445835	10.290319618845311	1.1789703841015808	2.378245291826674	85.24297054198185	0.0
1.6975179186680969	7.8154408052988105	0.6338135045629473	4.469782207768736	85.38344556370141	0.0
1.9869293243694623	3.689534043112425	0.4182773464556249	1.3193919653565274	92.58586732070594	0.0
5.175684203593209	17.49796118170579	0.9880795583292794	2.0821668490618492	74.25610820730986	0.0
18.128606501284985	27.270534069694175	1.2888847040496736	4.54740043743709	48.76457428753407	0.0
4.746926034326795	6.033042411490736	0.1728983862604031	3.8494073493187537	85.1977258186033	0.0
2.3879828617468712	5.283525275642483	0.41210645113325706	1.7172059133040294	90.19917949817335	0.0
2.7310649900529156	26.95215212355227	1.364399371735592	4.262783029749737	64.68960048490948	0.0
3.123818204625531	16.199398669558978	2.006999931717631	1.5436349450528677	77.12614824904499	0.0
3.0480316760388133	14.9964598067516	1.090718860385517	1.2887796244783185	79.57601003234575	0.0
4.1188648550812745	15.387901410508805	0.8275651780997946	1.7651133357688948	77.90055522054122	0.0
4.031194831731915	10.226450784369195	0.7639517640075602	1.5636483969705333	83.4147542229208	0.0
6.05991582723643	5.5550901029894195	0.8032750878258896	1.9293081813002544	85.652410800648	0.0
1.9123078122363195	2.473223080600843	1.0537754070051208	0.9404045902895986	93.62028910986812	0.0
0.8150684456176399	0.46355874319253026	0.27950981782588014	1.159206240966691	97.28265675239727	0.0
2.3292413402439895	1.0074372358561778	0.9397551791633494	1.0701361360485206	94.65343010868796	0.0
3.1396265933355894	1.8424888213625006	0.07495716993473046	1.1783918508191868	93.76453556454798	0.0
5.053765786353226	10.11160148581738	0.5577696913621325	2.456738709737639	81.82012432672963	0.0
11.838790327289301	16.693462210848402	1.169669305548674	5.590440971668347	64.70763718464528	0.0
22.420745997508845	42.4673929457548	4.604631942865501	2.7116430388039796	27.795586075066865	2.0
10.443600396619686	53.38873157212276	4.881917038394217	10.102082732538275	21.18366826032506	2.0
12.032254146498524	38.174605023348114	2.4629159988664937	10.964749416877263	36.3654754144096	2.0
5.2590150007787955	30.83515341104162	5.302887024849431	30.472307340331472	28.130637222998672	2.0
2.0025799150904886	49.73184475849846	18.00792457990123	5.060720431757561	25.19693031475227	2.0
3.0637418364028517	54.50028415709153	23.87907739398144	1.6744984039984936	16.88239820852567	2.0
2.436147731855493	49.39942342300564	8.69600592483604	1.1987026368309415	38.26972028347189	2.0
8.48564820138919	46.1897616604573	8.452361898889686	3.041617403294492	33.830610835969324	2.0
6.849222228423041	53.95562777902146	6.7325305025109135	8.846209374162168	23.616410115882424	2.0
2.773051840073402	64.99604803929844	11.6924195336286	3.24517155588809	17.29330903111148	2.0
2.6105448806924425	65.06893771405674	7.747800194555311	6.70814094286246	17.864576267833034	2.0
7.017827594795508	40.35730783634149	7.661409973864555	6.517320568567875	38.44613402643058	2.0
10.162284980100678	42.29407509881511	6.629103402979762	7.912455183337067	33.00208133476738	2.0
4.324883690672546	43.3536768353616	7.751418403065315	27.926933410123517	16.643087660777013	2.0
15.432013504552419	34.48020054547967	4.800876528312039	26.93781426078243	18.349095160873436	2.0
1.520962213311235	13.991760025615413	2.1904883225503236	73.50891584148724	8.787873597035793	4.0
2.9472472642328404	46.49848431821268	1.8472174639045669	44.39359038049056	4.313460573159359	2.0
3.1675941652909616	34.07848247443313	4.023260843977697	51.75598193387536	6.974680582422852	4.0
4.884112996084279	43.52711464537208	3.8082443966662884	37.11578744671144	10.6647405151659	2.0
0.5982737351050496	28.019902873278813	2.4549478947226717	66.12298518149808	2.80389031539537	4.0
4.166811018303554	31.41556109616708	4.481966591031973	51.56243302354648	8.3732282709509	4.0
6.658054083636122	48.299107823048075	3.921713874101936	28.539823070038228	12.581301149175639	2.0
6.739663469618335	47.00646470878583	6.054968102523869	21.097473624809197	19.10143009426276	2.0
10.739845435359511	29.564318798186584	4.2185700386384015	29.93206773692625	25.545197990889257	4.0
7.553351876193594	20.659448082168296	11.58986373295483	25.169463775446406	35.02787253323689	0.0
9.041803566142677	23.11090066414782	5.268661025479884	19.03022510131779	43.54840964291182	0.0
4.834536176654789	52.54276142411555	6.435840180609352	14.728916211681423	21.457946006938883	2.0
13.998974603726626	23.8622247463569	5.924395803910665	19.266692854191874	36.94771199181393	0.0
5.578042913980395	31.97935364992619	2.568673494570297	7.4350179877055265	52.43891195381758	0.0
24.864304710559086	37.81075445772457	1.8608031751491603	9.603587382285788	25.860550274281408	2.0
23.85889460995359	38.41691300134228	2.905593890255155	12.688307741118047	22.130290757330933	2.0
13.582463852874262	29.0526730449434	6.152441006752246	9.81890465483123	41.393517440598856	0.0
8.048846819104288	41.526693100385195	5.463369696392125	29.95790147593798	15.003188908180402	2.0
4.683524517591047	52.86743806329663	10.161010629221694	15.960387236226097	16.327639553664525	2.0
6.427876060280154	44.97755934838558	19.972349106335006	12.078663202748304	16.543552282250943	2.0
5.691701679851134	46.54965068020138	15.078310656223634	19.42414744434186	13.25618953938198	2.0
8.234684889468122	36.05716620477898	18.76328848757972	10.09088176053072	26.853978657642447	2.0
4.900966846827688	48.397590778369256	21.55834605663587	10.390446869389534	14.752649448777655	2.0
9.550374018471764	49.958309460658164	18.300886132871376	6.951130299635783	15.239300088362931	2.0
5.923570396997709	50.768800456606165	16.91271875965488	5.218802166759921	21.176108219981334	2.0
10.216395089400928	52.927083718851286	14.132527793619756	3.2026618622754035	19.52133153585263	2.0
3.7415865080605	54.313136229825844	9.92035515560461	4.000502993269231	28.024419113239812	2.0
8.480933933264458	39.383836080606685	8.75812906202604	2.73899094865344	40.63810997544937	0.0
5.849605110776969	24.207613765463556	5.8974801577092135	4.440467825832068	59.6048331402182	0.0
9.415383460381673	24.89154555651187	4.594727948538023	7.723581014277816	53.37476202029061	0.0
3.3899555913670323	34.84822456504191	9.338288918917218	17.673337575849388	34.75019334882446	2.0
13.026322798453988	14.87143150756291	8.725988177445329	40.742172202342644	22.634085314195122	4.0
5.921620763019711	8.424438241802855	3.585948507757598	68.22655632501036	13.841436162409481	4.0
1.294652383237348	3.3975492007018464	0.8159989636151773	78.09747665739434	16.3943227950513	4.0
6.488887606804868	11.051053271202573	0.8887507605415821	60.22927290824971	21.342035453201262	4.0
4.050299304949837	11.210290147799475	0.43094819138953033	70.18843877477669	14.120023581084485	4.0
9.121400467127375	20.757558965639344	1.3407056624401792	43.28841652424672	25.49191838054639	4.0
7.864457297060737	8.90039388175721	0.8806350489515766	21.663951130381893	60.69056264184859	0.0
12.762400802941942	11.7936049655343	1.300870491873549	42.00005074981405	32.14307298983615	4.0
16.214969009917162	33.3377297923668	2.505648629398674	3.888060775953237	44.05359179236414	0.0
15.384900021273065	42.44673831452911	5.0429300792589915	6.8727058291006005	30.252725755838245	2.0
7.378708654369548	16.188565403985553	0.8538312066958981	23.05368490793874	52.52520982701026	0.0
7.395626380774928	11.439332601636098	0.7052036041397327	9.876417694728907	70.58341971872034	0.0
12.856162026406933	17.39038043878449	0.46222820829052585	16.720583796680405	52.57064552983765	0.0
8.04772087729979	24.242293387485734	0.271666163994682	8.592943564141244	58.845376007078556	0.0
8.796555868993321	12.012213393647029	1.1869449587534904	4.091642679651199	73.91264309895496	0.0
3.2581742186581013	16.005162452663274	1.8622578830108225	6.600182443439079	72.27422300222874	0.0
4.2352204172237125	14.568068007387375	4.6428292781685245	46.04743375953225	30.506448537688136	4.0
5.26071877406692	13.39826618430122	1.9443523219960985	51.32037443615104	28.07628828348472	4.0
4.624834992392097	16.938516261380983	9.691993483704922	17.183518352539828	51.561136909982174	0.0
4.288689734167141	6.458594302684897	1.1042734944312047	19.175813340624554	68.97262912809221	0.0
16.189637610875803	18.243092894417934	2.1981122450873203	16.745795716068052	46.6233615335509	0.0
14.321299705269707	7.732393960917127	1.3481543688149762	22.537248299772312	54.06090366522588	0.0
18.74519921236226	23.49134640343594	1.0270025661036086	30.736826316327086	25.999625501771117	4.0
