N1	N2	N3	R	W	anotaciones
0.15018882580786905	1.6949299737644992	3.6692114464462335	1.3805880512793316	93.10508170270207	0.0
0.3271823899910783	2.0824346810744565	1.5141525794801483	0.8667459757295113	95.2094843737248	0.0
0.546285987989727	2.96879929774675	3.732920007302204	4.705900623115667	88.04609408384565	0.0
0.4654860241008736	1.6094006445020121	1.8149085449477582	2.972561203963603	93.13764358248575	0.0
0.8241601588424247	1.8725598636390033	1.7315571746564749	7.227832720409778	88.34389008245232	0.0
1.363179115749543	1.5644967235795955	0.08338957117318098	4.674254424448527	92.31468016504914	0.0
1.0100700302355425	1.2605896323745556	1.6813536690770163	1.3676188112256171	94.68036785708728	0.0
0.6715221872510307	1.4795668525883374	0.6878581725748953	0.36234312175208827	96.79870966583364	0.0
0.7354269900967937	1.4124874687923683	0.9851509179040072	0.11151213005307196	96.75542249315376	0.0
1.0328669593399695	1.997514309776446	1.7623632551104398	0.26072379292968334	94.94653168284344	0.0
0.4922527951357415	0.6346993805469581	0.935846179987417	0.1355186313334706	97.8016830129964	0.0
0.5955106518653788	1.1497602903821238	0.3774701832751705	0.17464741595040156	97.70261145852693	0.0
0.27981115576212123	1.1242643792394624	0.5753482458927798	0.11987305166808934	97.90070316743756	0.0
0.36979032103927806	1.670520327612957	1.1188240883165137	0.33642839108932493	96.50443687194193	0.0
0.5946477966981996	1.4739773716251356	0.9254766969399774	0.4112925127012008	96.59460562203547	0.0
0.4338372549503956	1.6806917770178806	0.8137866446845523	0.26556614945769713	96.80611817388947	0.0
0.7191764568410574	1.3520876478053019	0.4772076121011875	0.2817622748104936	97.16976600844195	0.0
0.29509357395284286	1.3891678018525928	0.24439026062295838	0.1304273873202594	97.94092097625133	0.0
0.4052179930929011	0.4413311113637672	0.35251981495579365	0.06379773153680993	98.73713334905074	0.0
0.2640997757074441	0.35278358331568876	0.2694749904626283	0.11251743379104766	99.00112421672318	0.0
0.5093683990259928	0.333372839786496	0.10617441734871479	0.3556528288806129	98.69543151495817	0.0
0.5823827572588983	0.8436640530475973	0.27398045624887535	0.32894072874524394	97.97103200469938	0.0
0.21447098332504708	0.574082014356278	0.16918307561811685	0.1577434251939806	98.88452050150659	0.0
0.17261833365629195	0.8100095200342988	0.2600726119863944	0.19035501521703177	98.56694451910599	0.0
0.1183603892470874	0.2064856644333739	0.21018597451317092	0.16307846008249402	99.30188951172386	0.0
0.1416725774942792	0.30984353437991713	0.13699024081415334	0.2242041761299311	99.18728947118173	0.0
0.25805266969042945	0.7821378672602096	0.27621748210369707	0.33170946669280044	98.35188251425286	0.0
0.17595439954390796	0.5145801975968127	0.19640193915347906	0.09687316268598455	99.01619030101982	0.0
0.10964785497037302	0.22740556512637145	0.10388274512947641	0.05877641231088333	99.50028742246289	0.0
0.3889990489076128	0.8922115372342615	0.9179978987923733	0.13595790879401187	97.66483360627176	0.0
0.5713576131456727	0.9081479106453657	0.5406112403680624	0.09247616300309494	97.88740707283779	0.0
1.0627584461697837	0.5278022341718744	0.38339260705462674	0.0455736608486362	97.98047305175507	0.0
0.7081850749845415	1.3213756272058457	0.4358090209113316	0.028771960210567226	97.50585831668772	0.0
0.754771650691897	1.1704756069554183	1.0052673141785464	0.10966254213422698	96.95982288603992	0.0
1.3049608975489826	2.0490111299808045	2.148450730285807	0.0944353416562939	94.40314190052811	0.0
0.22341951601350252	1.8800513004126107	2.6625569926592982	0.01521210226768047	95.2187600886469	0.0
0.48885936209868724	5.940008419560951	6.464908965993285	0.05013829706891907	87.05608495527815	0.0
0.3621918700515419	0.3579779668684261	0.3298356690559261	0.0020360651724652045	98.94795842885163	0.0
1.7982124222982934	4.485250346038822	1.4078449611706412	0.1922045436295757	92.11648772686266	0.0
2.5196246505637845	1.367322591181099	0.3068425031502818	0.7281000921929169	95.07811016291193	0.0
0.7997238035178402	2.0646809580113623	0.5211976027036777	0.5154467612759425	96.09895087449118	0.0
0.37703706245424606	1.9307967854902777	0.4417060177086116	0.8898054104097693	96.36065472393709	0.0
0.3394228622466182	0.5179485584925496	0.2711707518076879	0.8407989504989187	98.03065887695423	0.0
0.7329560410637368	1.3896211724287724	0.5796395763823811	0.6082781564518907	96.68950505367322	0.0
0.6366182757822654	0.9794918495269964	0.5901464659341229	0.4486599991480914	97.3450834096085	0.0
0.8217352512684567	1.8121862877767674	1.0963710247587348	0.6636101130733773	95.60609732312267	0.0
4.608035273291768	2.4037481793988245	2.359084807073157	2.0402680453167035	88.58886369491957	0.0
1.5495766834992903	2.309005749775177	3.5073566595157195	1.3497904899595836	91.28427041725024	0.0
0.5563092476724958	0.5685064841196639	0.21617269395625222	0.7088229890694184	97.95018858518218	0.0
1.3234660264439173	2.000027264977098	0.5296116037633567	2.666824714239239	93.48007039057639	0.0
0.9286705818313198	1.2065543887065888	0.7724852508162365	0.33482397905994193	96.7574657995859	0.0
1.1849046320159218	1.186347423038601	0.22444472558423362	0.5541457110729431	96.8501575082883	0.0
1.4894131217584465	1.2091794039407437	0.7891348655727412	1.0178498707961192	95.49442273793196	0.0
0.8869322843484856	1.289072924696598	1.0798921291907184	2.6659504257477606	94.07815223601644	0.0
0.8351259728380449	0.7707447366622681	0.13864466595258054	1.2789939589755048	96.9764906655716	0.0
1.8249301394075008	2.4922354067691503	0.9281748943340622	1.7784733403128923	92.9761862191764	0.0
2.975658611896922	4.03391400160793	1.1421401043080088	5.420934220060435	86.4273530621267	0.0
1.529553573742048	3.3307093747494667	0.5064445450474816	1.259350225312234	93.37394228114877	0.0
2.2709118256135157	14.21377165381923	1.0408436529064216	2.9239654494283	79.55050741823254	0.0
1.3691986319417742	15.190562272368934	3.340670711928665	4.506839900650715	75.59272848310991	0.0
1.2288207500546737	20.79183802657327	1.7577567776990606	2.0296861515105324	74.19189829416246	0.0
3.2168897805801433	46.282335680288774	7.943401593535755	8.17551471039191	34.38185823520341	2.0
1.0958500950491634	13.875250876782388	2.5492077059248075	2.995199058886426	79.48449226335721	0.0
1.9418077262402873	20.375325896954873	3.8962036972812095	2.0407242590126	71.74593842051102	0.0
3.2530644189071265	18.093706856853984	5.906485665315002	2.0720913592225463	70.67465169970134	0.0
1.9429085130568977	13.103524642038403	1.165230409704795	1.0572010302633594	82.73113540493655	0.0
2.286853665304175	19.424639245432086	1.4342024698880453	1.1713990550360849	75.6829055643396	0.0
3.742262632684732	23.786477002499574	4.735309389289707	4.155925128352911	63.58002584717308	0.0
6.356315631496281	16.79861025878439	6.102193152141886	8.86066187595448	61.88221908162296	0.0
2.2096404391459648	4.813977125991868	3.227477335276531	2.317588980957537	87.43131611862809	0.0
1.681104271305819	2.4359962781257525	1.3615165988223468	2.5126394817935522	92.00874336995254	0.0
1.392572527340109	3.750681268800151	0.5236958402719402	0.8158444954091197	93.51720586817868	0.0
2.1134381138615916	1.7513657188793483	1.156288908972923	1.9911387571056034	92.98776850118054	0.0
0.5568904588460245	0.4388035276623369	0.3137452513616897	0.6501246357005719	98.04043612642937	0.0
5.2616886745094575	1.9631036672551283	0.7482704245646533	6.559291044833852	85.46764618883691	0.0
2.461952018557404	2.8733871797055572	0.9343745557687163	3.988704535912197	89.74158171005612	0.0
1.3172766992854679	3.999265568697802	1.195397612560989	1.6781981063724183	91.80986201308333	0.0
1.5788234349275783	1.6699165355593217	0.5271196924241858	0.9357479259365089	95.2883924111524	0.0
1.3757425192543862	2.497205439783226	1.6188383279550085	0.5267784984830576	93.98143521452432	0.0
3.149826195538689	2.30089855845017	2.6683751339670736	0.44872138206363016	91.43217872998044	0.0
1.0866861792202187	1.7149505672409244	1.7443130225013446	0.40165447213994815	95.05239575889757	0.0
2.3725916936073106	2.207155083911141	3.767185613773004	0.25399486864229615	91.39907274006626	0.0
1.3903306967513074	3.5162178427513693	4.878660578822255	0.42776517041640955	89.78702571125866	0.0
4.05873134898688	1.8839909127317616	2.2359568173878985	0.33185245400500135	91.48946846688844	0.0
2.1907826153732555	1.5521990137604125	2.6797627466862073	0.2927825700941705	93.28447305408595	0.0
1.502831411444083	2.1154675851006557	1.980852643208944	0.17615782184788722	94.22469053839842	0.0
3.3852593573303933	2.216389062267604	3.3340561604796877	0.2890637852500003	90.77523163467231	0.0
0.996766035602666	1.9352548294269782	4.789986855948099	0.11692477785318191	92.16106750116909	0.0
2.517702348244908	2.0301569984134256	1.3896492758977126	0.17283385771431267	93.88965751972962	0.0
2.6854591745545378	4.14676312452117	2.6998866106113057	0.3298049792630069	90.13808611104999	0.0
0.8498112684294863	4.3399277447175715	4.426731150491003	0.7287636405308208	89.65476619583112	0.0
0.6578350875982306	3.1576738498736727	2.493254730423313	0.5015701331217238	93.18966619898306	0.0
0.383153159006709	2.1264876543001776	2.7621527040646403	0.11953451962949121	94.60867196299898	0.0
1.1589580600198468	2.708163036476383	3.498576501787059	0.2907759002233961	92.34352650149332	0.0
1.2997367210054764	4.3028130962999915	8.09678229507869	0.7016567157109083	85.59901117190493	0.0
1.3042319791793229	4.858123663776901	4.250307688868492	1.4453963999639283	88.14194026821136	0.0
1.2341363193168777	3.7620479993065588	4.87593531064958	2.149120364783496	87.97876000594349	0.0
1.029619986528522	3.5287629011394026	9.126768205908018	1.9374950249775713	84.37735388144648	0.0
2.234909327875012	5.891917415988291	4.238238527666955	1.7152162827663329	85.91971844570341	0.0
2.7145459683657	8.660416657073947	8.857936567829846	2.3194608392924176	77.44763996743809	0.0
1.2009769485168174	9.34878615020029	7.251987750716836	4.7905937433339405	77.40765540723211	0.0
1.947114479746676	6.888492283797063	7.337286675790529	7.884002348464317	75.94310421220142	0.0
1.1038663475762431	4.568534151478957	4.36965407287854	4.896413194718648	85.06153223334762	0.0
0.6453349643618448	3.205475712073887	2.644475024496554	8.799513185549273	84.70520111351844	0.0
0.6011512270284828	4.027063046591197	6.500448059082135	14.922136960836434	73.94920070646177	0.0
2.0252482451111256	14.595339766848062	7.221063094805376	25.370916952380508	50.78743194085493	0.0
1.5030380097803104	4.956468801204105	6.578818650640439	17.549929906431235	69.4117446319439	0.0
6.363087718291081	8.717401736042474	7.935014048062835	6.462225108369887	70.52227138923371	0.0
5.294149853021459	5.433077506458918	4.23799163679044	17.088012450022944	67.94676855370624	0.0
2.3263089989359202	2.4243322500691753	2.3044826755287016	19.59570455708613	73.34917151838007	0.0
1.3621614160628122	6.175197994854916	5.332384633749159	13.466247274497256	73.66400868083585	0.0
2.1327859619824125	4.283123749169934	2.71561211457238	10.155611054041652	80.71286712023362	0.0
1.3329009645920318	3.489482623780388	2.6739388891075744	4.855718095515918	87.64795942700408	0.0
0.9695861047133216	2.407349070730991	2.2358996984943076	1.466105782950835	92.92105934311053	0.0
2.772504406411651	4.323775894372021	3.1527869869064125	1.0218020971229569	88.72913061518696	0.0
0.7594214384195463	3.6487266242556258	0.9209098294524583	0.20417190875482044	94.46677019911756	0.0
1.439331285813282	4.44982405681883	1.466700028498186	0.5457234848565222	92.09842114401317	0.0
4.513331827940549	4.444338163632773	4.120687905846488	0.370222063038399	86.55142003954178	0.0
1.7077509941609483	3.3500868958486087	2.270251367855723	0.280404327165001	92.39150641496971	0.0
5.18276943628185	7.803475820087949	2.9563258369887646	1.2927382849518407	82.76469062168961	0.0
4.614447917471769	4.845925915018366	0.9608921259190025	1.5114082520674774	88.06732578952338	0.0
8.772956526994498	6.115630312993767	2.450450033170892	4.510992822620146	78.1499703042207	0.0
3.725882990162387	6.653571659481377	2.369092869397853	3.368338627941904	83.88311385301648	0.0
4.957775726119884	3.8984879589818595	1.7094881458472142	0.8372703254404054	88.59697784361063	0.0
26.02795117547558	8.788830253696833	4.230331038222641	3.3499625769389536	57.602924955666005	0.0
13.912924121260293	12.430727295860212	3.8016023650968873	17.378275822204113	52.4764703955785	0.0
4.753313346277075	17.31897905269772	10.818074591698192	13.917847674675071	53.19178533465194	0.0
2.093676940524277	6.202654194060857	7.069847816240099	21.995733751471498	62.63808729770326	0.0
1.8842838373474267	4.422804170781171	6.103079450623371	7.951944143545248	79.6378883977028	0.0
4.506296462046267	9.759295478718862	5.2559657962841015	14.923106845255814	65.55533541769496	0.0
6.186329932074196	5.502724481224573	7.81932584090789	19.505299623639214	60.986320122154126	0.0
5.614215586200137	3.9685405927539934	4.312222333512026	14.167502116344272	71.93751937118958	0.0
7.773176106749287	5.139144669238015	11.511395405670017	4.864821088003021	70.71146273033966	0.0
5.787752671966041	10.292140279754737	13.884911366540972	4.809266450567328	65.22592923117091	0.0
5.6838534937490826	7.25274197276754	10.418701253851857	4.516208061474654	72.12849521815686	0.0
5.644848739970607	5.07691783925768	5.67510889084653	2.572086007436638	81.03103852248854	0.0
3.4685424702917396	3.302818886765624	4.141803852619978	0.6588284902876484	88.428006300035	0.0
3.9661857387501436	5.636401543072062	12.721677858223337	1.0507845162425902	76.62495034371187	0.0
3.2621447444273226	3.648243987883818	3.8829111871132684	0.6273611352145034	88.57933894536107	0.0
7.632245865259667	7.959865285941982	5.1053163305599645	1.7151706941401377	77.58740182409825	0.0
6.848641610618196	6.190101845882238	7.472336911897975	3.7704561216615327	75.71846350994007	0.0
6.786544794035909	6.810095861508074	10.262941658607843	7.053428668990451	69.08698901685773	0.0
3.299623111640336	5.029473790564875	9.402013439290945	2.6045498514107	79.66433980709313	0.0
6.148977346059083	6.341793287688622	6.363722942750423	3.008347768507522	78.13715865499434	0.0
9.834472638935358	8.022362353081187	11.238022174350542	7.5291501975995825	63.37599263603333	0.0
7.893253166935671	7.157093356800526	2.9420515681803665	7.453143473706746	74.5544584343767	0.0
2.872431207236826	4.462137311483066	10.519566916126646	2.6679290065395014	79.47793555861396	0.0
0.7840952159512504	2.1378552664756607	1.3757881973288657	0.7025310230869601	94.99973029715726	0.0
1.5591555885209911	4.493932284561077	5.10302410358918	2.8302114081555834	86.01367661517317	0.0
2.1266981009805628	4.328449430744382	1.9838572456818044	1.8933112794313267	89.66768394316192	0.0
4.048062260953088	2.0698570925330757	2.877855958395752	1.6033697673552043	89.40085492076288	0.0
4.638165295154028	1.6587852402394638	3.6477339636560515	0.8522961559491699	89.20301934500128	0.0
1.6789431968994295	5.337067837679917	4.942379833267341	2.1356689992429656	85.90594013291035	0.0
1.1291604386556129	2.5371284266317984	2.9448218621182907	0.5614406161115173	92.82744865648279	0.0
1.2279694457091217	6.0818079409743016	6.880840106960124	0.6827638385927051	85.12661866776374	0.0
5.056439470742382	8.821420499569058	10.122743172920206	2.016259368421711	73.98313748834664	0.0
10.756622911403891	13.163329264446478	12.90285759126451	2.9722346927498884	60.20495554013523	0.0
4.180434276826766	11.525212437443775	3.658273932444685	2.127412421671958	78.50866693161281	0.0
2.2631061727807924	5.23016617606736	5.487906737505594	0.36629632853099636	86.65252458511526	0.0
3.6532907973510858	4.280535021454347	2.5012644040949485	0.3059483919361228	89.25896138516349	0.0
1.9807893208107366	4.648627826834757	2.497937595129732	0.2472089958833129	90.62543626134145	0.0
2.1949038629569753	3.3736046488508737	2.717710064840133	0.15390358702213836	91.55987783632987	0.0
1.2719778410924067	1.622118622158332	3.945421677782617	0.08178679885651542	93.07869506011014	0.0
1.1479383027039518	1.7865608196685947	2.4752040835092655	0.03675142235905172	94.55354537175913	0.0
3.8640057274504294	6.06655134903632	7.599978007071609	0.15776856853643947	82.3116963479052	0.0
4.169892643677022	3.8227048926963616	7.512956668576461	0.20506912930134705	84.2893766657488	0.0
6.596007072729594	10.521039647301151	7.748042647370626	1.042540714386062	74.09236991821255	0.0
2.119679009354358	3.7917504690699904	10.218177688941534	0.1865127245245969	83.68388010810952	0.0
2.3064790418708685	4.858973808278436	6.21668622067151	0.046329397019480786	86.57153153215972	0.0
6.675013645709107	6.626501676812254	7.756495700969262	0.10219623172856258	78.83979274478082	0.0
6.229112208513727	3.999598344206263	8.952925816655803	0.3816072805607076	80.4367563500635	0.0
1.9015121338221541	3.427549582937048	6.44870465396796	0.6795096551653792	87.54272397410746	0.0
1.397739110988159	1.7444821452741022	6.63574212401792	0.19992101920836797	90.02211560051144	0.0
0.9417163215480729	2.8824548099618115	7.382155785817172	0.3662777485514529	88.4273953341215	0.0
1.2642619276193836	3.490875403414409	7.49235241054687	0.31407232898623544	87.43843792943309	0.0
1.2140186371524768	2.5374254666722242	6.446583638432263	0.3523761868810005	89.44959607086203	0.0
2.4948244534300175	4.366393938817053	9.383188427610133	0.5457467078629716	83.2098464722798	0.0
3.3943111355234716	5.623278893436431	28.085395762875997	0.4870109205991878	62.410003287564905	0.0
1.2357172372985086	4.698738951191807	12.679452555555626	0.502259196131808	80.88383205982225	0.0
1.984845626473274	6.303476363417223	14.088060089722479	0.5733133809352646	77.05030453945176	0.0
0.8558846378557349	4.561112438600261	7.9126620037751945	0.46863527556702395	86.20170564420178	0.0
3.5183942697193626	6.095199557037404	3.4984571227694707	1.938630691748779	84.949318358725	0.0
3.166985193207673	3.7394776786104056	4.679586507224407	2.35233976330042	86.0616108576571	0.0
3.666513114906282	5.482712352363335	4.744817337758802	1.0731666973181526	85.03279049765344	0.0
5.166056285519554	8.358297332396376	3.67833272691564	1.1044397391480583	81.69287391602037	0.0
2.5047830019389936	9.277743725402779	2.8224062680408912	4.854479023136663	80.54058798148067	0.0
5.734864863700115	5.799409150956754	5.4243039329741904	3.853171434606707	79.18825061776224	0.0
2.991994158496599	9.913298107624732	9.42375590524311	3.9198450547424555	73.7511067738931	0.0
6.490490256740666	2.8410258633162213	2.0650942309568214	2.225577634933655	86.37781201405265	0.0
2.2256107539002543	2.444676160055494	4.299119284188881	0.2572598044940702	90.7733339973613	0.0
1.4189050119570068	7.419456607555114	10.975960807216616	0.21106802568207989	79.9746095475892	0.0
1.4404683154578513	4.508297291599677	7.126893060748735	0.5231908591695464	86.4011504730242	0.0
1.91169225436763	6.7771223131221	8.607400587957867	0.4784502702651837	82.22533457428722	0.0
1.1922871283604886	2.5937721564557408	7.993701452846359	0.10143205571021247	88.11880720662721	0.0
2.9512228830688145	3.878697227425851	7.4271473127522025	0.2992593356108723	85.44367324114226	0.0
1.5178851616267075	3.1181192687449024	2.227534907968846	0.10979474951350364	93.02666591214603	0.0
0.941827240546847	2.189350101810633	3.1052608202211776	0.06125831324867755	93.70230352417266	0.0
0.3927668792793553	2.5187545342294624	1.5178149041047044	0.05788972413032251	95.51277395825618	0.0
1.405500398427637	5.666444209324892	2.870412376879533	0.27583428370305757	89.7818087316649	0.0
1.9407886172849074	4.600237821747664	3.8499973377285883	0.2805825593315899	89.32839366390725	0.0
3.138101223116596	4.225267871914661	3.218767099388284	1.2088120862340546	88.2090517193464	0.0
2.6028073717835665	3.3949446918691404	2.4406016413805713	1.394624237565244	90.16702205740147	0.0
4.121619941026989	7.71448693778576	2.9030487107667127	7.423728790886691	77.83711561953383	0.0
8.507881992296076	8.49766653294846	2.7554573531347533	7.627241145930346	72.61175297569037	0.0
3.550843292587928	10.749295716857645	7.191226884289215	10.652548829695933	67.85608527656926	0.0
6.0527661793019965	12.150705861089449	4.1392411741302935	8.587454317068946	69.06983246840932	0.0
3.8720355942068685	15.54415062619594	2.815166546734422	5.055696285593358	72.71295094726942	0.0
6.521197842212614	14.80483056640951	5.793298635479319	4.591467654044341	68.28920530185421	0.0
14.384431990386135	22.58609373688544	2.9347070535645345	4.39970117457529	55.6950660445886	0.0
7.091913686099029	11.002205798713623	2.496648428211862	5.927430992345212	73.48180109463026	0.0
1.5272755415810362	5.409867764548751	1.328841477960648	6.948751942468992	84.78526327344056	0.0
1.8891478423727113	3.8557052782431773	1.5792125268207364	10.089737323926661	82.5861970286367	0.0
2.1458867885117177	2.5220511229006997	0.6429104327988956	3.247718813750406	91.4414328420383	0.0
12.148022807426665	2.4995104279803915	0.7322998797577499	12.558458472757186	72.061708412078	0.0
2.734989015574303	4.574122878513927	1.3707233756384751	55.905466421367876	35.41469830890541	4.0
1.1659141172832828	2.5844302757767172	1.750181581635011	28.663511102642158	65.83596292266284	0.0
3.0602867495682626	4.352417568696608	2.0672573977316686	55.586332351807656	34.9337059321958	4.0
0.8317449565587007	2.679357869514506	1.0731322199878306	70.85507870119747	24.560686252741494	4.0
1.2380683227576916	2.774994038185451	2.5507056119829183	63.12377038210142	30.312461644972515	4.0
2.7743172426112106	8.037716719716157	2.2043203799702074	29.297679365756537	57.68596629194589	0.0
7.6928285891972745	23.37983685113359	0.8619552769980766	24.838094205506952	43.22728507716412	0.0
4.5394959664722405	11.379485948904083	0.47005426809157175	7.881109933300428	75.72985388323168	0.0
14.102602468688369	9.80399033028335	0.5219784887691301	4.556456333405286	71.01497237885387	0.0
20.454988931991224	15.293787666121291	0.6127052939060276	14.529322090915034	49.10919601706644	0.0
9.909047315751295	21.811572125200172	1.4410744962724826	22.09951839654598	44.738787666230074	0.0
9.670076574053322	6.567709650932309	0.7840669835094162	10.649369691610914	72.32877709989405	0.0
9.516683404284727	12.634910841427963	1.0685051486934882	4.8393249452083404	71.94057566038549	0.0
6.012524614534477	7.788894150090085	3.3753030343210018	15.944680155169126	66.87859804588531	0.0
8.379544194874684	8.146310356492041	2.117230353923723	3.5653811067778625	77.79153398793169	0.0
9.398163217690456	11.085336866783797	3.873513256400577	5.346007239181891	70.29697941994326	0.0
5.0019858730352995	7.64622727227268	6.445975114815792	3.4552684330386443	77.45054330683759	0.0
8.094453962429537	11.504341796070905	2.8031854219101704	4.74940671599172	72.84861210359767	0.0
8.030044375293649	20.075740437952096	5.185044920027655	13.780889153632621	52.92828111309398	0.0
10.399934248708808	20.351910724167478	8.448425220300575	5.768033531179326	55.031696275643824	0.0
4.274760822328543	21.885422330461363	8.162851142885874	9.366151511916081	56.31081419240813	0.0
2.3537038423803907	14.56147206786027	8.792208542329892	8.732936732697745	65.55967881473171	0.0
2.2799988908948206	19.746367020907037	9.612865621130165	6.479147564496753	61.881620902571235	0.0
1.8641730441767708	11.793073937039704	10.461521969710203	3.2324384402478126	72.6487926088255	0.0
0.9077290749639011	4.804207032689565	11.536841585124394	1.5199277345391304	81.23129457268301	0.0
2.8310243419576655	19.026925156896713	7.281693485347297	5.516939891539786	65.34341712425855	0.0
2.449104425402046	22.446289707224746	5.364873639732722	4.960183705049041	64.77954852259144	0.0
1.7855909715523366	15.540087951783049	6.962301973097882	4.051224627786928	71.66079447577981	0.0
2.098419602319583	27.534725054106566	8.271729735273938	6.842062934824433	55.25306267347548	0.0
4.478251555762422	15.347807955549001	8.123063442731226	9.813284830064113	62.23759221589324	0.0
4.134150494413643	26.866359618133234	4.257544738481879	25.265659650568846	39.4762854984024	0.0
3.4815964659454877	6.333692518764121	3.1998282118893004	19.417269099450056	67.56761370395104	0.0
1.276374595774571	2.7669431513589706	2.2915119766803884	6.1146116999725235	87.55055857621355	0.0
2.0260922208528998	2.9769943682209967	0.7108538294331471	11.128379653827214	83.15767992766575	0.0
4.87119735975305	6.248042487110967	1.9186328042212457	24.254848811664644	62.7072785372501	0.0
7.806252730132564	3.077266832336047	0.6573698205002287	2.8138408649046878	85.64526975212647	0.0
6.545234085237929	5.994369579495737	0.8435081258246747	1.753739279960198	84.86314892948144	0.0
8.489248579224386	3.632790925442659	0.7444143331562639	1.547693591469512	85.58585257070716	0.0
16.644864356691762	11.53307071526589	1.668714776340845	10.40755803586648	59.745792115835016	0.0
21.458186858118353	18.100686415733698	2.58515284708723	11.271382921357652	46.58459095770307	0.0
9.23970282416254	14.005988500977097	4.03555445508689	18.283105706028742	54.43564851374473	0.0
4.443155670035901	10.097222735115153	7.160671199833047	29.560966441784203	48.737983953231705	0.0
5.635950996298329	12.586667845246158	2.124443419864599	6.054650088083579	73.59828765050734	0.0
16.143549883682432	17.91283658762735	3.7393473631849616	3.312485742728889	58.891780422776364	0.0
5.662543076677638	8.655762652056545	1.9498302489540993	0.7829161424514162	82.94894787986028	0.0
6.039955655474436	8.499673097752982	7.973634226283923	2.50143298991574	74.9853040305729	0.0
12.417358390431101	19.373576007797496	13.220199249775597	0.9885154678911788	54.00035088410462	0.0
8.774122138130144	21.383333222690847	7.078140049943427	1.7719873730122764	60.992417216223295	0.0
9.795676839705889	14.697947090799987	12.102293194830422	3.1612189062493514	60.24286396841435	0.0
3.475218882904712	13.484289095538687	8.65789771091031	1.3114269695481628	73.07116734109812	0.0
5.727968223269809	10.809456708530774	12.402029162041526	1.672720429881477	69.3878254762764	0.0
10.139257023744117	12.61609645477206	8.083491233265509	2.3666687598135843	66.79448652840472	0.0
11.164266925388096	16.451728173918365	11.233616979921033	5.4758072461805085	55.67458067459199	0.0
8.82830449797138	28.107868142465946	4.108526028310893	15.309415736160961	43.645885595090824	0.0
6.931921701984536	12.911807730580541	11.409751389359347	8.528351512804152	60.218167665271416	0.0
3.733008668680751	8.047531190583317	9.742698041585914	4.931403761230866	73.54535833791914	0.0
6.099539337648671	5.54095393103528	2.6518628447306134	2.3889724821868783	83.31867140439856	0.0
4.4662015829617765	6.060311358871015	2.3403065657093767	2.2032562908680062	84.92992420158984	0.0
3.5309204460051316	8.871704561131478	7.359153957719198	6.818468821138625	73.41975221400557	0.0
7.625063920405848	11.613130917792232	10.858115148720254	17.904529696084975	51.99916031699669	0.0
1.5157784706111332	1.9803791510165325	1.3954352622492014	0.8884288717434299	94.2199782443797	0.0
4.375855263448698	4.091968348203455	2.374360454907199	2.6815009807249863	86.47631495271567	0.0
4.398224317629578	10.175670328287726	8.336258853891042	6.599441036056279	70.49040546413539	0.0
5.656189689830343	9.685452686126734	2.919754114755656	5.816797273116769	75.92180623617048	0.0
6.488222799313874	12.220253945728265	3.575574679912773	21.486217679983806	56.22973089506128	0.0
6.250450349970907	19.572165769017992	5.410171642772471	1.6798846547247264	67.0873275835139	0.0
12.987263648528929	26.854527172858244	8.7587377108973	5.462814692998967	45.93665677471655	0.0
27.061859324214204	15.731376971136433	5.196702684749108	2.041849615726882	49.96821140417339	0.0
43.28238821125209	10.099281157512484	1.915097791695333	0.9191083955859838	43.78412444395412	0.0
34.380510913869294	11.37859578815706	3.2175976118256724	4.998667415356877	46.02462827079111	0.0
17.341423834047376	17.165167231234722	12.970786511645466	11.90390190376876	40.61872051930367	0.0
10.855755530892152	26.184229625123105	7.791115798346721	9.224101187478217	45.944797858159816	0.0
5.583794255474562	17.039050625581385	18.686798898632357	10.81030936120449	47.8800468591072	0.0
1.4250271286166383	2.250779712701176	1.2433558959401065	2.3667893816106305	92.71404788113145	0.0
1.7177589176005408	6.560050765855927	6.859012090729107	17.408964805361514	67.45421342045292	0.0
0.5444155828557071	2.1192049313658994	9.174022689142046	24.681199169039957	63.48115762759639	0.0
1.818962178113625	3.5533302344533437	0.3756450233748521	6.097592265996649	88.15447029806154	0.0
1.233967333078434	4.552792463748582	2.967430347232605	22.087680758463595	69.15812909747679	0.0
2.162540236994214	6.429503620814339	2.4366418335815423	15.578623072465367	73.39269123614454	0.0
7.712736603262569	12.339983369033227	0.7283271333507579	8.807577815067349	70.41137507928609	0.0
2.803659114844218	7.656297823950238	1.5259081471374476	36.56577110183744	51.44836381223066	0.0
4.110946649943697	8.801999312395466	2.4744107232761907	54.52439024860026	30.088253065784382	4.0
3.011917625834214	13.632069577332356	4.938807953805755	37.257277946815364	41.159926896212305	0.0
0.8626137520077036	4.77264882118798	3.55185008069011	15.676834442859944	75.13605290325427	0.0
1.0134842258632237	5.706713389758526	4.998882622170968	27.13774213429071	61.14317762791658	0.0
0.46037878195909565	3.064811971065351	1.7494245696550927	31.35936929249472	63.36601538482574	0.0
1.7890247152403096	4.036858218456934	0.4628622640736005	12.455900876387297	81.25535392584186	0.0
5.871714047636923	3.7032997036456585	0.8287837326240733	7.372180177737299	82.22402233835604	0.0
13.4429428451429	6.067378078882569	0.8231966796651703	10.756776856771037	68.90970553953834	0.0
5.586556310954173	4.768671644646406	0.9099560632915381	16.77185577817891	71.96296020292895	0.0
3.56015761739762	5.4347804669505795	0.8014528392544567	18.352546692161432	71.85106238423592	0.0
7.215514491943925	5.960436795375976	0.3726538106152435	7.262956582124569	79.1884383199403	0.0
10.269757315589493	9.333901680745306	1.3739523538783607	15.655573632382763	63.36681501740408	0.0
5.545451554772144	6.409163813945284	1.0185280897661064	12.023117337264685	75.00373920425179	0.0
12.89334050864997	13.375823192363933	1.3760876738365564	12.18815273567779	60.166595889471765	0.0
8.898895796164684	17.068359555655285	1.647884948123623	12.242846676966176	60.142013023090236	0.0
8.416784100277026	13.391294765922613	3.2264723223850127	8.452307180727454	66.5131416306879	0.0
6.847410078941969	10.37787235309006	4.339922554113155	3.138577614710284	75.29621739914451	0.0
13.666432224821085	31.539310697660877	2.565248115751082	15.611952834411055	36.61705612735589	0.0
2.3187594415764687	5.709591783857803	1.7206132100524079	2.746415652930535	87.50461991158278	0.0
3.303822018651025	14.14791883157144	2.6309199725481847	8.171271566835712	71.74606761039362	0.0
2.0800586287297698	8.29182458169058	4.077399747421529	40.60045137815526	44.950265664002856	0.0
9.716441368737556	7.895868535893458	12.323069938985245	14.480622785229416	55.583997371154325	0.0
6.347515176557629	9.950144485668874	6.515270854398823	8.624231466901557	68.56283801647312	0.0
11.29369681721858	6.536184240478726	10.364003644535662	3.4983431582109223	68.3077721395561	0.0
4.206864881894445	6.9097975173341615	6.8377910444042165	1.5998758050874182	80.44567075127976	0.0
1.3940858492469448	7.727789310666728	25.188050788424544	3.772184103470466	61.91788994819133	0.0
2.9545430878889087	11.104229527423351	17.732941726800814	0.8260842261180725	67.38220143176885	0.0
2.4992162864562815	10.13245324586897	10.880411051169393	0.3934287849913092	76.09449063151405	0.0
4.912031172323877	12.046901877190786	13.909827817706816	0.5379164635343547	68.59332266924417	0.0
15.821029156498904	17.017023710421466	16.184896672121692	0.542861875169448	50.43418858578848	0.0
14.823533589848708	16.17000192815697	4.555088770680399	0.4058935079981658	64.04548220331576	0.0
5.537142365016807	5.454075312187584	10.554110863433927	0.2388929106637449	78.21577854869793	0.0
11.345690181771554	15.03980712730458	22.528812760777726	0.4094369665922793	50.67625296355386	0.0
11.006634431543477	18.080626519025305	7.5361624201703625	1.3392709998830739	62.037305629377784	0.0
6.556381630461014	22.070515941465555	19.34398434454509	1.379755984986393	50.649362098541964	0.0
4.012965008961485	17.826678848935607	20.915435908555146	2.5718671922250658	54.673053041322696	0.0
2.918470281430472	21.656681187691763	22.928766706558484	1.55609102376246	50.939990800556814	0.0
11.510539612141047	27.82075023834323	10.880607132977152	2.214205081161319	47.57389793537725	0.0
2.3806713982978533	10.649734625356864	5.035781807082914	1.8363275735726645	80.0974845956897	0.0
7.414978217624286	15.04819478858197	3.5652019859911723	5.1164768241257885	68.85514818367679	0.0
11.140035764954712	12.494024606355373	3.9429696995552757	2.9482452473768133	69.47472468175782	0.0
5.023162712029978	14.10924574470574	7.282924766463937	2.5656420463570426	71.01902473044332	0.0
7.899545192427924	18.115026384507498	14.153727692498732	9.126695340557335	50.705005390008516	0.0
9.63194597055097	27.310045137688892	9.717891311608987	3.6133271944891394	49.726790385662	0.0
14.333149097109693	24.337432156766013	7.5061601819653	6.295212984208468	47.52804557995052	0.0
11.399844957544447	12.924210415631022	5.746210424890257	2.085300275968336	67.84443392596594	0.0
8.086136734914295	13.844210062984995	2.6946895391451484	0.4632038479751995	74.91175981498036	0.0
24.70544972414149	16.055400834824955	3.031598878381551	0.9067233687912578	55.30082719386075	0.0
10.033362547534573	10.693696554402218	1.4930478223776857	0.07214854589410796	77.70774452979143	0.0
5.808390971366963	5.739743958586377	1.6220192052254274	0.7992236781513476	86.03062218666989	0.0
8.526952337402069	13.971236308800622	2.6954791523409822	1.1715577790746647	73.63477442238165	0.0
9.249731845513951	10.802596887150745	2.8841654418393095	1.5123828424414605	75.55112298305453	0.0
6.4735373743181555	10.392777738706679	2.806299581154991	1.216927667364679	79.1104576384555	0.0
4.192683548190264	10.156545485286633	3.964638619835433	0.9712663907727409	80.71486595591495	0.0
6.654100611171039	9.902227228571014	1.2169885545318782	1.6729669153930724	80.553716690333	0.0
8.853359001645394	9.724946378664706	2.976773827338809	5.560676061416143	72.88424473093494	0.0
1.763588457699165	6.037388615351927	0.8026613195551855	4.077045807954318	87.3193157994394	0.0
1.0220797711776264	3.70190277152769	1.3939389417397445	0.9346176814925737	92.94746083406238	0.0
0.8571331321624021	8.051985149913621	1.707302090381407	12.450949033517126	76.93263059402545	0.0
2.4345746362643252	10.304696997576196	2.824691103787631	12.4507352095465	71.98530205282535	0.0
0.8897223103453987	7.909901495317814	2.194713497361263	7.206352049325962	81.79931064764956	0.0
0.852326123900375	2.933591677313581	1.9394055515117754	10.338775255154976	83.93590139211928	0.0
2.3700563452765726	4.858285301474165	2.007094028674339	12.34219675864759	78.42236756592733	0.0
2.2772388935173895	1.7537653769414703	0.4347175425389686	3.8412743447966946	91.69300384220548	0.0
6.67829149417204	4.056922066603271	0.9365014885419038	5.3290894889987905	82.999195461684	0.0
2.4044076810186166	1.512813378186293	0.8554217543205058	2.261421108463397	92.9659360780112	0.0
10.329315666739063	3.459398498735767	2.9741523903321117	3.336491837511081	79.90064160668197	0.0
4.344949325107819	6.22724207979256	1.8877912867346858	5.59497926051854	81.9450380478464	0.0
2.7622835919634308	1.4110130120382824	0.8827711622831516	3.0056968667426953	91.93823536697245	0.0
4.535273897241383	2.30718083022205	0.5677064253775428	2.3021089077272014	90.28772993943183	0.0
1.1494302849116023	0.8405412695717325	0.6568163967931282	0.391409131407833	96.9618029173157	0.0
3.3594007909451316	1.721571115439864	0.7591517195447446	2.0434333256747537	92.1164430483955	0.0
2.887534776183453	4.584685447457841	1.707138295143474	0.46148101253176255	90.35916046868347	0.0
6.720550437721987	12.910005901601684	3.617272756138125	12.659409077895138	64.09276182664307	0.0
14.880209837917278	22.390862222635675	3.27113667602395	30.435283792168512	29.02250747125458	4.0
2.728345074889863	6.662244719920338	3.0546082762841085	18.814541083566848	68.74026084533885	0.0
7.50760236223005	31.047929426508208	2.918157548092549	23.129099935093105	35.3972107280761	0.0
13.035153372347594	6.102313393860884	2.1398747189497516	45.81809773481339	32.90456078002837	4.0
2.472042704111609	4.3919941623347105	2.608728466401565	11.532234298539716	78.9950003686124	0.0
2.4389484828139985	9.953405530466558	2.9785414850015535	14.14996118665363	70.47914331506426	0.0
1.3625433834030856	17.2225140068322	5.659161437118018	22.665234234922668	53.090546937724035	0.0
2.0237689194833064	23.297126772124436	8.112818533679647	20.175504157955814	46.390781616756804	0.0
1.0534811848406127	12.551005885103084	4.681023611149914	8.98294520813087	72.73154411077552	0.0
3.8228903539678574	16.42251277007942	4.44114370934197	6.575189933006771	68.73826323360397	0.0
2.2041405410750836	8.13505047439765	3.4645825740577605	6.13225457206953	80.06397183839997	0.0
3.4501632278269785	10.164374214945054	3.1181262814293866	9.794332511570548	73.47300376422803	0.0
5.548853667292671	8.643173033980203	8.95581100698012	9.07674456322499	67.77541772852202	0.0
6.4776112831406305	5.809473856006794	1.399135034992091	9.804157332571544	76.50962249328894	0.0
8.267141194605857	8.715996540285886	4.313482266893005	8.922312767626552	69.7810672305887	0.0
6.430213931387333	7.874299766253706	1.003102758459972	26.155571054618587	58.536812489280386	0.0
2.660975381264975	4.999569542627096	2.0020511887350447	20.386666464403138	69.95073742296974	0.0
5.43046278950665	23.93230983710599	1.5832311898325895	13.100771326088307	55.953224857466466	0.0
2.352290065425724	5.927127652869536	0.7826968174139359	4.859593159231179	86.07829230505962	0.0
5.493443291643907	10.193399970066745	1.2089507686209455	39.16546988601008	43.938736083658334	0.0
9.245701860628854	9.96736220384479	4.173320397610625	49.83520399384173	26.77841154407399	4.0
10.425252825218534	10.56798726473413	2.853005986506538	16.415560118879537	59.73819380466126	0.0
14.280841741323758	15.108240637348146	3.472929066184966	19.91475115631058	47.22323739883254	0.0
3.646430318931894	8.717163182245997	2.0176814192851715	12.17029463489471	73.44843044464223	0.0
5.251533622910677	7.533789278473736	5.872987050559508	3.0862418137282464	78.25544823432784	0.0
4.687262508212287	6.852428277493903	5.176801268721878	3.4992693323040323	79.78423861326792	0.0
16.260420818822535	6.547238051487813	3.441119289875384	7.754053111130988	65.99716872868329	0.0
4.071744931256439	2.8680796365986856	1.4771974765426217	1.4185289890523378	90.16444896654991	0.0
18.22057400140349	6.341905983675517	2.4731485062630982	2.710797146787727	70.25357436187018	0.0
14.89077999124255	3.7761254263296546	1.4253106545689658	1.1150907927017093	78.79269313515711	0.0
5.284766967607149	1.53367813651299	0.686041491673039	0.8152897952813845	91.68022360892543	0.0
8.784243598009573	9.051965338943738	2.8420559003248718	6.590703890806708	72.7310312719151	0.0
4.00934325576277	6.9868533248695925	0.6375249688489154	5.173895666264794	83.19238278425392	0.0
1.9682811500890278	6.260789414693685	2.8732995278350373	17.79784936892454	71.09978053845771	0.0
1.609347331030803	4.304056860269514	6.098870317821337	17.98382343859321	70.00390205228513	0.0
2.7375181198268557	3.623091121125625	1.9505380123639287	18.920116025396407	72.76873672128718	0.0
1.3996888895817505	1.5241157524001445	1.3203252780168726	8.34092198569786	87.41494809430337	0.0
10.077334474753698	3.226896027456263	1.8021968894357827	11.439259301322267	73.45431330703198	0.0
10.824411542829612	4.085987043265224	2.765167333017427	7.493305227475595	74.83112885341214	0.0
6.645300024575794	3.4259948915232075	1.5878232485333759	5.379638223431242	82.96124361193638	0.0
13.930809351948149	3.6813006748437314	2.6002881709786507	10.747441233583984	69.04016056864548	0.0
26.5970773979274	7.713933718830189	2.2318094715918515	19.086660286758782	44.37051912489178	0.0
26.259490030232975	5.872360151462796	1.0846826118276038	23.31786779919941	43.46559940727722	0.0
25.39786117761227	8.854915001641437	1.1214115769262483	19.143076599903655	45.48273564391639	0.0
20.595735779478566	10.51736926857821	1.216161234606895	16.645281342233066	51.02545237510328	0.0
17.75500708625753	16.576677398812055	1.3577767012297504	5.790487801849339	58.52005101185133	0.0
