N1	N2	N3	R	W	anotaciones
0.12782695905637187	0.08316176484586424	0.03507753355624453	0.23737189451549087	99.51656184802604	0.0
0.4720260867361338	0.2902004935520728	0.10480233276653039	0.5613932735436895	98.57157781340157	0.0
0.14926720698847412	0.079344693904062	0.007454998348387353	0.07471569637206392	99.68921740438701	0.0
0.7404394626297455	0.2597533377710269	0.07534594455424418	0.06614705526599635	98.85831419977899	0.0
2.164871000161347	1.3846277932435478	1.1267649577670595	0.2449476582126653	95.07878859061537	0.0
0.8019645024456549	1.122141695694306	0.508271544471084	0.4765903568396916	97.09103190054927	0.0
0.2529546672027677	0.9188611230073542	0.4413692390390166	0.23467750416935046	98.15213746658151	0.0
1.1575903949814432	1.9956432532635817	1.6996000969511074	0.37425162105802784	94.77291463374584	0.0
0.732370213436195	3.5383700672398835	1.7845950764081995	0.2464204444568615	93.69824419845887	0.0
0.4745304916730026	1.8352932066474494	0.7841218262450468	0.33989943892772295	96.56615503650679	0.0
0.3200097514455173	4.889994909035098	3.7545153843360968	0.714678004185605	90.32080195099769	0.0
0.4983436688516425	5.074292876357634	0.7870239973373013	0.8973482816639647	92.74299117578946	0.0
0.8647191606318905	8.146533200212266	0.9364522102633768	0.4985198546677094	89.55377557422477	0.0
0.7735139303695848	3.92427522106782	0.5575191477021538	0.41792274623366993	94.32676895462677	0.0
0.5676119334701824	5.048701801955803	2.6535737586407335	0.4150750058629457	91.31503750007035	0.0
0.9726769023294825	3.6258648808979306	0.7190941868063305	0.30909402250792545	94.37327000745833	0.0
0.7471265423256261	5.410962552734653	1.0163382255192814	0.5495435154649528	92.27602916395547	0.0
2.0943163901503725	9.141937142564133	1.6090695146046115	1.0099863139366065	86.14469063874427	0.0
0.9066637392193547	9.421535147339963	0.6842777547239733	0.8108813483912729	88.17664201032544	0.0
1.01687085088775	6.003987067789844	1.1236111273463985	0.3037990232747004	91.55173193070131	0.0
0.660002356431816	3.6973208076059105	1.1907590838638682	0.17706476044835404	94.27485299165006	0.0
1.2959351601297293	5.937383234401324	1.8347094546987672	0.2945163670987906	90.6374557836714	0.0
1.1296469523797115	4.200400305185224	1.5117054763702684	0.5607068891334076	92.59754037693139	0.0
2.507217617716134	3.8610162853542835	0.9519333381517747	1.882061810574084	90.79777094820372	0.0
2.252249752393731	13.155267621445645	1.3241910340668173	2.3350479161407667	80.93324367595304	0.0
1.5468083979823328	5.690186042939295	0.6496081016570154	12.136615184351877	79.97678227306947	0.0
2.1408141780361007	10.933766089082987	1.0084988784899744	7.679723441319984	78.23719741307097	0.0
3.602496677934935	14.564085055256621	0.7311423522423808	2.3305665040662475	78.77170941049981	0.0
2.14095368389489	4.3323439832488475	0.7989143882001141	2.8770520744967607	89.8507358701594	0.0
3.3318846183539605	9.978866963391528	0.5094029018806903	10.178885227350595	76.00096028902323	0.0
2.7687342438902856	16.499180816032283	1.481430704165498	3.1970486223843873	76.05360561352754	0.0
5.8817480471199834	11.56545967538413	0.3926470544969147	2.6388579052704944	79.52128731772848	0.0
12.035870426103342	25.285296201182067	3.5665048074288324	0.4210111751363573	58.6913173901494	0.0
1.7960577121838535	4.881328680476457	0.34071360225598435	0.26298104502198427	92.71891896006171	0.0
0.5971083913000761	5.796141625509947	1.1693339824258286	0.5048842590170375	91.93253174174711	0.0
1.5857800086767841	7.979473736106285	1.7421319759164111	0.44884158704688837	88.24377269225364	0.0
1.8038668238018811	2.6418588856348064	0.4923091373422136	0.5675685427819549	94.49439661043914	0.0
2.8851031816145074	2.7972813181282667	0.3050141075546166	0.4889067672019721	93.52369462550062	0.0
3.2497566514626888	2.586954963235723	0.2708591874212654	0.2995771660377742	93.59285203184255	0.0
4.539585355238544	9.318374124488017	0.37310043523132824	2.018221603668251	83.75071848137385	0.0
3.3043264089068494	6.531520073613585	0.9669464551829687	1.7110507417674181	87.48615632052918	0.0
0.5929686330479604	2.4697895576643747	0.6411582291918351	0.18797864360960392	96.10810493648623	0.0
2.2161038095503827	2.707110219429848	0.07787885408457802	0.10922536748517392	94.88968174945002	0.0
1.0074579503800607	4.3223121379670415	0.6959348377360446	1.0023377968855127	92.97195727703135	0.0
2.633305619593921	5.4494141367662	0.8205648225256651	0.3177533003533132	90.77896212076091	0.0
1.014789520255723	2.552720057728306	0.3316676491790033	0.20430116913804294	95.89652160369893	0.0
0.6550956491237744	1.2824397095081788	0.5936552034380599	0.14467971099971316	97.32412972693028	0.0
2.0983001702780304	3.9895631898006845	1.9066711809868249	0.10751865424986971	91.8979468046846	0.0
2.5113454281664533	4.436222165729999	1.7103905325350124	0.12838584709731155	91.21365602647124	0.0
5.513252370247327	2.9608659526205408	1.2151627924549089	0.07560317488822271	90.235115709789	0.0
7.135090353625559	7.855321289314941	0.8124771395777679	0.12816082073601534	84.0689503967457	0.0
10.168722673692256	7.540062982210423	1.9518797847790117	0.12916745263954746	80.21016710667875	0.0
5.805766473226347	6.902151234566686	2.069170641285438	0.08273921827549613	85.14017243264603	0.0
5.305538370552397	6.66523846266146	4.372341991837141	0.024370584200992553	83.63251059074801	0.0
2.442236330236829	7.6495192694159275	4.597720994615533	0.09206380258517574	85.21845960314654	0.0
2.3123886215419454	4.673996836274198	2.058207842490598	0.32760416910965373	90.62780253058361	0.0
2.9785722434062745	10.229534497585409	2.995432191121266	1.004169826003521	82.79229124188352	0.0
2.039283099623725	18.70644790215028	42.67313503824848	0.43549351813390125	36.14564044184361	3.0
1.852477544154479	12.128788932953158	11.69007612724308	0.5999137569041602	73.72874363874513	0.0
3.366615912981462	10.538823697760057	7.430947801460642	1.0783546692388466	77.58525791855901	0.0
4.070760325744905	13.664707779183448	2.049159759074219	1.9216701421932645	78.29370199380418	0.0
2.9901286863090517	12.573905181354839	2.2625556287994475	0.7053219743406858	81.468088529196	0.0
1.968191101120766	9.509774755443933	1.4768275056914457	0.8147193958299248	86.23048724191393	0.0
6.37684642797708	20.61912183024292	1.5606766120062434	1.3036295956644122	70.13972553410933	0.0
4.038473577382469	10.49271767465625	1.0396530868594003	1.3836537767895725	83.04550188431232	0.0
3.382399896815687	14.959768460647952	1.5952168643311573	1.0581798814010923	79.00443489680411	0.0
1.8396203178387507	8.32039914673095	0.7628264342246031	0.4265433732927885	88.65061072791289	0.0
5.865122687307444	5.763236568223067	0.349822778873836	0.9812167105330187	87.04060125506263	0.0
1.6934826617277021	6.519833425466058	0.4284993878678632	0.7753898913241282	90.58279463361426	0.0
10.120039012823218	14.673075433619154	1.162512780274222	6.444586455800924	67.5997863174825	0.0
2.7357622444280913	6.294446085282635	0.5669474966226903	1.5595735962022177	88.84327057746437	0.0
2.7503231719428523	9.657080893156195	0.9376305270454898	1.7168832894820443	84.93808211837343	0.0
0.9109930341568764	2.5132569433919145	0.13739528837712958	0.5533548536830291	95.88499988039105	0.0
3.087479181592844	5.83310496100762	0.3141123206230226	0.629585311224167	90.13571822555235	0.0
3.2317932190252323	6.845622721294323	0.25424101033857877	1.6323790416488146	88.03596400769305	0.0
2.957963256253223	10.365615565584019	0.42458656120039007	1.1151697067800004	85.13666491018238	0.0
2.449202675043893	3.5861507732644085	0.34155528945076	0.37083794576384205	93.2522533164771	0.0
2.301255459088072	4.904066198522158	0.2964261572904538	1.1737405267761434	91.32451165832319	0.0
1.5744540483652043	2.2446473439177748	0.22729234974374368	1.3833245655985158	94.57028169237476	0.0
1.458673092820949	2.185601426209756	0.1228220168573112	1.2659201069792623	94.96698335713273	0.0
6.723646657608532	8.189516134992529	0.21189266709579746	1.494886910609504	83.38005762969362	0.0
2.5730759252604023	3.737164107315119	9.63867573360605e-10	2.6495330769604237	91.0402268895002	0.0
4.097436519448895	4.349777681993802	0.1996706418265032	1.5067750302294796	89.84634012650132	0.0
4.533456513885402	6.866005486142159	0.189265376586019	2.1936179097124975	86.21765471367394	0.0
5.756479767134713	14.405031757449901	1.0198055520442006	3.621740989339889	75.1969419340313	0.0
3.6561407435565934	17.369575551988785	1.201022826569216	8.29899281929892	69.4742680585865	0.0
4.798095979743423	15.385800975483669	2.200832711421153	30.104763542056745	47.510506791295015	0.0
1.9225072826099168	21.312478354786784	6.2731638915187595	4.652771110669745	65.83907936041479	0.0
0.9838531707182007	14.389773122706789	32.00431347959449	2.1673264529319107	50.45473377404861	0.0
2.3795722264615184	9.928299506615494	13.552772772222859	0.7981604348073428	73.34119505989278	0.0
2.2541489609881027	14.117044157148447	3.2868848712702543	0.5569459611585768	79.78497604943462	0.0
1.019004000294036	6.618888014391684	4.271653272166206	0.07883793314183662	88.01161678000624	0.0
0.4851461474760733	4.537203941335222	3.1931214096665688	0.14707776502907355	91.63745073649307	0.0
1.1170751494465523	8.481157104556972	4.607636706858138	0.07974257853488861	85.71438846060344	0.0
5.374794726239508	6.441923720951426	1.5307451839606645	0.12745097164494826	86.52508539720345	0.0
4.8896076204888494	27.45485429054061	7.291833444994232	0.1926600535239516	60.17104459045235	0.0
7.425738582964179	34.05189119125151	12.319252394643849	0.1879245705565829	46.01519326058388	0.0
5.565171200485606	31.965760052906617	7.644570844790155	0.28997775147524507	54.53452015034238	0.0
1.6885680075594045	18.79793418821869	9.838700088404389	0.38570231033257135	69.28909540548494	0.0
9.795918444688581	52.02024416455898	2.9483959311132013	0.2518832871319603	34.983558172507266	2.0
2.725626741415407	24.30273318458048	7.477682351848136	0.13428260749596682	65.35967511466	0.0
3.550959859300018	39.58776822277135	12.856840258988617	0.07355945940445985	43.93087219953554	0.0
3.952528973684418	31.20833402034206	3.026997453780407	0.128674291300068	61.68346526089303	0.0
4.503579566513591	29.427715429416356	16.770277616928333	0.5620711214031292	48.7363562657386	0.0
2.5249540932149936	25.905033388870468	9.04436079810947	0.2715523297588588	62.254099390046214	0.0
1.9927386816213513	15.784993409347777	4.963641293159886	0.37724517564470117	76.88138144022628	0.0
4.3972245770525245	19.15445368634491	1.138283554623544	1.1727213863680082	74.13731679561101	0.0
6.910186934449748	3.233341259350574	0.2538350893758371	1.3062492080263384	88.2963875087975	0.0
4.259262456169532	9.701258078573412	0.4191109357049387	4.5504890325895655	81.06987949696254	0.0
5.31421315049843	4.28104593401551	0.11111328349249583	10.316713275356046	79.97691435663754	0.0
3.5487458797595255	6.246581320981519	0.8267924024615231	5.447309340801685	83.93057105599574	0.0
6.140366905810743	16.960189813265337	0.7849460908547718	3.8527956267112202	72.26170156335793	0.0
7.35720077349008	7.138274199432377	1.4562713551894055	0.43438618775950133	83.61386748412865	0.0
9.211171845590004	12.968152427948935	3.0712524604222096	3.6493733540707423	71.10004991196811	0.0
2.764801324236709	36.260778909427785	8.083411960197665	2.907542667043651	49.98346513909418	0.0
0.6414363836678885	35.550006724124714	8.157535429818616	2.8785084501263656	52.772513012262415	0.0
1.6091575504157223	13.291644272956901	18.111550304453438	2.4196594722522358	64.56798839992169	0.0
3.0032833493405064	10.268492651102513	12.080712004742706	0.759600155710208	73.88791183910406	0.0
3.1821877095614814	12.54974701441632	18.968051656905654	0.24198665019686313	65.05802696891968	0.0
13.407898081217883	9.8668074739473	1.4253431266428103	0.51742408442927	74.78252723376274	0.0
3.5608731072374127	7.910193280073587	13.884794368463757	0.14359363798036748	74.50054560624487	0.0
4.051685443133487	9.209581865975434	21.4075081024191	0.10007618167651397	65.23114840679547	0.0
3.361768826268796	13.024929584572083	17.414279179383506	0.13759595249890486	66.0614264572767	0.0
6.277389329987828	16.493407892547246	8.827211013548819	0.41423373937574515	67.98775802454037	0.0
1.553225284882235	13.159799674963557	11.561552411470212	0.30784211539979445	73.4175805132842	0.0
1.5409972799521805	10.257417099127002	2.640137834537639	0.21899986258005097	85.34244792380314	0.0
1.657891455432144	9.394564847680046	4.859764894283691	0.2665809977102173	83.8211978048939	0.0
0.69750756258691	11.955082921953927	55.51650105306384	0.12113691568034726	31.709771546714983	3.0
1.1895761458587866	14.770012225447598	39.73092469558086	0.3822054113196657	43.92728152179309	0.0
3.2113082559066988	40.944500191199474	12.919193374662088	6.455897812249105	36.46910036598264	2.0
0.8042356264908179	17.11600193759374	30.582112293959955	1.3760619406733612	50.12158820128212	0.0
0.6305839587088652	17.32020219503634	33.248781789317135	5.999273408907741	42.80115864802992	0.0
0.7237084423872869	24.412306749272705	17.61131328104351	8.471356529143064	48.78131499815344	0.0
1.280873281082454	21.03980919129821	41.88659436203714	4.447663681483557	31.34505948409864	3.0
0.2940474206354801	7.730808210335215	5.850164644391207	8.103182693368892	78.0217970312692	0.0
1.6886527989597426	21.959423206848598	14.884139431281577	12.244948203709006	49.222836359201075	0.0
2.5645488921154094	14.685447257238993	5.648468653016424	11.184646928515198	65.91688826911397	0.0
5.064136255861839	7.846823002862695	0.946273730907453	11.231864532314257	74.91090247805376	0.0
3.5861754725727337	15.193246918781819	2.577116260091698	13.746901984221308	64.89655936433245	0.0
2.6981290792048993	22.46172137773662	4.262389572026243	6.244399713057188	64.33336025797506	0.0
4.6566176264391235	5.554069430526974	0.6729135904818284	7.3687025194458915	81.74769683310619	0.0
1.2819848781484433	2.000716349685525	0.17710003711382305	1.569378492438072	94.97082024261415	0.0
1.3477573321439174	0.987466400482081	0.2486270596824133	0.5853718107539063	96.83077739693769	0.0
2.462629036292497	5.9270128110103215	0.41939774688572634	1.2767390690898728	89.91422133672158	0.0
1.5348615766781264	3.346441887140397	0.44721562267490367	0.890350028405054	93.78113088510153	0.0
9.741698157506915	8.016092292511631	0.8584464345139381	2.178647019007231	79.20511609646029	0.0
2.518971436860777	6.945204457188611	1.0135788293150791	2.0356700090112123	87.48657526762433	0.0
3.1158939590762036	3.3110896834676025	0.8758470150839909	1.0509222321461906	91.64624711022601	0.0
7.663365214825594	21.73124672751672	0.7200099347738089	14.815992867147543	55.069385255736336	0.0
18.71987356321072	5.388814703971302	0.15691066097548442	4.13040936945625	71.60399170238625	0.0
10.02786501303975	11.057256507193912	1.6190177569357784	5.12273133997253	72.17312938285802	0.0
3.2423499664127573	11.785889537072784	0.6191675515661063	3.2211759937313977	81.13141695121696	0.0
4.7402075516091084	20.77002428134986	1.89611409795062	2.253005068323782	70.34064900076665	0.0
9.234296541962642	40.137209497381996	3.8042963653557695	4.290706486960824	42.53349110833877	0.0
4.89666149642186	21.356492163382498	5.668073654354892	7.2025316601303775	60.87624102571038	0.0
7.725075977089994	30.69710856879834	1.910046762623898	4.559489265073386	55.108279426414384	0.0
4.8604871672024235	44.81338169770316	12.61308014957697	2.3255199646879054	35.387531020829556	2.0
7.923848841926763	37.149623142268275	8.32398394585884	2.462364086612776	44.14017998333334	0.0
2.38585823023512	60.09837511581536	15.062101526923247	0.7466256106235705	21.707039516402713	2.0
1.288177245818611	50.730386257860026	17.588639778622728	3.3518908896758166	27.040905828022815	2.0
1.4031467337498362	34.888170997834386	22.374621607793525	3.475379077163659	37.85868158345859	0.0
0.9514129222158132	29.816486481828036	30.11606610024977	1.0320501732428797	38.083984322463486	0.0
11.236800129161136	47.09589530377034	1.5544627675143894	7.297960733921394	32.81488106563274	2.0
17.913595394895406	57.94315690972982	1.8036982773696537	7.085613634158418	15.253935783846714	2.0
6.623846431452265	51.87854668182943	19.872050480735503	1.5545127136453114	20.071043692337483	2.0
6.42001738538045	39.454493226771255	14.944253851482348	0.771054831082711	38.41018070528324	2.0
8.515833599154533	16.888978508915027	2.5078678531644556	17.96782403185848	54.1194960069075	0.0
1.7469370934203758	51.44974495445462	30.491407057959037	0.6195146486114845	15.692396245554482	2.0
8.235833024899918	56.61980163675516	8.59510330382542	4.112396820810737	22.436865213708767	2.0
4.970734324671298	26.814187002252094	28.424077938736104	3.7692604121541935	36.02174032218631	0.0
8.334107259643618	29.694477001868524	16.398262051782062	6.5866005578247355	38.98655312888105	0.0
7.590026256291747	26.407411064327775	5.625209588609109	19.835573272048528	40.54177981872284	0.0
3.4245416462429503	27.66848505198845	17.669124416962674	5.4608514262246315	45.77699745858129	0.0
1.3452518482503502	24.602642772128178	24.301747986720816	2.918571954781558	46.83178543811909	0.0
1.3287141932553572	22.322020853085554	15.107982854182309	37.76616839232108	23.475113707155717	4.0
2.0250982783660243	10.55937402007642	8.17617196506667	0.5234821040262703	78.71587363246462	0.0
3.666065822052783	13.155766695018265	3.2672104884478195	2.245153534964191	77.66580345951695	0.0
2.1293410620447357	21.75623810892082	4.825034094741825	0.3157168513437228	70.97366988294888	0.0
1.480898502354674	9.319066693290104	2.8942900785807124	0.07254358603786148	86.23320113973665	0.0
2.1226089150889513	11.244384369389039	2.074575222382742	0.2149334890639595	84.3434980040753	0.0
1.4420028373552776	5.573803510149246	2.7487491989693953	0.21285130431081623	90.02259314921527	0.0
0.664946211805242	1.4850246464347086	1.0573401518998191	0.1208111274205506	96.67187786243969	0.0
2.3726590905570135	3.205320353995939	0.6754562682059688	0.10616630463487028	93.6403979826062	0.0
1.0867356596080004	2.78267619177828	0.9128224343429655	0.17758796833539428	95.04017774593537	0.0
2.5768619252448084	4.177318869981656	0.7175287289329759	0.31297170120752266	92.21531877463303	0.0
5.362044954871481	5.44991040981858	2.398531338708247	0.44775304976195274	86.34176024683974	0.0
1.1847096151208887	2.5087630551550792	0.6378131449608204	0.1133918068065567	95.55532237795666	0.0
0.5331900772614117	1.1328833623329924	1.2789916950903766	0.13920272312575335	96.91573214218947	0.0
2.130081597784829	4.637774571068499	0.25610255328836123	0.23028809228168168	92.74575318557662	0.0
3.113382405280127	11.026812830891512	4.618140807882254	0.3156934762935156	80.92597047965259	0.0
2.1414959332589087	10.610014571897853	2.677129153697131	0.40802828417260545	84.1633320569735	0.0
7.220189551823013	17.00712951464537	14.951995892629396	2.5890230637224017	58.231661977179826	0.0
2.6154064566108257	9.445229804503217	3.6321595294161013	0.671774710052041	83.63542949941782	0.0
0.5965335646621243	4.142769284210792	1.316742234836166	0.9468876922022862	92.99706722408862	0.0
1.0488619339891516	4.813443895587728	2.710393205792826	2.108148958505133	89.31915200612517	0.0
0.5529235649737912	1.6829241740525036	1.4810656416448866	0.42641688746580403	95.85666973186302	0.0
2.132374350468138	3.7231264046271964	1.1458285717355319	0.7269810191565812	92.27168965401256	0.0
0.6376237460328458	3.2331457207400383	0.8319001827263495	0.46904040079214476	94.8282899497086	0.0
3.4009717435970366	8.016677616085873	4.38565376341587	2.4616206275965493	81.73507624930467	0.0
0.8152299147703613	3.0671282315910187	2.525155149288671	2.1639716324448153	91.42851507190514	0.0
1.8635383119137792	7.316524520242064	1.473020020855847	3.9229056095578008	85.42401153743052	0.0
3.2544508296963226	2.2503997830422624	0.3118120441468283	12.69412138189399	81.48921596122061	0.0
2.6751418231059545	1.6886982909275428	0.020157900674844284	1.3116460265402876	94.30435595875136	0.0
2.49311041150855	1.495093591062964	0.06741513755645585	5.672108185232771	90.27227267463925	0.0
3.6207087482829934	1.0494723876132108	0.0799831694569859	1.707969228175615	93.54186646647119	0.0
1.1227176896750746	1.4202518614372694	0.20502801241279855	0.7497126563740353	96.50228978010082	0.0
2.423268903242452	0.5939931289845249	0.045774165341862634	0.9802402590624306	95.95672354336874	0.0
2.9613171601938055	2.678370052884545	0.08638345459034912	4.696426573694442	89.57750275863687	0.0
2.126059028654499	0.8807902511439045	0.057777333572533895	0.24947966021430468	96.68589372641476	0.0
5.696201233413126	3.3560466910888285	0.17709119392448036	1.3978127697672933	89.37284811180626	0.0
10.293402994268137	8.52908392072817	5.591953815388824	0.2210528412220309	75.36450642839284	0.0
2.2449392600617903	12.902830103923577	7.064916091926553	0.12532839691678	77.66198614717132	0.0
1.7435709742834025	18.830145126331605	17.005975552491574	0.27817547090847566	62.14213287598495	0.0
2.077593449282559	17.41299821717546	8.472328577901227	0.8298933712317701	71.20718638440898	0.0
1.6906112221680334	17.047166813592103	16.41850899521936	0.6159279453583839	64.22778502366212	0.0
2.9305592204294455	13.21563318483735	17.053615607303684	1.6708371210671407	65.12935486636238	0.0
3.147334106609116	10.326853307407154	22.57946154835059	0.7780839215960231	63.16826711603712	0.0
8.091376861843266	26.08044486970383	10.915506194131966	1.8801081910814212	53.03256388323951	0.0
3.293603719563732	12.50083971719559	5.968073503249103	0.5693194488993721	77.6681636110922	0.0
9.225535401657144	15.862898085423488	5.680634754611583	1.4565164930732342	67.77441526523455	0.0
4.064950028379082	19.69253467613276	7.539062009153636	6.86769195021078	61.83576133612375	0.0
1.7256105635123964	33.812411861239084	4.02397715742869	21.313647989934744	39.12435242788509	0.0
2.429960025166205	15.20199378928527	13.149687110752692	13.275220720404054	55.943138354391785	0.0
1.2813697270246922	21.1701424702645	9.11458081129144	22.223275898088353	46.21063109333103	0.0
1.4485897619330608	17.395306171411384	24.911020110198713	24.34574292240471	31.899341034052135	0.0
1.1342730129673169	18.660835338128443	4.75398794111696	44.59721257421859	30.853691133568695	4.0
1.384078849325557	16.124946085249736	8.094189481125717	6.197990174648572	68.19879540965042	0.0
2.1092265890498427	14.856327542141765	7.643190930176407	31.36085492654065	44.03040001209134	0.0
3.977650190980331	16.356838973657208	6.077613547057585	8.46313159145285	65.12476569685202	0.0
2.0446030270129127	9.641702649533594	4.457147560894173	2.5401776168661834	81.31636914569314	0.0
3.8815023492481746	13.59823642051129	7.926277490110224	14.220910953646573	60.37307278648374	0.0
0.727228549918181	3.083005779529366	1.7703695328711366	1.2342100844130668	93.18518605326827	0.0
3.7405420857452825	8.898154994568518	4.9416076528095685	4.6774400634759	77.74225520340073	0.0
10.275378063179948	13.461281548032467	1.9480615463415814	19.794340812192917	54.52093803025308	0.0
5.073619139723461	9.676442019603874	1.0447434502569446	2.9018397184858062	81.30335567192992	0.0
12.879437789798494	26.18862450949859	4.875130436372157	4.661903192674402	51.394904071656356	0.0
16.323197159186964	20.028662163182958	5.5790335457639095	2.49098500782437	55.5781221240418	0.0
13.432994304864144	17.181467277329602	9.55827125197915	2.8210846692110025	57.006182496616105	0.0
22.71086959272303	42.38751158218964	3.24403397273031	7.579123916101476	24.078460936255535	2.0
4.682034141955532	29.833148001810027	28.804174909778485	3.052228748284575	33.62841419817138	0.0
4.919997203914696	23.827855975367154	19.711665764144083	1.8204521092933375	49.720028947280724	0.0
3.985474328277928	18.309855796529423	30.69034735952271	1.4047062682991356	45.609616247370816	0.0
5.3882042792953335	23.790743744554057	11.246483766343056	4.296677753309529	55.277890456498014	0.0
2.6075541252877104	34.37841131751545	13.402136590178978	6.150720543846628	43.46117742317123	0.0
2.4935453632350812	24.480712909437898	7.687952187947812	10.627325783751795	54.710463755627416	0.0
1.9303937253661931	38.165803960755916	6.073464746069164	1.9092367700002106	51.92110079780852	0.0
2.539932846203873	43.69499576183987	11.306307766584963	4.794210500395067	37.664553124976216	2.0
2.747621638624781	38.50787764761975	6.522054953760822	6.389468594734166	45.83297716526049	0.0
3.2691659491979093	38.22756341369821	14.297392800668307	4.577790076290947	39.62808776014464	0.0
1.083981205152034	19.142358138291492	10.012037842445404	15.789681084726958	53.97194172938412	0.0
1.9908565412800723	43.13596352234364	14.3716271986889	8.385084220644222	32.11646851704317	2.0
7.7024592545397885	27.824390302760925	15.872995125753365	8.922231869086689	39.67792344785923	0.0
1.9282835624369257	22.53481923210901	6.767562561485269	33.01928891361546	35.75004573035333	0.0
4.037617776747298	36.493296881000404	0.3144773425932925	54.45394175846493	4.700666241194067	4.0
2.4521191466350536	18.842461902340172	4.813490455350186	43.26663142728655	30.62529706838804	4.0
2.8419748335155623	17.385583977563137	1.424727117678889	63.38664721285233	14.96106685839007	4.0
3.214622826988299	9.650895928939274	0.19179105150833603	74.68822807916267	12.254462113401429	4.0
2.146118295360098	20.047878412703746	0.10772737490507919	67.48724601799152	10.211029899039561	4.0
9.060831604053247	54.70193440180366	1.2930696106981558	12.38013922626263	22.5640251571823	2.0
7.799935923402554	66.61741645205711	1.4132668045210228	11.050519624194788	13.118861195824511	2.0
7.306651389946417	40.48200714179587	0.4686618505537285	36.46355463233129	15.279124985372702	2.0
1.4884240075090513	75.22322396403662	1.2677269988241067	10.964567378298796	11.056057651331418	2.0
2.870612731580612	38.93447400472737	0.18289743684485332	43.06779863636103	14.944217190486128	4.0
5.435370634216723	42.40897929209049	0.14479841599060514	30.176088642526395	21.834763015175778	2.0
23.205064695335007	15.898233002404606	0.42011638893211367	37.18411904581536	23.292466867512918	4.0
7.017964735153022	10.956691999213298	2.2196872899032483e-09	69.4504412628212	12.5749020005928	4.0
5.827964455110337	12.2736946963476	3.8175069167372676e-11	57.78586958045515	24.112471268048736	4.0
5.05634678238121	6.118255094402669	1.058887774777628e-09	73.78399934802374	15.04139877413348	4.0
3.9250942082297575	12.31509796276472	0.26826912231395167	22.52871794862209	60.96282075806948	0.0
4.991041449709135	6.013386021696199	0.04646729682074401	35.929273129295765	53.01983210247816	0.0
9.090436339840108	9.391410442654434	0.42853988683274225	26.421884243459132	54.66772908721358	0.0
4.786222479679358	2.825872236070212	0.040038628784529566	30.737103208542276	61.61076344692362	0.0
4.551105184325158	2.7903461365321514	0.17619189930271148	6.633289052676459	85.84906772716351	0.0
13.510768193045719	19.67930397828767	1.052839204333889	0.5222910485442289	65.23479757578849	0.0
23.851233727299327	10.905138659583804	0.31574719052853467	1.1801413638371692	63.74773905875117	0.0
3.607135067783765	6.596514420034503	0.4533740542675845	0.25468512632049206	89.08829133159365	0.0
11.048034609857842	22.654886397935613	1.6733170441580607	0.3236167895912468	64.30014515845724	0.0
7.93232692896003	12.616403390717569	1.6691715818589605	0.33177068294088	77.45032741552255	0.0
11.699438840131736	5.917510121608086	1.8828648117033706	0.3948961641255144	80.1052900624313	0.0
12.070626767484475	11.408137481608579	2.978077955069412	0.5040605148904914	73.03909728094705	0.0
8.113828295538731	9.363170995468167	1.0170068527275298	0.5598389192672176	80.94615493699835	0.0
25.169095100215046	23.518078074190957	3.2417725507587223	0.39781031430540253	47.673243960529874	0.0
27.610042661838367	44.028691712991915	6.882627677863875	0.6599099860789024	20.818727961226944	2.0
21.12387235453003	26.163317692765936	6.665466084184586	0.7973018145932537	45.25004205392618	0.0
7.4431458013737375	41.6467825371363	13.404949330118038	2.1099076820934015	35.395214649278536	2.0
12.25792719852197	58.93511114127886	0.3135616386812755	4.981849934579893	23.511550086937984	2.0
7.570678260403035	33.406141088542846	4.121383511014645	1.1783241353217577	53.72347300471772	0.0
10.571775107135506	53.657358311377244	4.784365657786068	0.5036377010161097	30.48286322268507	2.0
26.100313567145523	28.77964952406773	3.8443045657931303	1.9197282598179073	39.35600408317571	0.0
15.067285337580321	31.59157250803763	8.2594894623966	3.3265348851380696	41.75511780684739	0.0
4.973047727697377	12.378141612511916	0.4155123543241058	4.292051933404493	77.94124637206211	0.0
2.52188882007988	10.545676404352022	2.7988997298713016	0.6358384529655794	83.49769659273122	0.0
6.851383283421086	15.555805422071245	4.553913848181679	1.0361271349073031	72.00277031141869	0.0
9.020686492748313	11.56430904445881	1.616107523099449	21.090426177853313	56.70847076184011	0.0
2.282896185467606	4.805465433290945	0.8211664032548885	20.13910981958318	71.95136215840337	0.0
1.9397050287821005	2.8043610481756747	0.17800075155499337	23.851859804674923	71.2260733668123	0.0
2.967961916349088	1.7529202535825703	0.22249751207409876	28.654720142630417	66.40190017536382	0.0
10.972064969124139	5.558832346219447	0.18077823537598228	6.205966124651042	77.08235832462938	0.0
5.486182902458402	2.0566705943466412	0.043656981997994226	1.5525023358911705	90.8609871853058	0.0
8.683255923580605	1.5657913348493318	0.001515880986156844	2.7548711766415797	86.99456568394233	0.0
15.023766495534597	7.729551204946936	0.08978566298311652	23.079132148713796	54.077764487821554	0.0
15.277703037841928	22.385636875972537	0.2548417254448872	8.618273680676705	53.46354468006395	0.0
10.258608898423766	14.198063228099503	0.27511861050508823	8.761930802944246	66.5062784600274	0.0
14.536080911884008	34.62253254075233	0.6234549952676429	6.894387594849031	43.323543957247	0.0
7.01505704241826	28.067536824795592	2.903756352615354	4.026896735810846	57.98675304435995	0.0
6.10085051944699	24.99111210027026	4.115989516894659	6.077318444160187	58.71472941922789	0.0
5.415977868244635	18.81819879625386	2.532485804770158	7.815163741799716	65.41817378893163	0.0
4.0416617236359755	14.126411151452285	3.408479584014743	3.3412215727713335	75.08222596812566	0.0
7.535480649175097	12.33854599484058	1.198648745165548	7.398456422494489	71.52886818832428	0.0
24.124621619172988	22.70042673480647	2.245103597571111	10.838468050720573	40.09137999772886	0.0
6.85694540267691	10.907732496642165	1.4591940944157908	1.7300497685912668	79.04607823767387	0.0
9.536757606640457	11.633541720358775	0.9394408236026562	2.3514237060690357	75.53883614332908	0.0
4.20408683119033	17.161099908879414	2.8229928096469576	1.6005607866368072	74.2112596636465	0.0
5.773338693165778	27.627805365568904	12.098316475540695	1.7562633408955868	52.744276124829035	0.0
3.214171158470907	18.82663079511643	2.876934842610559	1.3925572880881534	73.68970591571396	0.0
5.02946412911204	32.39107692214938	7.879047254176798	6.487428099606047	48.21298359495574	0.0
3.624612355603987	24.997236086151524	8.00866871098095	2.5445004259996167	60.824982421263925	0.0
7.13132081717384	26.374221776027753	6.3895528008147116	3.372009348364479	56.73289525761922	0.0
6.430406676125141	11.239154228737837	9.095534191944125	7.016154923438922	66.21874997975398	0.0
3.95676508570263	8.208312059664097	5.015146121722303	4.687799269401814	78.13197746350916	0.0
5.564093829516453	7.702585716655719	2.4947700958830628	5.916905512757485	78.3216448451873	0.0
3.2393414918486565	7.300278283308352	1.8677176315192372	3.384505088638373	84.20815750468539	0.0
9.618260879750125	16.464274514038152	2.2984127795710725	17.312533651173485	54.30651817546717	0.0
8.194997665023587	64.01211964833001	1.3268550021748684	7.14175858269704	19.32426910177447	2.0
9.76838336098171	33.755417306211385	1.4427327786205302	10.580429514290135	44.45303703989624	0.0
10.447787371106704	64.70280936957629	0.7422174743795024	11.74910111163078	12.358084673306733	2.0
20.065396304994277	22.69253162312993	0.1575075677368793	26.31004009778306	30.77452440635586	0.0
11.031683013151547	29.05757948861819	6.761611595657984e-09	33.93482414492613	25.975913346542512	4.0
8.653021895779533	20.5529731381071	0.24156298107210392	23.196362788955703	47.35607919608555	0.0
7.549792819516534	28.078424599476907	1.2094548419736078	15.003143237507613	48.15918450152534	0.0
10.799769701689135	13.306716262918403	5.814000643814798e-13	30.45724951875306	45.43626451663882	0.0
18.845169245651125	15.889041831035067	1.7555778313429784e-10	27.087768789465134	38.17802013367311	0.0
8.62365441213143	5.285907182088418	0.0626186963337841	3.0648037278223077	82.96301598162407	0.0
14.979113541861913	18.137217085190372	0.6615802318638903	8.234314444858573	57.98777469622526	0.0
14.247268728724563	12.949364046011306	0.9709879936781627	2.7237199192643877	69.10865931232159	0.0
12.339725313068516	15.69563839058079	0.5222212678153172	3.753877562248432	67.68853746628696	0.0
11.272902947936927	27.13956978934169	0.18078848925343902	8.314284359550628	53.092454413917324	0.0
14.158540631651281	11.434654461694556	1.3114823615389166	6.171290565597463	66.92403197951778	0.0
14.905560913806465	13.411608541570324	0.9915998930991994	14.08861615981267	56.602614491711336	0.0
16.07931946537292	6.658546408879492	0.1453790260466202	35.94841408655285	41.16834101314811	0.0
23.03423682872262	21.593050269984023	0.21322798808055657	21.96757845860822	33.191906454604585	0.0
4.695238424447263	8.256434515822251	0.5243619039060169	7.555346496809628	78.96861865901482	0.0
23.19872399721429	22.461309826557898	0.7592072326852107	12.50108036329268	41.079678580249904	0.0
15.193526441977928	21.335743482272022	0.5394412238417914	14.6070764390415	48.32421241286675	0.0
8.085533106717978	15.972419153638176	0.7664242294980742	5.740849026586365	69.43477448355941	0.0
9.795875539273705	13.361124327797771	0.33564408632231474	10.539857818581197	65.96749822802502	0.0
19.312410548936462	19.95910049853887	1.2313125425550941	5.94504700257594	53.552129407393636	0.0
12.596665693158762	18.108728538686503	0.3676328614805455	5.01833889551173	63.908634011162455	0.0
25.560396693240033	18.508727726869992	0.19392657134596225	12.274358118659894	43.46259088988412	0.0
25.31227706081175	11.388043940678461	0.08351962240541688	5.040504734756319	58.17565464134805	0.0
11.359968658239266	15.029944964041464	0.2889432277110597	2.3829767819388947	70.93816636806932	0.0
13.57930910103098	28.332319072255657	0.18944868954342955	3.865840317604044	54.03308281956589	0.0
11.418587406105866	22.7119286350031	0.17665807574731165	3.29497700910209	62.39784887404164	0.0
26.679977103516716	49.800549510389544	0.20950820369582385	5.5593990067688415	17.750566175629096	2.0
16.090518454266416	43.99983685330298	0.5580949685798319	1.6747567831409023	37.676792940709866	2.0
32.167229266216566	52.25887777378237	0.7684716167006875	2.0952144180686934	12.710206925231688	2.0
13.157001102613378	71.07832793648579	1.775895570020846	1.8554878108850321	12.13328757999497	2.0
3.998285053165651	92.88718098017144	0.36009553474862976	1.4212863410459553	1.333152090868342	2.0
13.075701867525098	78.51256228829403	1.6430844977371704	1.503874971708635	5.264776374735047	2.0
6.297831192207415	83.08325971138466	2.4151719618838903	2.0907017815140883	6.113035353009949	2.0
6.099980752980897	79.36106510035556	0.6327738111202227	2.2119730404436933	11.694207295099627	2.0
8.73986039219276	77.99657937246872	2.9544975493582806	0.8867140222009198	9.422348663779315	2.0
16.59219794917482	39.47180230904294	2.955068542347846	2.907637989214612	38.0732932102198	2.0
37.53685320470735	31.42640736586464	7.50924904489601	0.9657165735770422	22.561773810954964	1.0
29.144593012135488	25.172810410759826	5.525247945187763	4.366305519699053	35.791043112217864	0.0
36.84729567196686	26.230689736945074	6.663885007851544	5.656622343258037	24.601507239978485	1.0
16.19556770596787	25.303856060869776	12.648827701643892	5.244002104426292	40.607746427092145	0.0
19.676988500180723	65.54344039479618	5.107664228029104	1.8409418057502278	7.8309650712437655	2.0
16.8780593206137	24.676596556461035	1.7552450268225692	3.545791722315006	53.14430737378769	0.0
11.494527894198685	72.606275931665	1.6389723156443552	5.661050734991023	8.59917312350093	2.0
35.85396136967953	6.681004354070962	0.1072755040191122	45.86002635268601	11.49773241954439	4.0
19.956639369481014	16.427064390645608	1.451620127771086	4.955659332178783	57.2090167799235	0.0
25.981476937926733	42.25017801133266	1.0362114510484526	12.572763194631225	18.159370405060933	2.0
32.146927271466545	29.37985587478175	1.3595115053822848	6.785160884306205	30.328544464063206	1.0
15.829341326651376	45.245041703939805	3.235689921246877	3.5300995855367714	32.15982746262516	2.0
5.467116336052034	14.079405924111327	1.3765280455357054	2.7719396741946727	76.30501002010625	0.0
12.913632836306753	40.010569521689426	3.9134831113997453	12.26484532793889	30.897469202665178	2.0
11.420333022491015	52.337101411811446	3.884323170772113	10.730879579139406	21.627362815786018	2.0
11.713458697485834	76.49469855660568	0.30675486999942886	6.65394434933139	4.831143526577676	2.0
13.831589632626287	38.45192331348552	0.11671317420701371	9.149264079232733	38.45050980044843	2.0
25.829040700148315	53.20390644477463	0.9331691238973014	2.658319212098534	17.375564519081234	2.0
6.977828813872019	46.149121787746004	3.4409105498979094e-09	4.543731635602434	42.329317759338636	2.0
16.296863109856677	47.08815331853086	1.5025440126773145e-09	3.7139484219859265	32.90103514812401	2.0
20.783761336071812	51.00221775169539	0.6090334410847467	2.8659778216426903	24.739009649505377	2.0
2.5861773642655206	33.81380743141361	0.44338475366411434	1.1558853702290253	62.000745080427734	0.0
6.9525508347714995	44.887670798809836	0.393906661313443	0.8088287942510539	46.95704291085418	0.0
2.430496396302201	63.998443161394306	0.5503008231584064	1.4373497443888252	31.583409874756256	2.0
3.7015965919456857	81.89409578525803	1.5359878520351604	0.5339917439340924	12.334328026827004	2.0
14.788469947069686	69.88163148887858	3.6920496596475902	1.0003463677369357	10.637502536667212	2.0
11.816391939365692	32.263573160600764	4.273520376547136	1.151197786196954	50.49531673728945	0.0
9.532624812584332	67.8545890923333	3.625171219227865	2.3576232811829994	16.62999159467149	2.0
8.363507865529582	73.44035388015485	5.280756120642324	2.321184896080019	10.594197237593212	2.0
5.773286139616947	79.51888264165898	1.9810051874998382	1.5087985710439384	11.218027460180314	2.0
28.762589476352208	26.909138583335352	6.440456919485291	4.916013404467044	32.97180161636011	0.0
12.902073215713559	55.025184642115065	4.078748099149746	3.5857162670203078	24.408277776001324	2.0
18.267426844508957	33.07560361962478	4.873023614887098	6.9861179230661525	36.79782799791301	0.0
7.573585040836287	65.3979513634247	2.1730873558994532	11.595762064772416	13.259614175067155	2.0
14.048614929188394	57.91845881906025	5.995833044993745	10.044191247684076	11.992901959073532	2.0
23.65191072475171	50.70529304126442	6.729748474274014	11.225134720943931	7.687913038765936	2.0
16.671988729510005	51.54824953947896	2.987562645502015	11.430046895523759	17.36215218998525	2.0
11.843910552698093	30.52571954951292	2.100213471424191	8.826977412992424	46.70317901337236	0.0
37.91004700497656	12.944981744538019	1.9898004284405	5.933410420985928	41.22176040105898	0.0
47.665910126660386	16.379844027248545	3.1603290492915597	16.0664615094393	16.72745528736022	1.0
13.913766763529306	38.51503844501387	1.5778619901107591	38.81220957274113	7.181123228604933	4.0
5.479605784854457	22.517776427520758	3.2201559775477144	51.65199721368413	17.130464596392944	4.0
1.1342863439147703	11.379472446548778	1.1385242335373218	81.24255860469589	5.105158371303233	4.0
2.7478598258312528	9.575890141751296	0.8220368763757493	78.91040093585065	7.943812220191063	4.0
2.471293683946341	15.327928622552353	0.7592389677948991	72.47773556250223	8.963803163204167	4.0
6.748215402430863	40.60972773236527	1.5008222195161856	37.27453171329477	13.866702932392908	2.0
6.346474032972192	39.03421142525237	5.690707987575193	30.40087671890272	18.527729835297517	2.0
3.374303356366982	13.491973517062391	2.095129249994944	40.41715246815006	40.62144140842563	0.0
1.7862063032938718	8.767054529045573	2.2433351359099793	29.450569879094747	57.75283415265582	0.0
1.5246488847317263	4.137224063152611	1.142540315413476	87.09174394214473	6.103842794557463	4.0
