N1	N2	N3	R	W	anotaciones
0.07988480168880915	0.2500026109651111	0.24916571304805196	0.033216374940901704	99.38773049935712	0.0
0.7158125216437219	0.7318020328600053	0.21501161967449023	0.08561126932976518	98.25176255649203	0.0
1.3671889211829678	0.5046793968368404	0.08134885139496476	0.02440408943424771	98.022378741151	0.0
2.9511189859463873	2.9042770940933065	0.4656485788741915	0.14351215549887397	93.53544318558724	0.0
1.9381717018007154	2.090088228011701	0.5329941799491738	0.016629285099537178	95.42211660513887	0.0
1.4402974138043099	0.8822090559011181	0.9357770055600506	0.02255876065196544	96.71915776408255	0.0
1.6550109125398031	3.320250767400648	3.4258848419639785	0.4144625527925235	91.18439092530305	0.0
0.3697378841502732	1.7530240938076609	0.815576224136294	0.37110043895850164	96.69056135894728	0.0
0.6556196590853434	1.5593809754295969	0.5398233420189558	0.1104122563901642	97.13476376707595	0.0
0.534408748979375	1.3858803947247114	0.2579542476498712	0.20522614967305539	97.61653045897297	0.0
0.31143823917155605	0.7897116846966056	0.19987813430910506	0.04877401186246016	98.65019792996027	0.0
0.2913060949987564	0.5085208667118711	0.25565179938883703	0.04172942064022975	98.90279181826031	0.0
0.4700983614197884	1.5324189112178583	0.5008858635964982	0.3709700995535925	97.12562676421226	0.0
0.3185885867074457	2.3897993563609212	0.6706918892326043	1.157947327676662	95.46297284002237	0.0
0.27308120586837875	1.502285215184596	0.625944845501454	3.491452886555228	94.10723584689033	0.0
0.5479750914801944	1.9348984245653122	0.3078198280000477	1.5786450808028678	95.63066157515158	0.0
0.744274020276303	1.5905835163108006	0.18844624166810772	0.76332120420624	96.71337501753854	0.0
1.1034787400547665	2.906217057738387	0.1599337335303943	0.9642605016875935	94.86610996698886	0.0
0.6989435994475796	1.968775376698582	0.1388196787563071	0.8851415762635767	96.30831976883395	0.0
2.2495088039587814	6.322044775330758	0.7290864942924096	4.24015095567717	86.45920897074087	0.0
1.2161740567175532	1.2358040810874598	0.26442535309350046	2.806806219950268	94.47679028915121	0.0
1.8952157794144473	2.3391991646544685	0.11486956191175002	2.3745365949204453	93.2761788990989	0.0
0.6314751305938208	1.5794046805367172	0.7110514332203757	1.7383324012347126	95.33973635441437	0.0
0.9442038086515355	0.8395079277219846	0.6527134568884729	2.713589335927062	94.84998547081095	0.0
1.3152889251186741	2.3702424809793716	0.2334391216360537	1.160993124522936	94.92003634774295	0.0
1.3235632184310866	5.009923261627765	1.1796668291648258	0.9681395482738984	91.51870714250244	0.0
1.1753220091968357	2.0511108787746846	0.1720520395580508	0.35529363096384836	96.24622144150659	0.0
3.2578290113350907	3.6728809682928736	0.32150764714200997	0.14788781985714886	92.59989455337288	0.0
4.303076556645322	3.0219434143159143	0.13039955217413035	0.3756422600599186	92.16893821680472	0.0
0.9136736110864392	1.8437088257956253	0.047362669869720556	0.07185499501282205	97.12339989823539	0.0
1.1628544401590895	1.83389036818218	0.18145726313652152	0.4475536287559608	96.37424429976625	0.0
2.6118847794820876	4.085924402649318	0.27816048844556307	0.4279660294960493	92.59606429992698	0.0
2.61240245328322	3.4279993647597804	0.2852993993286137	3.8253625925035957	89.8489361901248	0.0
2.2296564122287337	4.896745840246684	0.48449006672091854	1.3566745816244883	91.03243309917917	0.0
2.490453836547917	4.636698896528675	0.778246095631123	2.7008712841633917	89.3937298871289	0.0
4.076486354873418	3.58380136955092	0.24649300736896443	2.0064846142997887	90.0867346539069	0.0
3.275058379954333	3.386913276076991	0.39402461156077356	3.1817804215092083	89.7622233108987	0.0
1.605501292483274	3.164644961870079	0.31147002968652077	6.618441429295912	88.29994228666422	0.0
1.0853405231497764	2.064617754536402	0.5282050694036801	15.478341236609804	80.84349541630034	0.0
1.3755870505566283	3.1976275380514805	0.18504606814442393	9.577856515308662	85.6638828279388	0.0
0.6978593678458359	1.480385432278691	0.11167145988639228	4.677834990988911	93.03224874900017	0.0
0.13783449331221548	0.7455157500482471	0.061534834234892186	0.2399336677834774	98.81518125462115	0.0
0.22698717150520434	2.1106566125017383	0.028133934327317978	0.4866948493103944	97.14752743235535	0.0
0.4411455271652226	1.6766338707224975	0.04103596682030298	1.3720631787847242	96.46912145650724	0.0
0.5365714540111228	1.1988996246047936	0.10256887562019201	1.0315903901150554	97.13036965564883	0.0
1.0035512308472847	4.419898600993906	0.1439960215442135	1.41755978609922	93.01499436051537	0.0
0.37741441192385583	2.2648298200105073	0.024058905785330265	0.5523752587373671	96.78132160354293	0.0
0.6471386451838361	1.1327216370095288	0.007294874838629391	0.7498709911314446	97.46297385183655	0.0
1.388472332424002	5.528673900764139	0.06371191108964762	0.9810732050584992	92.03806865066372	0.0
0.551581971202195	0.8269819255919866	0.007697453643701502	0.8103376779813397	97.80340097158077	0.0
1.794181082425138	1.9268746416312938	0.05457689608310566	1.3830757891285574	94.84129159073191	0.0
1.463245208262867	2.4500674011493406	0.0856390592932136	3.1835913374698195	92.81745699382476	0.0
0.23037489031324554	0.5113552991219797	0.009944534757123182	2.8310067279823676	96.41731854782527	0.0
2.2290484248621403	4.1835674475211295	0.07633679026672734	9.94524474755351	83.56580258979649	0.0
0.21636161887200203	0.36314943679583345	0.0032172927295234903	0.7177469572821229	98.6995246943205	0.0
0.34781334593649055	0.9980111202580046	0.014467077254469074	1.479021931902806	97.16068652464824	0.0
0.4997981087714126	1.6395097455020362	0.021256757354194824	1.463983418115066	96.3754519702573	0.0
0.4231888873360524	0.48943725548703254	0.01295402343110911	0.13330605104883134	98.94111378269697	0.0
0.6274436898444349	0.7019787364540228	0.03424395294875891	0.4592750358728524	98.17705858487994	0.0
0.49683618257205586	0.8534859007008604	0.041854322248944024	0.2952824486339915	98.31254114584414	0.0
0.8516937411790019	1.459246708513607	0.12431687298102886	0.9000125010541772	96.66473017627217	0.0
0.2390002792967163	1.0507175696335276	0.1024511578534677	0.605230804688279	98.002600188528	0.0
3.4699680723865174	7.513416598517962	0.24302858544075503	2.3081072155365137	86.46547952811825	0.0
1.903063229999646	2.0504975479761387	0.14612382357985357	0.3670495059760224	95.53326589246835	0.0
2.1290770729956248	2.0832835462208563	0.05272679698035934	0.08530498753006088	95.64960759627309	0.0
2.2458292745556054	2.4077386016467215	0.44809084050055537	0.4129019830520144	94.4854393002451	0.0
21.25048800152022	16.755607342938127	0.7906638960887398	5.217257675999863	55.985983083453036	0.0
3.2766931591096053	5.666744599256593	0.46378645269745405	2.3627624875881486	88.23001330134818	0.0
1.9598506742206165	25.729498781295145	0.6900429599297949	6.09545333550614	65.52515424904828	0.0
1.8797157557354442	14.660285549686975	0.24015090450496107	1.3970882936354339	81.82275949643719	0.0
1.0296496748366026	7.363534394208232	0.4180149541020386	0.7395260304829355	90.44927494637018	0.0
1.8193662491288807	4.909827226001357	2.6090815128416938	0.5563883675569259	90.10533664447115	0.0
1.4391286994911812	2.5802363746284587	1.5387107434742693	0.36381308301174126	94.07811109939436	0.0
0.9296690688976561	3.9899777389237947	3.064532661473122	0.19113844613020775	91.82468208457523	0.0
0.9894527659956298	5.863815907487598	8.477457715781481	0.1971083677873383	84.47216524294797	0.0
0.860869717602763	4.127719890828086	7.195512236966878	0.16394200285602067	87.65195615174626	0.0
1.6870039384048967	3.015658273009763	4.235685354380305	0.1565541867626114	90.90509824744242	0.0
1.638548409521154	3.38827959072706	5.999790654042312	0.1868688503100105	88.78651249539948	0.0
1.4635224421099995	4.057099053652651	4.085808833214723	0.060909816631796315	90.33265985439084	0.0
1.6919950806824513	4.144302449863899	2.3093863493662696	0.05190341373664106	91.80241270635075	0.0
1.023518893210142	5.974617274701671	0.9098097028310899	0.02760957152152346	92.06444455773558	0.0
1.9199689176084864	3.3070750554440544	2.348708675491391	0.04073827023015152	92.38350908122591	0.0
0.8145430547662659	1.32180437050726	0.9742299296236547	0.0355282868111049	96.85389435829171	0.0
0.905929807536468	2.5498585691941162	3.02454496559057	0.08356283875954014	93.4361038189193	0.0
0.7105942771518604	2.8997440706726785	4.846678679680647	0.12754475109104227	91.41543822140378	0.0
0.9840898414183856	3.72520215104618	4.660235954868828	0.16624454161804245	90.46422751104856	0.0
1.4768757341864835	2.879941052190828	2.5835990323306217	0.22748946495509925	92.83209471633697	0.0
0.9497569279289304	2.4967185351431724	2.874970854790819	0.06258044298577262	93.6159732391513	0.0
1.7944347979489592	3.682193694059018	5.302532732867352	0.21251120904647816	89.0083275660782	0.0
0.49554710950063224	2.716761799301748	3.480923162632072	0.11066625888157557	93.19610166968398	0.0
1.3294187436550757	3.715104559625622	1.0396968053814466	0.852127717043957	93.06365217429389	0.0
1.7613829130907699	5.417981617576061	3.2460433364174737	0.7103634386479559	88.86422869426774	0.0
5.575672677764809	8.4440582217709	0.2390863775688849	1.5958472774298016	84.14533544546559	0.0
5.5912885439196085	11.183069995848458	1.080859135243611	2.0308152682902683	80.11396705669804	0.0
7.76917994452751	7.173011496450993	2.222094562943328	2.052735109575656	80.78297888650252	0.0
8.351437004374054	12.050010094206948	1.3455975589215012	7.4067163500995346	70.84623899239797	0.0
3.771105486754662	15.281625430183718	0.40243869269688415	2.262672869749619	78.28215752061513	0.0
2.100105498260803	4.926896260184787	0.27185359433892514	0.3145571631204838	92.38658748409499	0.0
5.186076710190999	17.903098922980526	1.0998311504534695	0.4382223698390668	75.37277084653593	0.0
3.963899788681808	12.29406974148336	2.5555179583512433	0.6912713001512601	80.49524121133233	0.0
1.608128122366647	5.144993750963494	2.102860206881927	0.38348299156850546	90.76053492821943	0.0
0.7440769147314172	6.682695490169148	0.8946675432088299	0.24786569680313922	91.43069435508747	0.0
0.9735523951298133	5.482932910569927	0.36096405431975725	0.18230441399307645	93.00024622598744	0.0
1.1880059330074306	7.03263824818089	0.7329550950148743	0.5086344049109806	90.53776631888582	0.0
2.3173613062554366	13.341887401170045	0.5086632733189265	0.2296307755444192	83.60245724371117	0.0
1.6836652973484214	10.23026079196145	0.7500899687560052	0.251025668134603	87.0849582737995	0.0
1.2741553078654653	6.2905894025107445	0.3418895757141092	0.13319517324738828	91.9601705406623	0.0
1.45519693154819	14.345948956549615	1.7680596967179316	1.527088545558785	80.90370586962548	0.0
3.8753045948440348	9.812205864334697	1.1129680412682983	1.9877397522613527	83.21178174729161	0.0
1.4494338541804292	7.484670074349729	0.1907853938392547	0.9776684214330221	89.89744225619756	0.0
0.9098317456158822	12.610452395781804	0.5229161439698214	1.9996487311425404	83.95715098348995	0.0
1.5031477613606834	14.404482380615677	1.1774944288995686	2.8418558173056585	80.07301961181841	0.0
1.6708441574041315	4.180111576645664	0.5404968050757072	3.26784994130845	90.34069751956604	0.0
2.331382036217062	4.019243150372864	0.09223617191978863	2.016833792845823	91.54030484864447	0.0
4.949189440068611	8.518410260698483	2.168713637412103	19.571113868749297	64.7925727930715	0.0
3.262655720372614	6.718943857770679	0.24075891934792984	3.4098205810456554	86.3678209214631	0.0
1.4615969151403931	4.0228326121678215	0.43919596829732943	1.8569066620071066	92.21946784238736	0.0
2.3472169711576885	2.892246635433348	0.6639673986674521	8.157840660938101	85.93872833380341	0.0
1.392912198207432	2.2463704437032592	1.5261467320127031	1.2422880599876724	93.59228256608894	0.0
3.593702345896357	5.584226674887687	0.08528949252808493	1.8425844140945662	88.8941970725933	0.0
2.8366166641738073	1.316425661164739	0.37567554586446283	0.5887816813315059	94.88250044746547	0.0
2.0459447763524237	2.6555516880235657	0.13868480955073756	0.8102689233944794	94.3495498026788	0.0
1.4197328320457447	0.6505548378337469	0.2543003663638262	0.7836232963128462	96.89178866744382	0.0
3.3068329341787073	2.8818085407683274	0.45109622418425194	0.9972309554110091	92.3630313454577	0.0
1.8210248983650386	2.7383162704721564	0.6049076743096132	4.543621761103262	90.29212939574992	0.0
0.5869229515294683	2.0951705233829294	0.11050323539509649	5.079904965005249	92.12749832468727	0.0
4.277285408303213	10.068149134033934	0.09859763570317787	18.19755628843383	67.35841153352584	0.0
2.181927322754794	5.030146710305495	1.2352490816072552	4.047899686372341	87.5047771989601	0.0
0.49995305344422053	1.6389484270275578	0.0862338704101711	0.57338133036326	97.2014833187548	0.0
0.4044989213721624	0.7786623613483226	0.05917362968785359	0.3590758227382672	98.3985892648534	0.0
1.558395467143276	5.697905294516635	0.545833950209057	2.713260679058264	89.48460460907278	0.0
1.2687139901191076	2.0864993631559003	0.38549189841092496	0.790993573488792	95.46830117482527	0.0
5.6963621087379	7.289401781949989	0.13852403130042637	1.2647197576758928	85.61099232033578	0.0
7.005532102825189	39.23333723092107	1.2243328576093169	2.195442605357344	50.34135520328709	0.0
5.080951058233543	11.802569708908104	1.3374556892336391	0.8086595765523239	80.9703639670724	0.0
2.616937140300431	4.445291807356852	1.8426746410901054	0.34977468365480974	90.74532172759781	0.0
2.3042969857569666	11.755857458768668	1.6080951121159839	0.2824383242217158	84.04931211913666	0.0
1.0435635477015568	2.1059203663473824	1.8409958254397083	0.10430254380450776	94.90521771670684	0.0
1.8668451441983223	5.179008080999394	1.5382617611542568	0.19806636299548236	91.21781865065255	0.0
5.982297054270018	19.753531529369514	0.5685312722521959	0.608082362439167	73.0875577816691	0.0
4.083921816511464	16.44496725506528	2.131341254688137	0.897160197818222	76.4426094759169	0.0
5.301210749817073	14.600001087926817	1.9490263373448855	0.311074910605783	77.83868691430544	0.0
6.516421713575421	15.731130877495229	7.915624308164169	0.9191301257662925	68.91769297499889	0.0
2.2208230615642455	4.773463875746667	2.9106135625835994	0.25954523230614857	89.83555426779934	0.0
5.453659261100932	10.79601883818284	0.6021974404815317	1.5411036763104216	81.60702078392428	0.0
2.160309310314628	10.986143158771885	3.7883285459232288	5.309952476172521	77.75526650881773	0.0
1.4361054550089696	9.551149743878028	2.488694367597256	5.063357437792547	81.46069299572319	0.0
6.988656971407586	18.39919761635213	1.0803810128958948	7.854257353955046	65.67750704538933	0.0
2.621167158934111	9.246300284733728	0.6244000576843807	1.1011873884763594	86.40694511017143	0.0
4.774489078833468	10.720826547237586	3.4864624871006398	2.491189911939645	78.52703197488866	0.0
4.307689726391129	9.36375279393734	4.651814547632566	2.9231238664884827	78.75361906555048	0.0
5.682014385337986	11.328569322900133	3.2900008936741685	1.2137517063870593	78.48566369170065	0.0
2.7754255488540966	4.653501531306199	3.025701426987216	1.4632703501636295	88.08210114268886	0.0
2.1320345016203985	4.283681431685848	1.7822373204564657	0.41656020193164783	91.38548654430564	0.0
1.8090177777917331	3.346041094679255	2.8167767974898203	0.35369982897003277	91.67446450106915	0.0
1.1285824600546335	2.459486198562478	1.4488162641189808	0.2815153106169561	94.68159976664695	0.0
0.8712967848452435	3.2722206139258416	0.6507835394746192	0.33105233576037146	94.87464672599391	0.0
4.161707663956997	6.098338716835809	1.6949155716174897	0.3498887070920371	87.69514934049766	0.0
4.39821703586603	6.13989909729764	1.5552532928257656	0.4200839277660827	87.48654664624448	0.0
1.9515427248958928	6.671397063254308	1.5210018017675457	0.27725919114008557	89.57879921894217	0.0
1.3359996608146165	3.175444188537181	0.6967254817555211	0.15644357016636368	94.63538709872633	0.0
3.2729717954294864	7.800317466260749	3.0062463079081323	1.478409669532919	84.44205476086873	0.0
1.7946306007145534	4.4897510744743485	2.240225875425338	1.5563808591369082	89.91901159024886	0.0
1.4999541336711653	6.415893393948727	1.7257175568702332	0.26737850802776847	90.09105640748211	0.0
2.9444548353025617	18.80754629540657	1.6945046550356966	0.395685963290396	76.15780825096478	0.0
1.375490179368819	19.36645230896336	2.5263391969924065	0.7344938775156785	75.99722443715974	0.0
2.373204655484111	19.98628101149434	1.9140907615802047	0.7408739131820735	74.98554965825926	0.0
2.7739493045054924	13.074524330410025	2.4490513771833857	0.8270553820190321	80.87541960588206	0.0
2.795265408995152	6.632106857391845	0.8062915596532583	0.42337726904110595	89.34295890491865	0.0
5.463838659405596	25.33721120831095	3.282315127321596	0.989948980827614	64.92668602413424	0.0
1.749146289819051	12.168328408540658	0.29405943900785564	0.6096701127142021	85.17879574991824	0.0
1.224762169314181	5.968337168958974	3.1102939787361925	0.8257139365116958	88.87089274647894	0.0
1.0123509791834107	3.02362868144609	2.9735199274917483	0.2994515834716234	92.69104882840713	0.0
0.9640258387651821	1.6639915982390647	1.0253118405706123	0.15463912622421105	96.19203159620093	0.0
0.47955370252873036	1.165814144724903	0.8145262719668592	0.3950297885634747	97.14507609221603	0.0
1.237811515257491	2.8693438034417076	0.9854288094504224	0.43200928670427513	94.4754065851461	0.0
0.5811408473596767	1.085687173311527	1.3068868104237055	0.16377359912698503	96.8625115697781	0.0
2.882369839125087	4.492870329300576	0.935537627712767	0.13099779000413564	91.55822441385743	0.0
0.7329066506956466	0.7483625615114312	0.620578265438773	0.057398357679822376	97.84075416467434	0.0
1.0256978481389292	1.9678642411589922	2.4161215160099387	0.4515989227946323	94.13871747189752	0.0
0.93871050231707	2.992494262380113	0.6984984686540203	0.14763943939598884	95.22265732725282	0.0
0.10242569299421468	1.0324268926064704	1.170654632671178	0.08311513641682511	97.61137764531131	0.0
0.5949953403071601	4.353068835171517	1.919389196899167	0.26829474864298547	92.86425187897918	0.0
0.9188867913720277	6.050674357778246	1.618407446503567	0.8485436980382576	90.56348770630788	0.0
0.5515862196760407	2.6725512250377492	0.48167381147693833	0.5068763319360835	95.78731241187319	0.0
0.7672826205721098	4.610247486574324	1.2203179928345247	0.5243441995270349	92.87780770049201	0.0
1.9824597789751721	9.316907492399682	3.0232539499409716	3.303961596243153	82.37341718244103	0.0
2.4361743097135515	15.836092122255693	1.8190354128713104	1.648992267865432	78.259705887294	0.0
2.981249396870695	17.26191063680807	1.2972048160111949	2.7446122233485757	75.71502292696147	0.0
2.124429595144895	14.674237608573279	1.3317085611578805	1.4411074872772986	80.42851674784664	0.0
2.981117007428946	11.321250377395039	2.8085477283856797	1.0389762712822215	81.85010861550812	0.0
4.3791632979618225	16.35453240354806	2.5443718883732576	0.9293902319973519	75.79254217811952	0.0
1.5692787220060924	16.049715898097418	2.8590581704102696	3.0559841162058983	76.46596309328032	0.0
0.8621619187662721	10.443363386329695	0.5099621469259105	1.107974382733176	87.07653816524495	0.0
3.6200290898333742	5.537723205452819	0.5621319485481109	0.6002439349820277	89.67987182118368	0.0
7.449338135537745	11.01318162268014	0.48509873500360384	1.986033126608704	79.0663483801698	0.0
5.32117220908329	16.585898146447985	4.49630165118058	2.313815239353819	71.28281275393432	0.0
1.7957934955589845	12.526123035712395	2.5306442248716667	2.171140852050623	80.97629839180632	0.0
3.4716319030246634	22.976066604267412	10.76304298378221	9.548999748011903	53.240258760913804	0.0
1.7652084009322748	13.003057472737952	1.6128626473379875	3.765430863166709	79.85344061582506	0.0
1.559132293295017	14.569027443198662	3.8297419014417016	1.0690878094851886	78.97301055257942	0.0
3.4389464747087573	17.109893854797427	3.9466142855232826	1.166418928367659	74.33812645660286	0.0
1.443374364550785	5.156773652501092	1.5533076068702836	0.2906642811853916	91.55588009489244	0.0
4.537067510525743	13.523165505786686	0.8207751924553354	0.6834545846769821	80.43553720655524	0.0
3.9400541934944617	18.296652813138095	5.331175850124025	0.4669413740611235	71.9651757691823	0.0
6.525691529321143	11.679923395856227	1.2655556045150527	1.581523856625691	78.94730561368189	0.0
11.98153447958669	20.496208049826663	1.702732646941657	1.9222220197233715	63.89730280392163	0.0
7.751023386263041	18.68586600202699	0.49492071099546053	2.749917185231906	70.31827271548259	0.0
13.720568807753821	8.960520560123198	0.28166373956311536	1.835755017429318	75.20149187513054	0.0
11.628064211424997	18.049812447412116	1.9795724614481258	1.4683920268173984	66.87415885289737	0.0
17.017133053197032	17.686577862263466	1.7383107245471283	1.4726833549585159	62.085295005033856	0.0
5.1384052892660685	10.333647742042881	2.1929035538338923	1.3053176017796249	81.02972581307753	0.0
2.9456037260342893	3.99347015331225	1.582465254095125	1.8500511264912545	89.62840974006707	0.0
1.0772095430825828	5.827741781522264	0.30819637964015256	0.28268602829495354	92.50416626746005	0.0
1.1341726130371348	3.1384866015830974	0.1721808355018607	0.18630061070842688	95.36885933916948	0.0
7.807930076227048	10.224519476338678	0.6488223234775347	1.443289175994329	79.87543894796241	0.0
4.908821364291746	6.840020671673044	0.5241903834421188	2.0561395829555638	85.67082799763753	0.0
4.984645040357783	5.210591862048242	0.5177013069789521	1.4686660790024841	87.81839571161254	0.0
6.927219775747807	9.612041551525607	0.9580190622251141	2.799535007717615	79.70318460278386	0.0
8.60017311071424	12.540650952040384	2.1133591785896524	4.345427267182647	72.40038949147308	0.0
6.4014528224250435	9.073348812978368	0.8118868058616655	0.7859628031165417	82.9273487556184	0.0
3.8554439786046357	4.638364822549611	1.5249128185780312	0.4919150396706328	89.48936334059708	0.0
16.945256823932898	15.18720615594907	2.073889706949284	0.9387700452887445	64.85487726788001	0.0
2.652883259135202	4.468487481443167	0.633561743528793	0.15136053204018252	92.09370698385264	0.0
4.556078922321842	5.491118902748831	1.0433681036247346	0.3135179327674107	88.59591613853719	0.0
5.017932555310897	8.313826342404232	1.401965389881393	0.13751443127630275	85.12876128112717	0.0
2.236581297966674	1.9476296066305032	0.8990825601064909	0.13009410853258963	94.78661242676374	0.0
4.49317354906527	6.431759077422742	2.459172243337608	0.17009161452716834	86.4458035156472	0.0
1.2162022795817156	3.4323391403846215	1.2127271269179927	0.16903871641294188	93.96969273670274	0.0
4.914569584848046	10.17364587192832	2.1884657027870835	0.27572258057842675	82.44759625985812	0.0
1.234773642255852	3.7264812301565544	0.7594618101368034	0.06689113111909621	94.21239218633171	0.0
3.80122400316976	5.06059635341971	0.9097339729092195	0.07583783753373766	90.15260783296756	0.0
6.410327977627457	5.979008537452164	0.4810264193612812	0.0629779959404703	87.06665906961864	0.0
2.8368537612096296	2.191553834965634	0.46903293973978427	0.026124130640166585	94.4764353334448	0.0
2.732853500151233	3.442468856620906	0.30951413862837196	0.1233574373571841	93.39180606724231	0.0
3.309237534076999	3.0535568969491846	0.9966431348074243	0.45773855593322577	92.18282387823315	0.0
2.117181915384067	3.9266648694792807	0.6911285200265557	1.098259432123887	92.1667652629862	0.0
1.7110279792267968	15.875376470823102	0.12542341737349547	1.3853679436621802	80.90280418891443	0.0
0.7223852269371738	7.709724568882964	1.0094884057676061	1.467211341774751	89.0911904566375	0.0
0.6394973703709438	4.873244977936792	0.8301085337037803	1.9098258761847948	91.74732324180368	0.0
0.6394151530902561	3.274691430318956	1.2997699162177747	0.6872182454344953	94.09890525493851	0.0
1.158032446113943	2.4334191951686854	1.134185970466335	0.9439418784671629	94.33042050978386	0.0
1.5794717264128177	3.361515635247328	1.1892195936843883	2.428838617767902	91.44095442688757	0.0
3.9026972819810006	3.663593468575726	1.2036764540366083	1.321114424276255	89.90891837113041	0.0
13.819871218480545	12.514711689810113	0.6481768752200164	4.587775137192381	68.42946507929693	0.0
3.030189528828502	4.189723009260771	0.31070069545992535	0.9607382737238714	91.50864849272693	0.0
3.5852938581663407	10.443526918811619	0.5785897885144058	1.0124982109479792	84.38009122355966	0.0
1.8278475068025362	1.8592513402447834	0.1539092917339513	0.608553583454623	95.5504382777641	0.0
4.919437783719012	2.375202151081786	0.187013597619492	2.470189393420807	90.0481570741589	0.0
2.2016615315270376	5.248438490821917	0.3070110165968596	1.066134697432668	91.17675426362152	0.0
8.942698761471819	11.22298390460691	0.28321209922316676	3.080194937992738	76.47091029670537	0.0
9.04035634926484	11.695518020445657	0.02788403854018667	1.113385986236786	78.12285560551253	0.0
3.382668294842884	6.6536633661957625	0.022465115169520242	0.3302651683558586	89.61093805543598	0.0
4.823187670389658	5.648755953182507	0.1969983872857022	0.4136200117893789	88.91743797735275	0.0
11.125981666686034	9.983129211832399	0.5776859198852756	1.6701195375722826	76.64308366402402	0.0
5.538928852571472	8.773567019191043	0.4132889624228944	0.8171217804843941	84.4570933853302	0.0
2.529919254686231	8.194550883596895	1.142215529528429	1.85648198311373	86.27683234907472	0.0
1.7650781454896938	3.0552593631919214	0.31659068834080595	1.8189749157164994	93.04409688726109	0.0
3.5611990721139875	9.37036313697674	0.5044344054308258	1.1660294607542927	85.39797392472416	0.0
6.078314933506817	16.33061621287799	1.3052793716461817	0.9179172114881291	75.36787227048087	0.0
3.879329429812728	12.196756686703411	2.5885807470656146	0.8756821085127622	80.4596510279055	0.0
10.201372764949381	21.53365242617419	2.717116407477577	1.835684146529758	63.712174254869105	0.0
7.19798014452563	22.630464694054197	2.234315283207741	1.5125092247023386	66.4247306535101	0.0
7.530278258484463	13.065651810747758	1.1651588322137154	1.80822119211956	76.43068990643451	0.0
3.6313433055098225	9.63175552366492	1.4270599706403206	1.036326000954234	84.2735151992307	0.0
5.23304795965543	18.078908477845527	1.9001561134187175	1.4754323810841259	73.31245506799621	0.0
2.7818152873587594	15.382245964887991	3.668490626179193	2.1118668365777147	76.05558128499635	0.0
7.26856845514042	12.432950078248789	1.8447282103826876	3.4287487463245494	75.02500450990355	0.0
4.84835336049128	6.8249458025095775	2.485681548052191	1.7342325469553	84.10678674199166	0.0
2.1417235496121774	2.455473136204232	1.275331384303383	2.107283911442276	92.02018801843792	0.0
4.551900271392858	5.905402970517253	0.8737534509667824	2.4539560589146983	86.2149872482084	0.0
3.612001214437214	4.9763698990385326	1.4341543613157708	5.590875844284966	84.38659868092351	0.0
1.5174867475652014	5.553059547582779	1.0354891141016394	28.109090646040258	63.78487394471012	0.0
1.5678858989484286	4.6436640701013525	0.5474469827492273	27.934772686433174	65.30623036176782	0.0
0.9935388788138617	1.4203784163403477	0.11917468392007592	13.595256856347786	83.87165116457793	0.0
1.5733831544701593	1.440546112269739	0.08244120931051593	7.7748296807627595	89.12879984318684	0.0
3.9939687571885383	3.669868539625458	0.012954225447668413	3.6928925805837136	88.63031589715462	0.0
10.448272866540842	7.461530940419491	0.025079013414310156	6.295946989230902	75.76917019039445	0.0
6.030809836523407	14.098783266429486	0.3073929548913833	6.4728100735071274	73.0902038686486	0.0
3.9538487606558848	4.4446732292361	0.05264082629603501	2.420103279820639	89.12873390399135	0.0
21.395768858752238	16.50404290999595	0.3682715111627067	13.809564063399879	47.92235265668923	0.0
5.297477605209598	7.3089413478130165	1.3061743410526523	2.690667593133143	83.3967391127916	0.0
11.74132203532975	15.45498321124143	1.0910458850792357	8.11513943953698	63.597509428812614	0.0
13.423382567745062	17.872271925451884	2.3244250310351178	3.5688853194707395	62.81103515629719	0.0
4.17581894598978	6.682510216100876	1.1704029491266927	6.339798292042831	81.63146959673982	0.0
2.170697504170605	5.4514829175064525	0.9961059868220906	2.3234108453564044	89.05830274614445	0.0
2.1147533338128364	6.04679938651715	0.5970635980859628	8.357078098439104	82.88430558314495	0.0
2.470479613367238	4.93459629636265	0.7812196982153167	3.985165036901633	87.82853935515315	0.0
1.7193044393830803	14.567034243277197	0.4141501050414249	3.6213020961210223	79.67820911617727	0.0
5.599664287657705	12.170966998592856	0.7926373487383667	2.4173864679570154	79.01934489705405	0.0
1.8657914814332095	6.02521709221366	2.9630283042705905	20.439003576407043	68.70695954567549	0.0
3.286297830967165	10.725295632436724	2.745417674068024	19.62112584817354	63.62186301435454	0.0
1.5486980119819453	3.868805717719406	4.163837741943148	27.484799835778468	62.933858692577026	0.0
4.569732888397693	6.118141659060891	1.1712140438190215	18.276118221736244	69.86479318698615	0.0
2.8135415306116993	10.612118482680058	1.673817482792855	46.267956056939205	38.63256644697618	4.0
2.100664659599697	11.099092287333336	0.9225055553087133	4.537830165374187	81.33990733238406	0.0
2.7289388527855207	6.219105179979159	0.6811457766043131	1.4788421205303914	88.89196807010062	0.0
6.13228285241278	14.212675711423817	0.297735241131894	4.1411327409620835	75.21617345406942	0.0
5.620284672759097	7.095213000123709	0.11600725080762077	5.917321109488868	81.25117396682072	0.0
1.0987324606054092	4.524868295365382	0.40825167880429203	2.437321110574912	91.53082645465001	0.0
1.1039841238672072	1.438328900364714	0.01886442132775451	7.291430678572644	90.14739187586768	0.0
2.736274874760666	1.8399311992758471	0.01779692487946873	11.895131383552076	83.51086561753195	0.0
2.3801551543012245	4.0878011830158085	0.02538001308591629	30.820462231578087	62.68620141801896	0.0
3.0957727215272564	7.91717363285996	0.06415751762909488	33.76443650669759	55.158459621286106	0.0
2.4532841044281493	5.148423558107807	0.12650215253883226	30.220820827865058	62.05096935706015	0.0
5.093341248491689	19.25465408031367	0.5108401801429084	30.770289099238557	44.37087539181317	0.0
5.933967998201366	27.650155088019673	0.3017903603070699	12.837259571141768	53.27682698233013	0.0
4.152798770515771	12.246957160052304	0.445474936537744	35.61764877191397	47.537120360980204	0.0
2.189607455788795	4.1038781348409215	0.4041731407244259	43.408888029138296	49.893453239507565	0.0
7.3702157390676675	15.812131820340586	0.619315801900164	33.73213180884838	42.46620482984321	0.0
6.690329039202799	11.264339642222817	0.41599091882029376	3.3733584862528865	78.2559819135012	0.0
3.856867405226738	15.273662006666738	0.7177776002851872	2.3988991916107887	77.75279379621055	0.0
7.722583517292388	14.474653665874913	0.23255559458397473	0.89049587307456	76.67971134917417	0.0
12.198066764817543	8.005254049488554	0.38004945959949477	1.5614472735879859	77.85518245250643	0.0
9.732118946241124	6.709963698523605	0.026493816328404567	17.59947076248806	65.93195277641881	0.0
9.100600833707825	11.711186931512922	0.07054581433488556	23.10550977923074	56.01215664121363	0.0
3.2175092658658486	4.389514484653658	0.10961214105858678	12.315397764235852	79.96796634418605	0.0
2.544134493388344	3.838961089428747	0.1428407664384427	5.650706766977606	87.82335688376686	0.0
9.692419935800496	11.196940118743214	1.0311180118210186	15.495671330187779	62.58385060344749	0.0
5.621380336114843	4.737704048598498	0.9677577338166228	27.343164400764614	61.32999348070541	0.0
3.3107829172699472	10.008505125815093	3.2497096022631964	10.577510844149689	72.85349151050208	0.0
2.590524153831019	5.7172999758042735	2.3882005470907135	2.1471110788351924	87.15686424443881	0.0
2.7570625112513385	11.803515291478716	5.955937280693092	8.802999539856028	70.68048537672081	0.0
3.358286822057319	6.2773854653657315	4.625174510314371	2.2371424722346123	83.50201073002796	0.0
3.312138852895844	6.298964771776411	1.5199829690368725	0.32301837450200876	88.54589503178887	0.0
5.982579339807654	12.597072367108156	0.6111267367407408	2.3856709084596557	78.42355064788379	0.0
3.2801612217947924	4.76607904334555	0.17558569205487187	15.60850487003978	76.16966917276501	0.0
1.9342657272677384	7.63028838811459	1.152836185645244	15.902883100511339	73.37972659846109	0.0
4.438163661524348	14.388228114430103	0.7160434426412429	15.794939840747215	64.6626249406571	0.0
2.984561086003428	4.879315114801485	2.387430901845572	17.10678307460593	72.64190982274357	0.0
4.780119966573278	7.061935620970239	5.381144585326964	12.687656969304944	70.08914285782458	0.0
5.803511337942869	12.720845498658	8.067437482999477	10.083762744544678	63.324442935854975	0.0
2.849262801464229	5.538700088265597	1.9071523946893982	3.851900031173552	85.85298468440722	0.0
4.618010947629722	16.797624621529202	2.148536382006326	14.030637718342087	62.405190330492665	0.0
6.845174373519458	12.312780212924798	1.841844387106509	11.344073012475995	67.65612801397323	0.0
5.5626842394727465	4.49289854975018	2.74371829168085	16.512332761721538	70.68836615737469	0.0
6.64107336313839	9.095833634901417	0.4854949537987021	23.975193776443003	59.80240427171848	0.0
5.200332161793765	2.9176984613800983	0.11370526210094445	11.103078909260956	80.66518520546424	0.0
3.7623314071073644	2.26331474525117	0.19017224022192916	2.274012108746522	91.510169498673	0.0
3.287908192306795	1.9942239684189285	0.15611773200921908	4.9780932561765034	89.58365685108856	0.0
4.48320136193018	5.024799701135993	0.22911479850412417	6.930232037151956	83.33265210127774	0.0
2.1284622546740932	2.8345660151278653	0.1928793590354497	31.472246062158604	63.371846309003985	0.0
2.761847026582094	2.9305365617711314	0.12900712881713775	54.14126411101703	40.03734517181261	4.0
3.1487098544444945	5.940898265054084	0.6208382874367592	20.584141183425256	69.7054124096394	0.0
3.7291571995045856	5.168347546579075	0.3057072464059758	58.871361668555856	31.92542633895451	4.0
1.9066918288745707	4.717758493299212	0.9212200088480215	34.50357610646918	57.950753562509014	0.0
11.053558899660542	9.400756388393884	1.2926041443928435	24.965838716243827	53.287241851308906	0.0
3.7683745360176784	4.847934602783469	1.1196139798776334	7.175768973940594	83.08830790738062	0.0
6.568079443059608	9.000985716348934	1.7491733908910543	19.661016310908675	63.02074513879173	0.0
14.330396603664248	11.135931341936638	0.02960344908100501	27.076212451791243	47.42785615352687	0.0
3.2724002857987933	4.362379058448136	0.015056148506321317	2.6085152449968882	89.74164926224985	0.0
9.488733767756056	7.0854074966581315	0.01700816173197801	16.103365441587552	67.30548513226627	0.0
10.175555317745419	2.4325905488358814	0.14254293906382776	8.996574637031076	78.2527365573238	0.0
3.540816244258126	2.799190208219608	0.17717291285383363	80.41097854692443	13.07184208774401	4.0
2.6663916588127003	4.274939491467182	0.3792632503989241	52.10670730191874	40.572698297402454	4.0
13.401729336491162	29.025476808924534	0.07528682946409015	15.656107511550315	41.8413995135699	0.0
4.080212497395489	9.418862796090362	0.21671930545445087	25.451698276315515	60.83250712474418	0.0
8.701945318325812	13.945864072887753	0.1703296391009803	11.116065031957847	66.06579593772761	0.0
6.059695807248814	13.5786189139668	0.08520424943046052	4.0636077039539735	76.21287332539995	0.0
6.197823644647593	8.45531936691928	0.010351006185481121	21.061482878794582	64.27502310345307	0.0
17.23296269155983	5.087883286721909	0.0001583821185559064	10.052174326508563	67.62682131309114	0.0
4.6206529682356345	2.1093374145226176	0.006490559847855571	2.6985141387547213	90.56500491863918	0.0
6.560864896460787	1.7491100976058938	0.1412651178390315	6.494011597543846	85.05474829055044	0.0
7.625260157604381	3.6664540911515155	0.054108360369059146	28.443785415540727	60.21039197533432	0.0
3.964841368547023	2.697334107796685	0.1782069388137643	28.750268027906696	64.40934955693582	0.0
6.107305190225751	10.923655011509153	0.05242512238532274	28.094719435860902	54.82189524001886	0.0
4.617829656046182	2.100539930457334	0.005049966337130136	4.66245143200609	88.61412901515327	0.0
7.044688686181187	1.8707125268039329	0.19410966677461589	3.892573144663889	86.99791597557638	0.0
3.858996525833147	2.9230302907615036	0.014787039706687185	3.7828412612004225	89.42034488249824	0.0
7.147944915020717	3.543961988819667	7.6171579692325935e-06	20.2479668386208	69.06011864038084	0.0
3.0589375733136337	5.25116878661853	0.16962666473127982	13.497743818499941	78.02252315683663	0.0
4.0956622407341685	11.221788895605945	0.03855494334324552	23.181793598750048	61.4622003215666	0.0
2.053294632442156	5.948485616035326	0.07651989097255378	16.852811644959704	75.06888821559026	0.0
3.9829575396308075	4.341212584213215	0.08336087729978837	6.780368795253555	84.81210020360264	0.0
3.5225640016005535	3.8994036156188363	0.0642728280540953	1.452489939438005	91.06126961528851	0.0
3.0539673490411556	5.106500737393698	0.027115948135764675	4.36682579300336	87.44559017242601	0.0
7.595833231020377	6.444403890447561	0.12334020279937946	1.8313146648233005	84.00510801090938	0.0
6.723439500900705	5.8052211848426225	0.48852863474257896	1.5615211270772444	85.42128955243685	0.0
7.950499826459587	10.562169722583835	0.7540571581228503	0.593345732315529	80.1399275605182	0.0
4.431547368669164	14.603187729891726	1.555724640376483	0.8332232288895939	78.57631703217302	0.0
5.9359392768573365	13.28054774369394	0.6855188209377039	0.8444320318435441	79.25356212666748	0.0
3.7332730994853867	12.744039886625744	0.8918074288632745	0.6912603422869118	81.93961924273869	0.0
2.0902236825518776	10.362516588053618	3.8525383846429397	0.8519550752242175	82.84276626952736	0.0
7.378727946443458	9.936139240610906	2.76040337965209	2.5056051871669616	77.41912424612659	0.0
6.086237889789856	7.367596283475026	0.6875632922987818	0.5515129001233929	85.30708963431294	0.0
4.701175104000177	10.596734541870385	1.2576073959567275	0.5520538391752251	82.89242911899748	0.0
3.84642599925135	9.893448356194869	0.6116262127856563	0.1841388911777872	85.46436054059033	0.0
6.352358911003176	12.3135742161893	1.4428953144102832	0.311855775391712	79.57931578300553	0.0
3.0960497218620273	13.736201732868206	1.029105210521548	0.6772864072765031	81.46135692747171	0.0
4.665135482231801	7.466869293116382	0.8454763166166002	0.4202838843928797	86.60223502364234	0.0
4.045160012391172	8.32396784025605	0.9431400246581864	0.23403147545483627	86.45370064723976	0.0
4.8045877996290205	13.39837210370044	0.7227765352351093	0.22783416975492016	80.8464293916805	0.0
2.538955749105662	6.62379584007048	0.7109219116818442	0.10630333192478514	90.02002316721723	0.0
2.339776327828539	6.851447379707837	1.7582757313383859	0.3791247793242156	88.67137578180102	0.0
4.9442114047665955	9.780658733731455	0.8423989312609133	0.2973965995188776	84.13533433072217	0.0
4.306953119029077	14.351207853948816	3.4265355213491326	0.5997219014364273	77.31558160423656	0.0
6.345553464094353	9.306934779782763	4.8893030548764465	0.22532385421810855	79.23288484702833	0.0
4.208297046230898	11.515443867016907	1.8576259905278039	0.3645649890301394	82.05406810719425	0.0
3.7094590836152923	7.678974502632424	0.8644709382333202	0.39782924445268264	87.34926623106628	0.0
5.6216126243863105	13.383465558855963	0.5482884408215143	0.31165330998499197	80.13498006595123	0.0
4.244005291939789	6.770537735886413	1.190851466559275	0.18430577921822486	87.61029972639629	0.0
3.5033066804929986	8.7441149967839	1.134265898370064	0.13876617565820548	86.47954624869485	0.0
2.7968526596230556	5.282372995352586	0.45936409980007	0.2514618837483593	91.20994836147592	0.0
2.3137117439685704	3.041869728046759	1.8327522217629213	3.211459513636287	89.60020679258545	0.0
8.696209115563645	6.478510402533787	1.0891798232121177	1.2719646611684963	82.46413599752196	0.0
8.217573890939967	13.259956177969165	1.2763339214310931	3.3393382536490135	73.90679775601076	0.0
4.9041833304454	9.532713794068867	4.22308183357425	3.837688456152673	77.50233258575882	0.0
2.2635211563101705	8.114834180789709	4.960874939443773	1.4429103383114688	83.21785938514488	0.0
6.424407777108537	15.51152077177572	4.117753177249978	5.45154805550208	68.49477021836368	0.0
7.038555851838257	8.386150865973137	0.7852516234325287	0.8317645334526901	82.9582771253034	0.0
4.840633798583456	7.410656055509497	1.1639577107726191	1.1805646103559133	85.4041878247785	0.0
10.369317613458485	13.256084206337759	1.0276992617386853	0.6344849352363297	74.71241398322874	0.0
