N1	N2	N3	R	W	anotaciones
0.39440650200552735	2.0253106006683606	0.9423293873673407	0.03668466972142451	96.60126884023734	0.0
1.2728343593727665	1.7739121491042884	1.0361948519048776	0.0257917014221535	95.89126693819591	0.0
0.3881580539315537	1.020793246489441	0.5831589483532797	0.013627904769892396	97.99426184645583	0.0
0.6710344748446017	0.7064512064001658	0.17996960491318664	0.008546643826135432	98.4339980700159	0.0
0.6375038218161633	0.860549280968598	0.2546261968974586	0.005448682435189659	98.2418720178826	0.0
0.3249987288286088	0.761506421897972	0.3594725441134736	0.0038772933208661604	98.55014501183909	0.0
0.15398624301633207	0.33721207504185086	0.19925325928804874	0.0031895563057052954	99.30635886634808	0.0
0.13506168788475817	0.5068654777912642	0.15577398923816793	0.0021383393560925317	99.20016050572973	0.0
0.6240494315339189	1.2952172025735735	0.36082969233685347	0.0048429579438739765	97.71506071561178	0.0
0.4907906006137788	1.210125601158349	0.47746951890154826	0.002601438647823835	97.81901284067848	0.0
0.3654106312110438	0.6930956508998201	0.4105932719261489	0.0032731617880331016	98.52762728417494	0.0
0.2177380359799288	0.3050652662810834	0.11767581764284216	0.003099343744739984	99.3564215363514	0.0
0.5085938448194983	1.1649965720361155	0.782026904868393	0.007803190286989835	97.536579487989	0.0
0.819679846378137	1.6891993520078732	1.7215843200595486	0.02078925856891786	95.74874722298553	0.0
0.530742154853263	0.724545433879294	0.5048872099338891	0.011526222897265024	98.2282989784363	0.0
0.6645742531562219	1.2535529431829375	1.2835862020857287	0.03043995806267752	96.76784664351243	0.0
0.26109810710882647	0.949049573069022	0.8768624319978756	0.027029586852183967	97.8859603009721	0.0
0.43078889433057366	0.6088980076106325	0.14221678811889094	0.01490314385993375	98.80319316607998	0.0
0.9777526697560774	2.070439465317842	0.5347777595332981	0.06340910391509197	96.35362100147769	0.0
0.3529645410466156	1.2342068350368944	0.30100881991938566	0.08330213671659115	98.0285176672805	0.0
0.5893776916785343	1.3365905114358085	0.21846236069648714	0.17633507049094033	97.67923436569824	0.0
0.7924632505341336	1.150029667308441	0.1969662849848211	0.1933519325141179	97.66718886465848	0.0
0.5683964234670504	0.9992898648191662	0.10722472322426012	0.08772003109752387	98.237368957392	0.0
0.31177804985093105	0.5174118598098829	0.09877942205946033	0.07555671137832129	98.9964739569014	0.0
0.336369047534088	0.5065406359655292	0.08556301489300353	0.07869160754289636	98.99283569406448	0.0
3.6640699835315873	1.30895243320527	0.37662041780910627	0.4139178568525431	94.2364393086015	0.0
1.9232899042526779	1.241538366221954	0.32983221139074925	0.14350887232564516	96.36183064580896	0.0
0.982031249841012	0.9073947399913986	0.12967482270921768	0.04247354799276152	97.93842563946562	0.0
1.5095688245670649	0.7833395197332763	0.35224481446097194	0.016718162294810997	97.33812867894387	0.0
0.43965219447941095	0.8440970474802556	0.12804485295125725	0.008348360179518594	98.57985754490956	0.0
0.32291316227925076	0.6202255054239417	0.2529418056036842	0.012477805479507354	98.79144172121363	0.0
0.2514412792766409	0.5773110797292677	0.12967369101044862	0.020359259222757126	99.02121469076087	0.0
0.65679998600846	1.713594446158872	0.22917145217254564	0.046469058782572466	97.35396505687756	0.0
0.7746113964620781	3.202781933776543	0.39785309382228423	0.11277569440756405	95.51197788153154	0.0
0.3647170283156749	2.1828257633575014	0.2000171349560506	0.09324060107314718	97.15919947229763	0.0
1.0458966448436886	2.7594448935357176	0.18928970747397333	0.19467376278303744	95.81069499136359	0.0
0.6237288460242243	2.222900172087884	0.1044449686240014	0.10986743286356948	96.9390585804003	0.0
0.5019090223831459	5.393704705151752	0.5901585381713569	0.29713013483786993	93.21709759945587	0.0
0.335583659457535	3.361519069383078	0.24657426074033414	0.20579141961627462	95.85053159080279	0.0
0.5706266597376977	5.315102527753841	0.3441067039924632	0.3199216529609657	93.45024245555503	0.0
0.45871302944708525	2.645188763176218	0.12150438458959614	0.20816324222440608	96.5664305805627	0.0
0.2852310232004961	3.091481350875109	0.13756754212419037	0.10163712490758897	96.3840829588926	0.0
0.6525694465630913	5.486827857777643	0.1067507452379222	0.11354138300768853	93.64031056741365	0.0
1.1816922484675252	4.7587248261447845	0.11859158987832226	0.13705002745122002	93.80394130805814	0.0
1.333290900921326	3.1169012681535744	0.11262903458141782	0.03791692612705029	95.39926187021663	0.0
1.1201593118806616	4.993443450469486	0.1391309886971815	0.09562621257376609	93.6516400363789	0.0
0.3506271593320364	2.694969981369466	0.23108877107156173	0.07777309091196465	96.64554099731497	0.0
0.3421769749769399	4.459354861104069	0.34310483581417855	0.22873520062742497	94.62662812747739	0.0
0.6618551410812223	3.6446649007420624	0.29927674271357574	0.23422774352280762	95.15997547194033	0.0
0.28943846452415223	1.1169141314892628	0.07316523331328789	0.12142698890686401	98.39905518176644	0.0
0.23691908588573027	2.5153946250332617	0.5774457820733333	0.05738081632708923	96.61285969068058	0.0
0.1556674907512513	1.5478911934048984	0.18670208495029877	0.030870575540399802	98.07886865535315	0.0
0.14472056545363413	0.716547727971419	0.1369295299727136	0.016781747059065714	98.98502042954316	0.0
0.15424128507594462	1.0694976980640554	0.14779979536644539	0.010427473193260104	98.6180337483003	0.0
0.6098694915677149	1.0483723396462306	0.15573291019386695	0.10273598237172926	98.08328927622046	0.0
0.816224023214277	1.2193534287363754	0.2083467848568187	0.011829386725729151	97.74424637646679	0.0
0.5207881009539195	1.37404037822726	0.31094944256190926	0.003532054313144348	97.79069002394377	0.0
0.5373521340016703	1.3728090427432675	0.34244734724005255	0.004615586160251989	97.74277588985476	0.0
0.19700565038048481	0.9013471809689702	0.15968353709763175	0.00229289315084253	98.73967073840207	0.0
0.751548055563801	2.243793149165488	0.2381451206726528	0.0046815481542873535	96.76183212644376	0.0
0.781449052503121	1.1899000132812925	0.17579681281957665	0.004169401002268514	97.84868472039375	0.0
3.0873443997157937	1.2289755438873438	0.41222101888095913	0.0104103927294387	95.26104864478646	0.0
0.8108151654290803	1.0552664941492	0.05560747587859526	0.008672453194868387	98.06963841134825	0.0
0.6138951879816801	1.569979587958747	0.24151995985969796	0.04376328003172586	97.53084198416816	0.0
0.20381586256364106	0.24882506114320677	0.02737703771062766	0.013293909830771448	99.50668812875176	0.0
0.4480514633346197	0.24349476086271632	0.06691938747700141	0.014469483941333657	99.22706490438432	0.0
0.5737858436792537	0.5202956179292837	0.08844969958843184	0.05693754305863517	98.76053129574439	0.0
0.5979459183914593	0.5270692131488504	0.0639095968307911	0.03574146403739304	98.77533380759151	0.0
2.8299232705096253	5.327600602416418	0.3632412990870703	0.3962499808263663	91.08298484716053	0.0
2.877839233807087	6.445085560220129	0.3021902218184557	0.7160650292671066	89.65881995488722	0.0
4.426323798785123	7.063820893173775	0.7696998100256535	1.0530373611395658	86.6871181368759	0.0
3.552767634205906	8.011650988994136	0.629517084172553	0.9877001415073798	86.81836415112004	0.0
2.5483546618128803	7.382613915495323	0.28059066940924243	5.481466949497907	84.30697380378463	0.0
2.307952529648853	25.461587574676596	1.8362072897487043	6.6491689630064	63.74508364291943	0.0
1.7613470336416348	25.102961847830873	1.4075336391340654	4.687491572524042	67.04066590686939	0.0
6.434155178963599	25.745204559843692	1.3903336566462827	1.9932083871078567	64.43709821743857	0.0
1.8972821798239927	5.986658729461366	1.6117854759093788	0.6536589061335201	89.85061470867176	0.0
1.920929130904448	2.5237251714294766	0.2679681024535122	0.22260969416257717	95.06476790104999	0.0
0.6791014927282338	1.0798689237647723	0.12387977242440214	0.1347807988030234	97.98236901227956	0.0
0.7737859551051933	1.1779580062601616	0.16019522238370495	0.196165490220193	97.69189532603075	0.0
0.8220241898966396	1.1265383819228596	0.13320305340118893	0.23651537533538458	97.68171899944393	0.0
0.3806817422617981	1.220607512664686	0.11130988913961659	0.3254852325923755	97.96191562334154	0.0
1.2777158711261383	1.3536870249512996	0.5734765047013938	0.6351941373852998	96.15992646183587	0.0
0.9363570804558741	1.6084701705054618	0.12036961616511298	0.6544968606621734	96.6803062722114	0.0
2.4094581748664465	2.1458182216796753	0.14936485601344326	0.6498093737517944	94.64554937368864	0.0
0.8937399070140345	1.9813679304705432	0.12466039633573742	0.6831355280035387	96.31709623817616	0.0
1.6577777082256582	4.377123755343745	0.19942472100463365	1.272507684708653	92.49316613071731	0.0
1.6266166133138409	6.525769961616253	0.3044123622688128	1.3941599714138049	90.14904109138729	0.0
2.8059228227542365	14.194383024219684	0.46508575659653534	0.950311229005031	81.58429716742451	0.0
2.1220684737832807	6.176961029536895	0.1398687279313006	0.43462464261932543	91.1264771261292	0.0
2.7179053263333626	3.35239150273939	0.08732468479928227	0.09701291130964954	93.74536557481831	0.0
2.1951276849606183	2.089307298883691	0.06210991900067849	0.08580911289051446	95.56764598426449	0.0
1.5916072560953052	2.4184329362139327	0.15512168131782883	0.06099803148020193	95.77384009489273	0.0
0.7160246315914753	2.0746552679420183	0.0695596656709638	0.07461585642709843	97.06514457836846	0.0
0.6734637035259056	1.300769207495081	0.1070208062175157	0.03858890513732	97.88015737762417	0.0
0.9229016358141082	1.5649921822839326	0.10032300469095118	0.12307443236040187	97.2887087448506	0.0
2.979288510861743	2.520494505468662	0.2908289965637278	0.1442532863381337	94.06513470076773	0.0
1.7341225740389064	1.440276472045932	0.15832081752633664	0.11325411464503932	96.55402602174378	0.0
0.33832549917139215	1.096409364533069	0.0659438581371542	0.14735932748745295	98.35196195067094	0.0
0.373037469369266	1.4937264576285394	0.07904984193546981	0.09787443082091937	97.95631180024581	0.0
2.316737052262849	4.803557958631086	0.12181560216509323	0.6132527228059815	92.14463666413499	0.0
0.3548570616456466	0.962988721955382	0.08964031768547526	0.20239834769991707	98.3901155510136	0.0
4.0259478855833635	5.158445886948977	0.1333823515245113	1.2866055630870712	89.39561831285609	0.0
3.0119382488837165	3.1115415084704225	0.03362503327847657	0.6577666781183027	93.18512853124908	0.0
1.0611260299920104	1.2621610427039751	0.025243159780507375	0.19469010267995457	97.45677966484355	0.0
1.3215489623656305	1.5462649966549014	0.24660146430188337	0.49272796037197686	96.39285661630561	0.0
1.1815305127514961	1.1709222423649956	0.20873869240523457	0.14344426736140237	97.29536428511688	0.0
1.1469159157815525	1.4353622442885678	0.569076143796935	0.2218026697707991	96.62684302636214	0.0
1.0312731521264367	1.2278148098749937	0.30859715956681405	0.11225716710488505	97.32005771132685	0.0
2.1181765876521172	1.1485518368970082	0.20991721376196157	0.03415177541577547	96.48920258627314	0.0
1.4617585562158903	2.0134362872134255	0.3223547230590817	0.06350560717782333	96.13894482633378	0.0
0.29865612162709143	0.29534095630350166	0.05394793087380625	0.011456052338961636	99.34059893885664	0.0
1.2763510629405517	1.6144891554313894	0.9129608339581232	0.039994358207080936	96.15620458946286	0.0
0.768191199570729	0.8543978254566563	0.4404305465245303	0.04103199673957538	97.8959484317085	0.0
1.1498118554793009	2.018835595287494	0.2588160948816147	0.10620592354983949	96.46633053080174	0.0
0.38871240790034245	0.8354694969521311	0.13936723798319486	0.2597248111609666	98.37672604600336	0.0
0.49278470720753476	1.0589210455411608	0.14973349494158716	0.5986908389906844	97.69986991331902	0.0
0.10355742099760679	0.07190576810267806	0.01310823960904389	0.07782000316162908	99.73360856812906	0.0
0.6524043359495691	0.5568839573529478	0.024719446377578874	0.3109603782699678	98.45503188204994	0.0
1.1864445813270639	0.9701194446417973	0.0568971397665275	0.36162280740929914	97.42491602685531	0.0
3.163263863144268	3.5389327348068815	0.07312309167126732	0.7863239350634605	92.43835637531413	0.0
1.1090409212059358	1.6429012446866083	0.07608089095350812	0.6827059455609226	96.48927099759302	0.0
2.4824117413710165	2.73208888697763	0.29621272912046	0.4015978305926476	94.08768881193824	0.0
1.3082058899965516	0.9863884302467681	0.06704459069334824	0.28420187806402375	97.3541592109993	0.0
0.7201830061988274	0.862820076052322	0.03997313716998966	0.25430940132405017	98.1227143792548	0.0
0.9794769086279702	1.4458332374064014	0.14125256743106368	0.16955323924342652	97.26388404729114	0.0
0.7140566803510411	1.1244824948383747	0.17025112993005637	0.23723050909782573	97.7539791857827	0.0
0.30247466323475225	1.4953178832572267	0.24672080912597422	0.1714228214743453	97.7840638229077	0.0
0.704661536750261	1.91275994197775	0.4609902655323238	0.02300907015124252	96.89857918558843	0.0
1.1103449126372118	2.217794004441694	0.2645147497591948	0.014705101449008318	96.3926412317129	0.0
1.6797675825249239	4.5987798108394635	0.3292499029194134	0.03754383328075713	93.35465887043544	0.0
0.7931612054467725	1.5240658918881689	0.1390081183264153	0.03049456903890442	97.51327021529973	0.0
0.8659395377479026	1.9776808775934245	0.4929251018139083	0.14192889869943892	96.52152558414532	0.0
0.6925248258983304	1.448680794772173	0.09378859255196212	0.0695360290382346	97.69546975773929	0.0
0.9549825014935035	1.584711470656292	0.40975834981981896	0.06415891635023564	96.98638876168015	0.0
1.1449585789773664	3.1348813520523	0.7855423539821562	0.04745057420604013	94.88716714078214	0.0
2.2643030314983337	2.7166245090611465	0.9240967560822851	0.02341840577211056	94.07155729758611	0.0
1.5899210782262467	2.4516726064766035	0.9467600464801936	0.039207119086236183	94.97243914973072	0.0
0.7376346783693987	2.2234235167444654	1.1095644516171745	0.09430525006796839	95.83507210320099	0.0
0.6712777293266358	3.5323566817165615	0.9852833645478655	0.1755175044213892	94.63556471998754	0.0
1.090812948719714	5.138038956967712	1.9351552688598814	0.21311836906176204	91.62287445639093	0.0
0.367457314698178	2.321506792916226	1.1746263515888886	0.09214781674422796	96.04426172405248	0.0
2.91818371285566	7.244312243670821	4.274000174660422	0.22829497772094912	85.33520889109215	0.0
0.8826626491227131	1.9225205188074042	1.2135919852209183	0.20341113277544998	95.77781371407352	0.0
2.3717671478945173	6.033839591720139	1.378622549719281	0.5764781050270288	89.63929260563903	0.0
0.9104353218059368	2.3610040718421645	0.43378177841601206	0.35381452622195897	95.94096430171393	0.0
3.7591318024690006	8.862455648514228	1.3138536480553842	1.9825964994504643	84.08196240151092	0.0
2.852114341105192	7.217635428795252	1.7776916107554892	2.529618210165003	85.62294040917907	0.0
1.9111440043529375	9.24243233726914	1.4941585201092769	2.0415998431672517	85.3106652951014	0.0
2.632414560743353	13.736986525781	1.6098494106764751	1.8802765772319436	80.14047292556722	0.0
1.7391812903357013	9.342800416400426	1.678910016043023	1.4189295477610935	85.82017872945976	0.0
1.6423213670610153	17.39701541892067	2.564918044613681	1.3076838680170444	77.08806130138758	0.0
1.0216306145822762	6.201524232638348	0.7719120552702939	1.0923309477997405	90.91260214970933	0.0
1.144812434821525	5.8380067002198075	0.9429607527131215	0.9714740424038968	91.10274606984164	0.0
0.7341970907906271	3.6968830333256446	1.0436815041056677	0.976295473163823	93.54894289861424	0.0
1.0264494618996711	2.8260211779380966	1.5173299618970995	0.7275988692720493	93.90260052899309	0.0
0.7009905096479545	2.871400393287683	0.9247455093486703	0.7244893855724761	94.77837420214323	0.0
1.037051500873034	2.399803561585333	0.24771944879726573	0.8520690209961355	95.46335646774823	0.0
0.6674781150362299	0.6557655881627221	0.05005104645571727	0.6666629232480482	97.96004232709728	0.0
2.1374316214322007	0.5399546668892182	0.07182633669158506	1.6715938360084348	95.57919353897857	0.0
3.6229844547168812	0.6913694078967558	0.3970172944456486	0.5504071345510373	94.73822170838967	0.0
14.138559893564903	2.727595631950354	0.3500832032724922	1.5934159189184252	81.19034535229382	0.0
9.990222938292021	4.958969519687005	0.42977935297119474	0.6041018919561355	84.01692629709365	0.0
2.9869672365283684	3.027473678622015	1.316455289356395	0.4949190836787305	92.17418471181449	0.0
5.58905303077049	6.365024456265285	3.410765578128837	0.7582533983852323	83.87690353645016	0.0
2.859159154464431	4.154016319241263	0.9207089465475077	0.2034174792711916	91.8626981004756	0.0
1.2929979010788972	2.5705446673215784	0.4390810544733159	0.09429655686148027	95.60307982026472	0.0
2.5812481890999495	8.18446610934654	1.2034918108692136	0.22793694301252448	87.80285694767176	0.0
1.9129526824161296	6.292806114019502	1.634170899346141	0.12713181514058586	90.03293848907765	0.0
2.7357133748119926	6.167031783812848	1.974557570046195	0.10439493660572109	89.01830233472324	0.0
2.5201353698620172	3.822681775733041	0.751284280661727	0.08218945647080618	92.8237091172724	0.0
2.7587013290180846	6.02598074326361	0.9946740637566148	0.11248477059283479	90.10815909336884	0.0
1.5979611002121634	2.7940042370728384	1.0935539650670951	0.07068090477530836	94.44379979287258	0.0
2.914200321953141	9.220135427670954	0.8702299647411288	0.09331275031340569	86.90212153532137	0.0
3.1335202695404845	11.369496892555615	2.123474489324101	0.08586419658787683	83.28764415199193	0.0
1.7916734224398292	6.065195230475607	2.7026572081813196	0.05269886023219017	89.38777527867106	0.0
2.053792223540081	9.72446942001369	1.8619291785302052	0.09589173010492229	86.2639174478111	0.0
3.6678997562902778	15.044526180245738	2.804630351522692	0.15446726345659698	78.3284764484847	0.0
5.090735556796636	14.157615039767974	3.0037510137592283	0.1875790766027477	77.56031931307342	0.0
3.865755214204984	17.089147425034476	2.8600732373820255	0.1468839502773799	76.03814017310113	0.0
4.305133083355037	9.65015422267832	1.2564491554436148	0.16645558718877482	84.62180795133426	0.0
3.1044435185067814	10.584017828998055	2.9561092960095037	0.12898874552983663	83.22644061095582	0.0
2.178040788574202	7.019931274466806	2.2444402996304853	0.08740322582253937	88.47018441150595	0.0
1.5398345974551908	7.909133608716017	0.9563697610118774	0.04888701028396901	89.54577502253295	0.0
3.684150493368309	11.062334187620298	2.5181493970243056	0.07269406762219378	82.6626718543649	0.0
2.4493847684899697	10.119520315465119	2.224689609662695	0.030551347792876986	85.17585395858934	0.0
2.3342828352514724	4.419309019694583	2.149199062068038	0.023080445585441207	91.07412863740046	0.0
2.2862621758202013	3.8148208580507257	3.5257269028699647	0.08733859935898826	90.28585146390013	0.0
0.8721935805074382	2.4787772329281603	0.696978161353435	0.017141580054786876	95.93490944515617	0.0
3.032578469096636	5.175320901033801	2.462004506158492	0.05908163351878169	89.2710144901923	0.0
3.6882806106666832	4.837604290229548	2.751649688862915	0.08263445248721184	88.63983095775365	0.0
2.6440854499257607	6.584553372061333	3.005732131043998	0.1255813213668778	87.64004772560202	0.0
2.12789176665523	3.8458242446467117	1.2813184079831146	0.06584580480957482	92.67911977590538	0.0
1.24859564739031	4.35558435945755	1.3553774669372953	0.06150084775354023	92.9789416784613	0.0
1.4512819394074032	4.203250039457632	2.3243432567678735	0.09725919085590705	91.9238655735112	0.0
1.2673799711165583	4.321798963605937	1.427786004448368	0.028739482327847496	92.9542955785013	0.0
2.2882874982991503	4.608377983713984	1.2783165582457763	0.01705343675742818	91.80796452298365	0.0
4.686789055249413	16.116553008830962	6.307113324698312	0.061517132048563836	72.82802747917275	0.0
4.631563392556143	15.920864949099942	4.648074736987123	0.06925604210757562	74.73024087924921	0.0
9.980287028319239	14.340970330656258	4.788075473303626	0.09828210502240224	70.79238506269849	0.0
3.0711997944590994	7.381508667525987	2.0167030961764665	0.031238638411482892	87.49934980342697	0.0
1.505124002812386	5.864731294951689	3.440230123929075	0.03153507238372461	89.15837950592312	0.0
2.0749674797390414	8.863669817626278	5.058888902981624	0.03393484588550339	83.96853895376756	0.0
0.8529816055447359	4.7170496469871726	2.177758289645012	0.021954432279015366	92.23025602554407	0.0
1.4052033563554496	3.7678256987303835	3.9009976909061947	0.032098587973672	90.89387466603429	0.0
1.8348987690629075	2.6739777525678514	0.6538217999636469	0.07995023938663898	94.75735143901896	0.0
1.427255587823522	1.7616368220084382	1.0499182968390453	0.032570216746298536	95.7286190765827	0.0
0.9728200744871793	1.1824549514719433	0.5730645536631465	0.05342686582301665	97.21823355455471	0.0
1.6113957396838967	3.89238146121649	1.6831737939131766	0.07419500927294807	92.73885399591349	0.0
2.800235627768942	3.53926554664489	0.49826764200939144	0.13853161407130074	93.02369956950548	0.0
2.2206705876030375	2.955366781240992	0.4694495017507634	0.1189644876743787	94.23554864173083	0.0
5.117550518397369	2.950744129504997	0.5380474548541059	0.33480198965213215	91.05885590759138	0.0
3.915919347046718	2.561674076742302	0.4225948245932011	0.23238845247405293	92.86742329914374	0.0
2.1110969126095265	4.710612783462471	0.3262991761711832	0.3402437413602375	92.51174738639656	0.0
2.3454835737907462	10.861598860910892	0.7977830127451324	2.6050374461120422	83.39009710644117	0.0
2.725457078498924	3.3327171474825494	0.18182198730528606	0.6281376556260087	93.13186613108724	0.0
0.9291693922644444	1.3997033077440502	0.050577306856768554	0.3439543879798835	97.27659560515485	0.0
1.6687010524017647	2.4831637301737217	0.10501637586475833	0.53880633668304	95.20431250487671	0.0
5.959899237927938	9.171667543846128	0.4092265821896746	2.5501063625509928	81.90910027348527	0.0
2.9094775137604842	3.835398366173882	0.22091998777882274	2.42426167608793	90.6099424561989	0.0
1.0316514382036635	4.2313074560108195	0.15182424276357012	3.7463433999394544	90.83887346308249	0.0
3.3781603935742783	2.787340964315867	0.3646243691978762	3.8066866279194174	89.66318764499256	0.0
1.1307574712301098	1.366412911844202	0.0675988989629875	1.43254633901592	96.00268437894677	0.0
6.029124353299166	4.784577383027129	0.3037973661351319	3.231972958325762	85.65052793921282	0.0
4.812245462006419	4.55209303870787	0.15596761847343432	1.292034351141893	89.18765952967038	0.0
5.119631379995564	2.483100476025536	0.02978685631560548	0.9037193494368299	91.46376193822647	0.0
2.7232731012958955	1.8578787127117518	0.042869814627829184	1.7379302657123823	93.63804810565215	0.0
0.9814855581491927	1.2215205712475519	0.032940637021364086	0.9385624220254929	96.8254908115564	0.0
1.318663047647806	2.083596400627064	0.06882249124551026	1.9197058260119217	94.6092122344677	0.0
1.927802656665482	3.911950081674415	0.22506423304884038	1.1865587051006337	92.74862432351064	0.0
4.684426382098533	5.521711974376527	0.4715384940949954	1.7330404855482817	87.58928266388166	0.0
2.8614350766490344	4.812747936724299	0.6748764791770933	3.5193595159425883	88.131580991507	0.0
1.4363049784650745	4.196375256427356	1.5739445125606482	1.249194026236498	91.54418122631043	0.0
1.1915923447039374	2.9931064638731084	0.27825366869391244	0.4729101225479013	95.06413740018114	0.0
1.5051369754228168	2.992894596870604	0.32740667042636723	0.5403062604534585	94.63425549682675	0.0
2.942192823570883	12.693552701644162	2.308569171527886	1.2008759369202744	80.8548093663368	0.0
3.008287467881408	8.27756726530137	1.3725167685448254	1.0968136631407948	86.2448148351316	0.0
4.552539057804263	11.127421994211732	0.6103721640369028	1.4877249808503923	82.2219418030967	0.0
2.8291509512602664	12.494230871391425	0.5894975304022557	2.2075324303419115	81.87958821660413	0.0
5.583251642265735	16.025872588781873	2.0751702855014074	0.8887812036043728	75.4269242798466	0.0
1.5338716765132927	8.637783652496545	0.38144006686023235	0.2640465789781937	89.18285802515173	0.0
3.8416066017469386	11.765323079343359	1.7205641585580849	0.5956014930669635	82.07690466728465	0.0
1.0562840866157652	4.357065600682096	1.4054079762688396	0.34727090688025686	92.83397142955305	0.0
10.883748663933755	6.316794159192921	2.672883123388017	0.06712706620297718	80.05944698728233	0.0
2.5766809817656577	4.4315145301753835	1.164182979305221	0.033790418968879854	91.79383108978486	0.0
2.505607493807701	2.394754042102968	0.9110018801290442	0.027074764084213408	94.16156181987606	0.0
1.7847656216818175	2.582376342197399	1.9153750162540557	0.03796353966018428	93.67951948020655	0.0
0.5159130486347638	1.8158052932696296	0.5414433302826316	0.026338072244214795	97.10050025556876	0.0
1.7257631784691025	5.368194153027312	0.9737967755906488	0.10203950863341774	91.8302063842795	0.0
3.907254360908976	10.382519519151874	3.319216498404362	0.2000302285747725	82.19097939296	0.0
1.87642733101362	7.525043404086921	1.2340754525178754	0.1580803440528036	89.20637346832878	0.0
1.9472975528752803	12.47805443114681	1.936333965970357	0.5713977546611014	83.06691629534645	0.0
4.81834566920263	12.292662181178631	1.3531311788249292	0.5498241945868948	80.98603677620692	0.0
1.5727317327519152	8.313265655129715	1.1775364680240903	0.7389825413826071	88.19748360271169	0.0
3.17860819249109	5.8785279720746395	0.9956771484648685	0.9258550824126709	89.02133160455674	0.0
3.404813910479877	11.862199577476918	1.4225795109575758	0.6548707424085971	82.65553625867703	0.0
9.153157326875409	9.461270885785776	1.250275110397492	1.6887001215323056	78.44659655540902	0.0
2.5274830303516143	3.7383969656011673	0.3621921133303891	1.4481136378405977	91.92381425287624	0.0
3.3280123418873897	3.9720390679743063	1.0747493880711885	0.9158168471841711	90.70938235488295	0.0
1.607149838596728	1.5341535282994427	0.028187945338003572	0.35795183838108885	96.47255684938474	0.0
1.018307918478616	1.284371547439656	0.05066110832015068	0.3885150338302305	97.25814439193134	0.0
1.0344182176500492	2.4016889440247833	0.04175780921353068	0.21034825227686116	96.31178677683478	0.0
1.6150018588505968	2.75316676163061	0.02822441434472967	0.27949553315322945	95.32411143202083	0.0
1.1807525907388217	3.3336895286558748	0.08032189071579	0.26654908569346913	95.13868690419605	0.0
1.0882856453831122	3.21875195583445	0.13282049809047922	0.267402935583877	95.29273896510809	0.0
2.3513028851492392	5.039441481748294	0.7125668070191773	1.7616048823678399	90.13508394371544	0.0
2.371152242601999	2.887925852080701	0.13947679639598898	0.7650747203316633	93.83637038858966	0.0
2.473333183818011	3.579130701275959	0.09299464531447699	0.7486868484118737	93.10585462117969	0.0
3.430465714288238	4.4952507183904205	0.04155173956388178	0.887830747526099	91.14490108023136	0.0
1.0404733639976755	0.7370208284518707	0.007385367205522896	0.31449489014230275	97.90062555020262	0.0
2.4388816550806403	1.4062035267060558	0.04843603946670428	0.6482324788992527	95.45824629984736	0.0
5.600354445753938	2.53067090321218	0.06168333364521209	0.8749238835508233	90.93236743383784	0.0
6.839700799511249	3.571796807019948	0.1257158174103642	1.3262626782942484	88.13652389776419	0.0
1.401576529769208	0.5193155782298335	0.022383602167815153	0.2515702760047335	97.80515401382841	0.0
1.126916683812063	0.6803344632858128	0.07039596331109828	0.3734476972417056	97.74890519234933	0.0
4.749007451255839	4.093642358374597	0.15736877475519936	1.8542895077013437	89.14569190791303	0.0
1.0860458772894284	0.7793364548892386	0.02178056493093114	0.9640679243438515	97.14876917854656	0.0
1.778223150084785	3.768009730719125	0.09349097041375601	2.7967663779141816	91.56350977086815	0.0
3.7124080008992317	4.497762833547533	0.09217177542834117	1.830818452374441	89.86683893775044	0.0
1.087460746008974	0.4754869862773326	0.10013733653036665	0.543128995708706	97.7937859354746	0.0
1.0028204431404313	0.8013767925104153	0.024615285608012592	0.3297749277656028	97.84141255097555	0.0
1.378603613874951	2.13286653983587	0.11664454559105408	0.5697595058848554	95.80212579481328	0.0
1.244774022072601	1.4011393564474155	0.26634625070131845	0.9704109942195998	96.11732937655907	0.0
1.05077729632465	1.9706231080235979	0.23274518710779749	0.2045528673114253	96.54130154123254	0.0
1.301140299459425	5.833411157114234	1.3852953245074038	0.13779074766853655	91.34236247125041	0.0
1.4627021489573073	5.128285672251643	1.3894268054542902	0.1288713564797643	91.89071401685699	0.0
0.8705348569900264	4.2721955008610655	2.68309410505547	0.05423919158429586	92.11993634550913	0.0
0.39554143843523054	2.575258706770574	1.7966015607226664	0.02588343339489593	95.20671486067663	0.0
1.162280301881312	3.9738701800387357	2.969450448026137	0.03477691922485664	91.85962215082897	0.0
0.5980683057792169	1.7485230330714123	1.3058709944594202	0.010211761377210016	96.33732590531275	0.0
0.2777539054501941	1.0111972607067978	0.4125225766743039	0.004135111045758702	98.29439114612295	0.0
0.4943829068905266	1.782504466153317	1.0315310967179887	0.008699874065418368	96.68288165617274	0.0
0.38332604600484954	1.703967151480224	0.5988400773259767	0.008121474044735217	97.30574525114423	0.0
0.6125847091005017	3.3329716362900856	2.626270908136959	0.02029372395859034	93.40787902251385	0.0
0.6682323629087888	4.980228746685006	2.7726534190693015	0.014116997594020908	91.56476847374289	0.0
1.5571687150638738	7.575462052412848	3.409821534467409	0.04827685283043016	87.40927084522544	0.0
0.9809751635723856	3.8157927146276456	3.1393904740801997	0.03750445242641838	92.02633719529335	0.0
1.5974010268733871	5.0611027839755725	1.7890908699828056	0.06581907114204152	91.4865862480262	0.0
1.275625135903252	5.446059611752103	2.3796409670519405	0.06417779328206347	90.83449649201064	0.0
0.8877876831258864	3.3872119298689065	0.5913360450836787	0.08155310008382133	95.05211124183771	0.0
2.0085422538785527	9.273012186402644	1.072915719373955	0.26390180574567434	87.38162803459917	0.0
3.7920730791817583	14.553685939850928	1.4541860141016831	0.49745966877482106	79.70259529809081	0.0
3.491629204830814	9.362109374428263	0.19914096367457923	0.6198380499281118	86.32728240713823	0.0
1.8296701205208734	4.534824371967982	0.3109260732329195	0.4211692405895166	92.90341019368871	0.0
1.5206675418400415	4.876760647515649	0.3006361613405928	0.20579462811503824	93.09614102118867	0.0
5.820243656438757	9.707365204654286	1.4909672373232845	0.06891728183649078	82.91250661974719	0.0
1.6231492364638813	2.122695130030681	0.31632775022396364	0.04428647392800807	95.89354140935346	0.0
0.7375273870690608	1.4780829330181597	0.20317718239055926	0.07055678764844084	97.51065570987377	0.0
1.009664334337567	1.2135945487161708	0.1397235551064554	0.0654423280390255	97.57157523380077	0.0
1.747066581040009	1.768312355121491	0.5381346968288242	0.18174500036391403	95.76474136664577	0.0
2.0872263196371823	3.184447531698103	0.13728171379207169	0.5551107499336425	94.035933684939	0.0
1.2452852589530514	1.5518679691646666	0.302052200054339	1.0941320809019197	95.80666249092602	0.0
0.5795687899360431	0.41686676744284	0.02725139349220888	0.45194640401870967	98.52436664511019	0.0
0.2160764899493454	0.15670835350981832	0.010583716796166742	0.13608640351746748	99.4805450362272	0.0
0.15198397380910764	0.24302757931976643	0.020580637571867896	0.7718138632721323	98.81259394602714	0.0
0.4076107568958746	0.23869147634152788	0.012929626852823235	0.5413429853466802	98.7994251545631	0.0
0.37776220982709047	0.46088903931874253	0.008360156418241324	0.8270842419764797	98.32590435245946	0.0
1.7020489498100428	1.33048480046058	0.0309799817410205	2.9371768739779083	93.99930939401045	0.0
2.469672704564612	1.9032955730746748	0.03989406634473337	1.6498266908339398	93.93731096518204	0.0
3.714939659860038	2.588117147995199	0.03128471855000622	1.1313143815798568	92.53434409201489	0.0
6.661450311713052	1.7803407203090778	0.05408320980323565	1.767687763139381	89.73643799503525	0.0
10.141915464529935	6.8884403969494	1.128519638995012	2.736020004418273	79.10510449510737	0.0
0.8829816963574296	0.5586268884853858	0.020120155014790055	0.18798217451321877	98.35028908562919	0.0
1.1212498062975018	1.2891088959636747	0.08099823697251102	1.368974251761785	96.13966880900452	0.0
3.227224681087442	4.383060419247149	0.20642559810210684	1.9194001888890015	90.26388911267429	0.0
2.9628435118596785	2.8376667082057017	0.2948901856421353	2.9423700848967416	90.96222950939574	0.0
1.9465899377144416	6.4703996166018936	1.2693332944135853	1.4733041910731544	88.84037296019692	0.0
4.747089388866456	13.397899639866537	0.5205172427447649	2.882089824803706	78.45240390371853	0.0
2.5013708186411563	19.306148248089055	0.74481585768537	2.4747056086244137	74.97295946696	0.0
1.1088737909111206	2.6028614287785605	0.5238425553047985	1.958898117106648	93.80552410789888	0.0
4.402918915677202	8.401138512731713	0.3248739211708381	5.307135766083572	81.56393288433668	0.0
1.2568226363415378	1.963897623047396	0.6877787770752087	1.7416742976107444	94.34982666592512	0.0
4.218237927618404	2.3853025672492167	0.2395352823796993	0.49302926224875376	92.66389496050392	0.0
1.0819284566716392	1.3200715601924367	0.22041046706427989	0.2853878881949445	97.09220162787669	0.0
4.465338980959038	3.927350507267049	0.37052003885096696	0.31559293917751247	90.92119753374544	0.0
2.359646950179724	2.29699797750335	0.3893059195288065	0.1296872406115925	94.82436191217654	0.0
3.635906560090907	4.510923654316209	0.7597707506054836	0.8262045079282391	90.26719452705916	0.0
3.5436448832597174	4.9573058320923185	0.9052280522589674	0.23709955281238565	90.35672167957661	0.0
3.3647746383652097	6.008211611188009	0.9916419456444078	0.2941700670408594	89.34120173776151	0.0
3.8454819499563317	2.0949492044192026	0.5601090309513612	0.20245403483038008	93.2970057798427	0.0
4.65851215037075	3.3576199422923594	0.28858653606888285	0.15062748142306742	91.54465388984495	0.0
4.082673836865976	4.535072598075148	0.9071752731709258	0.17398683948484844	90.3010914524031	0.0
4.664845877854067	4.216030401737983	0.5869521284151482	0.45512424273460556	90.0770473492582	0.0
4.456119155460661	4.528821827737536	0.07297942469953163	0.3483108238864638	90.59376876821581	0.0
1.7945990496184856	0.9779866955615575	0.06233041702321376	0.20608966023975256	96.958994177557	0.0
1.8898648026364349	1.1106651726088523	0.05465630370523694	0.25727739472005656	96.68753632632942	0.0
2.2295451944460725	1.2875631386357278	0.04991467546018822	0.43728562218392886	95.99569136927408	0.0
3.8281766426153663	3.1000462582585366	0.06609836841005308	1.0297422164729406	91.9759365142431	0.0
0.5161158691948977	0.6561255817376197	0.014469162843341847	0.5029422894164141	98.31034709680772	0.0
2.140423495932813	0.6472285396654346	0.04264235646983603	1.156216083790712	96.0134895241412	0.0
3.1226479585970113	1.0997859055475336	0.44262237795117754	3.6064873666239143	91.72845639128036	0.0
4.615613223585309	2.042986772974906	0.21540918488596444	3.428212097781682	89.69777872077213	0.0
3.7083294711587675	2.3394792099887587	0.15390343474470167	2.1063364676869267	91.69195141642084	0.0
10.10573810803547	7.130502152920923	0.25868879729348493	7.3074029316068225	75.1976680101433	0.0
4.502611123459416	5.858034504357389	0.32566045882166966	2.474520088899616	86.83917382446191	0.0
9.097604469238139	5.372263913065068	0.2944350457776681	2.280127820347805	82.95556875157132	0.0
2.0813924662654224	3.535323433441526	0.26072791888064456	0.9215208093750916	93.20103537203731	0.0
4.305689712466304	14.595652217068695	1.0224868474955982	3.814802092805483	76.26136913016391	0.0
1.3869705729317732	2.4597558746766643	0.44239751502862845	0.7376524988333186	94.97322353852962	0.0
1.5098230518350428	2.536315376664788	0.2709999887885999	1.016091431073608	94.66677015163796	0.0
0.795733660683317	1.2832182318013414	0.09214749971211002	0.634502369507717	97.1943982382955	0.0
1.3701613340870729	1.0943917628508282	0.07663999341649427	0.5930490128052535	96.86575789684035	0.0
2.035387824319095	0.8763805489988934	0.027066262493071435	0.6648439668402647	96.39632139734869	0.0
1.8521070647550864	1.272834623176841	0.01189430177645283	0.41694497182102086	96.44621903847059	0.0
1.478997162186508	1.1788193445786337	0.06526508410684397	0.6393507223679205	96.6375676867601	0.0
2.819809971099835	2.854267334183237	0.08277049907345539	0.5140971291729095	93.72905506647056	0.0
9.307134398412357	2.6293903644691077	0.61598032137972	1.6810807348318697	85.76641418090693	0.0
2.792933940262969	2.43060544891502	0.13506225535504504	0.7849939302544325	93.85640442521253	0.0
2.0540115900187046	3.3506249673648227	0.3447037051137014	3.5577766013178747	90.6928831361849	0.0
1.2531500141541232	3.0371694889810947	0.5410695885824923	5.351709763984027	89.81690114429827	0.0
2.9904195014879162	3.7024590924801237	0.7815625145869162	3.9617672323683206	88.56379165907671	0.0
1.4833879189936368	2.237948707530722	0.17982958500352575	1.989367304913843	94.10946648355828	0.0
1.7315343627767483	1.6263344805755173	0.1270476523310575	0.2671190518804219	96.24796445243625	0.0
1.8486979308427136	1.26508952732505	0.14363354310062418	0.5332073690175269	96.20937162971408	0.0
2.0090560233452455	1.2248080296533932	0.6475045994536506	0.4069946531986347	95.71163669434907	0.0
2.0488358352593528	2.667817190709775	0.6502851639507948	1.3749679410194084	93.25809386906067	0.0
4.567795438210886	3.420081609619903	0.441051248630212	1.348278511137396	90.22279319240161	0.0
2.6679937092920687	3.0595812938424793	0.4845738256900825	0.7117935266887371	93.07605764448664	0.0
5.922914342434138	9.884538846752127	1.5004817024871775	0.5546022000709748	82.13746290825559	0.0
3.3676420525750026	3.6620920554744933	4.24061204842296	0.15666866531824414	88.5729851782093	0.0
1.7085907972443637	4.536508472678847	2.291335312008326	0.15136281960906756	91.31220259845941	0.0
1.315432752390274	7.098116780017243	3.138566485161283	0.12937770604354804	88.31850627638764	0.0
2.631990954927167	4.4276795569633975	1.3490814711608243	0.13684408722172	91.4544039297269	0.0
3.26070863905443	5.824808004010515	1.8531406564326967	0.074382005456821	88.98696069504554	0.0
4.489521509438457	4.180718603646136	0.9523456932942524	0.12042344809710802	90.25699074552405	0.0
6.500065382781598	6.299614812533965	1.3460420631715366	0.2192257005441727	85.63505204096873	0.0
1.17371806031903	1.3256177695536437	0.811497468685805	0.03273891999475362	96.65642778144678	0.0
1.5470008957304604	2.222485961762774	0.7719872120471092	0.11654868405764995	95.341977246402	0.0
0.7929847279345188	1.7693930275551577	0.7455276061093806	0.08804687147659815	96.60404776692434	0.0
0.9579923044803971	1.3149148337830705	0.49201645253775766	0.11409717177599198	97.12097923742277	0.0
0.7947744014089536	3.1176159662367144	0.45712439073163047	0.21773400187936912	95.41275123974332	0.0
1.3659665948381452	1.9653982852477925	0.5164358637266565	0.1730880268818383	95.97911122930556	0.0
0.33106117576412525	1.0322141269162155	0.23999052427228668	0.5696417431462057	97.82709242990116	0.0
0.07988900435040479	0.12957908745642008	0.036908055972437986	0.23778592167145876	99.51583793054928	0.0
0.11917939782651733	0.1673765562881916	0.01393293799307743	0.2815052152493188	99.4180058926429	0.0
0.2102870511655248	0.38742709046741475	0.009012018649682913	0.9182852302410452	98.47498860947633	0.0
0.4966295348695102	0.8718094514680681	0.00989576975591748	0.6210574146068347	98.00060782929967	0.0
5.408125320969417	0.9846907158991425	0.0091327623488028	0.9755155407977518	92.62253565998489	0.0
2.7607333650791364	0.8173422815353104	0.007958856627587324	1.0069349902159728	95.40703050654199	0.0
1.4164106975334565	0.6129740446176115	0.0054711128926554125	0.27813969123323457	97.68700445372305	0.0
1.8316579023524298	0.8219481375927502	0.0200611141323507	0.6087844300172588	96.71754841590521	0.0
6.680823649019812	9.412536316044397	0.020650313425688904	1.454264700783952	82.43172502072615	0.0
1.912446347782811	1.4998790802847501	0.019741557533596507	1.055365316035656	95.5125676983632	0.0
0.36767339217466655	0.3111233962721828	0.0054637933871997954	0.3527048366907003	98.96303458147524	0.0
0.7078256078811774	0.5799137767482156	0.026153049523282356	0.6599923263667562	98.02611523948056	0.0
1.8966488646119637	1.8115899766388819	0.03405367948414692	3.3140538765781504	92.94365360268687	0.0
0.32808102360578006	0.6211036182220876	0.05263433096716815	0.7653366952475136	98.23284433195745	0.0
0.9996905924898084	2.3452517340954664	0.3547612568229566	4.894141611232277	91.40615480535949	0.0
