N1	N2	N3	R	W	anotaciones
1.541700436790337	5.4688386141214265	0.5402014639939845	16.151071379695555	76.2981881053987	0.0
6.443920546610722	4.808329353847539	0.19789551725509633	2.7700240985719344	85.7798304837147	0.0
4.227931274834967	17.67437979282518	3.230286778059783	2.9050784320072958	71.96232372227277	0.0
4.875324024514368	4.943906844330729	0.7768881924037719	4.301304661666867	85.10257627708425	0.0
5.002871459823692	3.6048923975111444	4.4711669276624715	0.9380537651897969	85.98301544981288	0.0
3.543178266612189	10.325847851543854	10.777649322548328	1.7999587362624705	73.55336582303316	0.0
18.624619916881528	14.999824085115499	6.084220590696166	2.481145763179199	57.810189644127604	0.0
14.771082135536814	7.204285180351694	1.3967482850071458	0.5022097191879402	76.12567467991641	0.0
17.31616082234104	17.799682366967865	0.24776979962188128	2.9887971303083747	61.64758988076085	0.0
5.256156290603716	4.494108488700323	9.71665169779869	0.05404357006779059	80.4790399528295	0.0
3.0672334579703047	3.2271273240498464	1.2209471883009648	0.18825665216354545	92.29643537751532	0.0
7.36737123144752	6.553248911077232	6.877736147966661	0.26300158004247876	78.9386421294661	0.0
5.5005412969188	10.919310119561763	14.491773588759504	0.7718022491418339	68.3165727456181	0.0
1.7714148365169984	4.730004988522356	4.58018907977471	1.5872071293072363	87.3311839658787	0.0
1.7253388350150827	9.043406307627407	5.149253472596199	1.049682713908275	83.03231867085303	0.0
2.693000426572103	12.007111320707637	5.178363115918083	0.5854441606626284	79.53608097613954	0.0
1.6223495619673747	5.3696672283411555	3.844002559267242	0.4380134831314211	88.72596716729281	0.0
0.799767617638021	5.6560758036194905	3.904991339308371	1.3157994637928456	88.32336577564128	0.0
0.4855983902943054	1.810043803606881	0.713652380430559	0.4128465455114001	96.57785888015687	0.0
2.6779014933682377	1.9984955219383487	2.69881283771195	0.2098264205648063	92.41496372641666	0.0
1.1381748852558442	3.265073669080161	1.0173948628827423	0.38547350214666154	94.19388308063459	0.0
3.382917502551658	4.245057203356762	1.1197015146746863	0.9318041245725318	90.32051965484436	0.0
8.219591432975193	10.363600490425789	1.8808324228284594	1.6595813309922385	77.87639432277832	0.0
5.955487485898062	3.8844328447676753	0.9796289435181609	1.5817268924859507	87.59872383333015	0.0
2.6503843446864956	4.117338944827127	1.409363746398379	6.385048022208392	85.4378649418796	0.0
3.121143891340177	2.8941617028238285	1.267648535910464	7.189327162962653	85.52771870696287	0.0
3.665406587407917	3.468138536240078	1.214205753960799	8.322595864310335	83.32965325808087	0.0
1.9100734957269554	1.5068235152672886	0.7656494379625346	6.5478310230607395	89.26962252798248	0.0
2.250853017226909	3.0888887240339837	1.011383970493537	2.9499920670534583	90.69888222119211	0.0
1.3776055305129238	4.233269824495556	0.8297500509399307	4.36638620290069	89.19298839115089	0.0
2.353639358042401	3.7568068181318566	1.719348886080109	3.151275701442233	89.0189292363034	0.0
2.3347109622368594	5.676640199489849	2.3200088138843578	2.193527032885001	87.47511299150392	0.0
3.4403720068298456	7.412190133068713	3.4926874929993037	2.6588532748610447	82.9958970922411	0.0
1.9911225417004283	1.7276013210967691	2.3231507807132106	0.60845911255937	93.3496662439302	0.0
1.836439955743617	6.867611178175799	7.377719183116114	2.4329659746777135	81.48526370828677	0.0
0.720957045783137	1.899805146726458	2.1396048417103755	1.4535835060215123	93.78604945975852	0.0
2.297132804539371	22.66941498120812	14.602817017213566	3.1176381299105866	57.31299706712836	0.0
1.0056947291631186	20.744574407928486	13.877018925122922	2.571034050991737	61.80167788679374	0.0
0.921781022713291	22.333755332312705	17.19283654349185	1.9392270914614145	57.61240001002075	0.0
1.7068542285904653	10.027428572785409	13.887756148005852	0.9722677576748183	73.40569329294347	0.0
2.685311096649241	14.388651280409976	16.109201595524535	2.8116661636958815	64.00516986372035	0.0
2.940880092648063	18.883727622592517	19.426928773909466	3.4642007602927607	55.28426275055719	0.0
0.759796110279071	11.184717463086757	8.001249241199835	5.540886993888601	74.51335019154574	0.0
0.8993002260319097	15.889468985186506	26.245043448536393	10.100942778195332	46.86524456204986	0.0
0.32131894624889346	5.096631238642329	16.172923682728772	6.780999206741875	71.62812692563814	0.0
1.836335102855631	11.319852038433071	25.488915070362232	11.954149007659073	49.40074878068999	0.0
6.124256895358633	16.830147719453254	28.41368297448182	5.958032989410429	42.67387942129587	0.0
7.354939598264666	15.90477378859457	6.772626292528708	10.61599637935047	59.3516639412616	0.0
3.0163648790007995	13.725734731462797	5.7863015409995375	12.91200746789507	64.5595913806418	0.0
3.2649537386840835	18.110377380361204	14.784262094258713	11.602448296443493	52.237958490252524	0.0
1.4123751865049539	22.100747420979534	14.903637611176332	23.988822592980323	37.59441718835886	0.0
1.9760074095449824	18.9548150350727	11.275760853232628	31.516932167329344	36.27648453482034	0.0
1.9455078400493597	12.14462369260646	3.3123307229252283	66.01064344110769	16.586894303311276	4.0
13.32237680485754	18.64952557016456	0.1892357173912872	9.419841418527506	58.4190204890591	0.0
9.151752459263239	7.783546034100046	0.46303527118806265	49.607434479407374	32.99423175604128	4.0
6.155535195322362	20.152825945469406	3.0961362020604866	10.597842268493986	59.99766038865375	0.0
3.2506105146775974	19.084406238595125	6.6305775669126295	14.68577586258259	56.34862981723205	0.0
3.110836489833895	13.068722631151031	2.0335657751378537	40.1523246831708	41.634550420706425	0.0
0.7231990129953556	6.61251946511876	3.7234966546685366	36.51426681303862	52.42651805417873	0.0
2.870281566567396	18.020407848718232	5.695959977164117	17.80256254653346	55.61078806101679	0.0
4.196538081019521	24.475674423819363	9.979655669672677	6.336663161636921	55.011468663851524	0.0
2.916540708730801	18.639068564265905	6.109715003725592	9.454590107715214	62.8800856155625	0.0
7.488344124284339	21.5093511817856	5.5441044506267305	10.43025797208713	55.027942271216205	0.0
4.498191342877051	13.216127692856281	3.784543409274794	14.214186918081428	64.28695063691046	0.0
3.85776834852454	10.793040052151648	3.105036112482889	12.62886695468786	69.61528853215306	0.0
4.409623692804521	28.806109188650492	5.006236749815232	13.400579417878236	48.37745095085151	0.0
2.668521498978561	17.207597885672214	4.505390445404901	28.379189108069735	47.23930106187459	0.0
3.2806402004490387	11.097323738347256	3.2669371811591774	26.673520151998737	55.6815787280458	0.0
0.7523480633817563	6.951545903381071	3.657822148801519	37.93077019385812	50.707513690577535	0.0
1.9391297514252899	16.609074126628308	4.5853169427237415	33.049334354009844	43.817144825212814	0.0
0.6509030525638612	15.120253149722377	2.307779299060528	25.932896800562638	55.9881676980906	0.0
1.529036278396264	38.71710392904315	3.0113238115395586	20.679397719964772	36.06313826105627	2.0
8.958824054626112	30.432984219394477	2.5747703604303696	9.278551985022164	48.75486938052688	0.0
5.416048180598286	11.008310586657444	0.2767819046532939	3.2152430452912557	80.08361628279972	0.0
6.360802421939042	12.428500615596905	0.3386713564342763	12.305902759110895	68.56612284691887	0.0
11.50903609498117	14.880837255362236	0.6038658037216007	11.151623113760937	61.854637732174055	0.0
10.64161703045148	8.981726442036026	0.38164656801466396	3.6972870029300857	76.29772295656775	0.0
5.305819101712034	10.498499560284817	0.49759591634285844	8.881525981551777	74.81655944010852	0.0
2.1018425593571184	8.543019361877036	0.3659357536579846	8.915461325005944	80.07374100010192	0.0
3.548412669783183	11.140155947395098	0.47161063252443525	5.479502530248721	79.36031822004857	0.0
5.377392690908808	6.597103658104084	0.6273009436570139	4.464091816236343	82.93411089109375	0.0
3.4721310509973238	17.913914341787937	0.32348255611273063	6.62014709175703	71.67032495934497	0.0
18.55064507459653	16.78592074440446	0.4875163950487408	8.139661441924135	56.036256344026135	0.0
9.525236879420506	7.537104928692469	0.37805115199565414	21.267614141408707	61.29199289848266	0.0
14.044550412709752	14.618082737556875	1.435556565551305	16.878603059801254	53.02320722438082	0.0
9.056776790858382	42.4189443303576	2.8720737971472	13.042289057615925	32.60991602402089	2.0
1.4567725920681656	21.769145742469398	1.4730843159391673	33.94979927092683	41.35119807859645	0.0
2.374285090612672	9.21200252573867	6.394285035324507	47.64493706729731	34.37449028102683	4.0
2.2368285200010543	12.738568380421164	2.3921642965351553	22.572553782204515	60.05988502083811	0.0
5.545605742767867	21.933868260302102	0.8413043126069154	17.03653913891987	54.64268254540323	0.0
10.834847271974136	32.47877723056146	1.1697053179766141	9.945618045943547	45.57105213354424	0.0
24.511144391651797	25.673665784286353	0.7588549370767096	26.436392402624225	22.61994248436091	4.0
27.30196263413807	45.41605948963226	2.7892095641404913	7.865198106728346	16.62757020536082	2.0
24.03666497014233	37.997823704204976	2.3835664977975757	13.802530770978649	21.779414056876462	2.0
10.167098352833698	60.65319718329143	0.849215992384754	10.947946855395413	17.382541616094706	2.0
22.780341416109316	48.86574333137923	1.7297558784160196	11.43447121817208	15.189688155923367	2.0
16.801767391199864	27.731242741843808	1.1414563404478562	13.833049764471797	40.49248376203667	0.0
20.282412418412477	36.381791648600874	7.54353266255747	4.928353126057134	30.863910144372042	2.0
10.22584131597155	28.33911164476965	1.8102501001785107	16.836641762635686	42.7881551764446	0.0
3.3809927894924505	19.811606043114693	3.075165457281593	30.09665347499154	43.63558223511973	0.0
2.1011301486978953	52.1998530191254	6.766830736294714	10.731413437144777	28.200772658737222	2.0
1.7790154298013445	66.78451031452846	6.220107793556169	5.316971072849042	19.899395389264974	2.0
1.8189589174333123	33.51681218726751	10.906284270175453	18.144718967441978	35.61322565768175	0.0
1.2877840891282657	34.51097616697794	10.789356208705613	19.11687484736204	34.29500868782614	2.0
1.701434461928995	34.94390285644458	6.388054511301503	7.244365723898348	49.72224244642659	0.0
1.9009499810881298	21.142821835558593	14.787858976686719	9.945546161082703	52.22282304558385	0.0
1.4525264296783869	36.62540210586118	17.583972729057542	12.923055542657668	31.415043192745205	2.0
1.547596024779981	35.13360714373433	22.121962977779706	4.398603846690978	36.798230007015015	0.0
1.3653258871901968	26.464437493274552	33.81733213097888	2.423045927559273	35.92985856099708	0.0
2.3338000407649067	19.456984978141	24.218368211355465	3.00587091870471	50.98497585103391	0.0
1.4749746163986581	17.40429670579233	11.745429729011981	9.568370036995958	59.80692891180107	0.0
3.8341802807021534	22.33678882550894	8.915432348378797	8.071688167909159	56.84191037750094	0.0
1.6197114999120699	28.433435107003724	11.778689743645772	6.9324065373282115	51.235757112110214	0.0
1.4316059589006043	24.589879070876943	16.144256221792293	12.724462839650794	45.109795908779354	0.0
4.113628352209187	32.073961836854295	5.6053531092106095	10.664316225703692	47.542740476022225	0.0
5.6367341202965155	10.111978777763731	1.400287559236148	44.47182753247677	38.379172010226824	4.0
20.721497140334222	12.408946468917561	0.19244231561757708	43.11050897427338	23.56660510085727	4.0
3.755933357701994	3.2125498864547763	0.2699068478893756	56.02241808877023	36.739191819183624	4.0
4.356745408838643	4.00944219573438	0.14679020044294466	29.288209950337308	62.19881224464672	0.0
4.884644796583984	4.584688840629394	0.2403369006832667	24.4058616548909	65.88446780721245	0.0
2.940028965604929	9.644591574967183	0.4975362699281943	7.2161362739054065	79.7017069155943	0.0
0.6817039058645916	6.488621228853407	0.2601062316174248	4.2563271651442305	88.31324146852035	0.0
0.3212097645280845	1.2341948664704387	0.9698565478554043	0.42946910015111955	97.04526972099497	0.0
0.21938397883210162	0.7288079017818755	0.31101655668759876	0.17915239754770798	98.56163916515072	0.0
0.23671619018040932	0.5854561804823492	0.05143310867327065	0.2655214897004796	98.8608730309635	0.0
0.5707836196971989	1.2972317633294974	1.1836681364559776	0.32789755438902735	96.62041892612831	0.0
0.9265320073621356	5.474195595378541	0.04318767188537536	1.608393108005716	91.94769161736824	0.0
0.9969921996510289	2.592213867779421	0.06869951709579178	1.7398245780490647	94.60226983742469	0.0
1.1712923306926004	1.6334114308409746	0.2787688701763163	0.2009619804801827	96.71556538780992	0.0
3.6253049442730507	3.032644810600844	0.13152600204987838	0.2989416808787332	92.9115825621975	0.0
7.380865045847903	3.3074632657246257	0.5901278159634841	0.361554032220796	88.35998984024319	0.0
7.028744972508148	10.856094506625285	0.8454390611786834	2.353961149230287	78.9157603104576	0.0
15.71212623998815	20.826124165382172	1.1959014269991373	2.675523517560171	59.59032465007037	0.0
2.7238612223447447	13.796892810235947	3.3799671679080685	1.128964753451792	78.97031404605944	0.0
2.8090614535170366	13.382324942083413	2.7408033047757496	2.6181079921154726	78.44970230750835	0.0
5.254899855315533	6.569530549610176	1.586335337167501	1.013349398004627	85.57588485990216	0.0
2.4719865103305523	24.074223708782107	0.9625004156953505	5.434600718102854	67.05668864708913	0.0
7.3802329881964726	39.608892800267455	1.277111195078831	7.532671979985149	44.20109103647209	0.0
7.507454319723227	20.144686182765806	5.269240443647309	5.800426192954254	61.2781928609094	0.0
3.313054627280353	5.652456329986907	1.999029235797094	1.1928485746625095	87.84261123227314	0.0
5.362225792523918	10.853037040857627	3.349494723107345	3.7593324057043715	76.67591003780674	0.0
4.661461503053902	8.644516535437969	1.2426514840223646	2.3080152516127836	83.143355225873	0.0
1.9504331679457625	10.824455957708375	4.475194040052528	3.3139589831662195	79.43595785112711	0.0
3.702591578431259	12.447212905025102	4.582756975610519	1.34643397841825	77.92100456251487	0.0
0.9400017742160403	9.633218326884466	6.53820096085635	2.285754727942529	80.60282421010062	0.0
2.9648767860707594	7.141678304996871	2.2864976243881654	1.293041360486097	86.3139059240581	0.0
1.5924022116674434	14.108061982067738	1.8124997098176332	0.9665668737268821	81.52046922272031	0.0
2.8979979368372932	11.780637315638787	1.9907398699661443	0.2605133320359995	83.07011154552177	0.0
3.1656979701250307	4.124028511854441	1.5283353620398787	0.3928242668419437	90.7891138891387	0.0
4.544597403881694	7.73173171969741	7.509351754637188	0.9962247436343203	79.21809437814939	0.0
2.1643958719946115	6.8787076963054945	3.0348407000993753	0.4027511379707623	87.51930459362976	0.0
3.6534585193600364	7.560679870531778	3.0613934234014786	0.36058018841554923	85.36388799829115	0.0
1.8977495259760626	3.08789943907841	1.2888325726497725	0.1845842161230439	93.54093424617272	0.0
7.016672701891699	12.107607939301037	4.078273391765908	0.3116027168521687	76.48584325018918	0.0
7.855050801328309	13.38117528005029	5.850685076539235	2.4019792296746556	70.51110961240751	0.0
6.3830292381288665	11.471159669875014	2.885925483480925	4.8712892339798985	74.3885963745353	0.0
9.360904374977931	21.300846040063846	13.112695342560986	7.053697520219893	49.171856722177345	0.0
3.5931629268856353	32.273240864772994	9.528135936592793	22.507053660594316	32.09840661115427	2.0
3.6767480622518383	33.79879264489107	6.586953487613018	32.7981988009366	23.13930700430747	2.0
4.848778614661558	30.43959848019838	34.17130799587115	15.518794385298767	15.021520523970144	3.0
2.4631429377689047	49.86357784820329	15.38210565868561	20.75169366525711	11.53947989008508	2.0
3.136189405869736	43.92266970552905	16.231682884400957	13.744592387660628	22.96486561653962	2.0
2.7291094123750597	43.5739902255033	23.09410379004159	4.721096684801498	25.881699887278558	2.0
5.163604212932076	39.51127517574336	41.13763125912639	3.635218213728476	10.5522711384697	3.0
16.29644537200459	16.954514517173493	46.51143579979661	2.4307295617799585	17.80687474924536	3.0
16.615855962336454	13.069499605879814	54.525917006716675	1.5031629495793721	14.28556447548769	3.0
26.709127384511255	17.693899845055682	40.13905460219759	0.7526004826760966	14.705317685559367	3.0
5.362743369948126	8.875936526693765	30.84526611952012	0.7935089535595354	54.12254503027846	0.0
8.676559694129024	28.464938794030704	47.261511521880415	0.7369858034982117	14.860004186461648	3.0
6.338044088023522	16.484174702054982	56.789795970121034	0.7306716237647899	19.657313616035673	3.0
5.934632242735271	18.894613647792806	43.240601011572934	1.8144535826693495	30.115699515229643	3.0
14.431896102490722	23.58622291563902	15.413940853596442	3.2301071325761703	43.33783299569764	0.0
24.02859284849376	27.05194668147395	27.187757058747682	2.5355502804011576	19.19615313088346	3.0
8.539183285388848	33.903896668264565	30.05764930765178	3.6898398931636565	23.80943084553115	2.0
15.410177465762462	27.642112686366993	39.00395068974975	5.792182693344861	12.151576464775946	3.0
26.210699852034463	32.40715614434515	30.40685491213836	0.5203655908422853	10.454923500639747	2.0
11.868669366755391	40.94212295429782	38.70802179249091	0.34999364387731946	8.131192242578551	2.0
23.928140393611244	23.111098030910934	9.023701992040277	0.5549928531891759	43.38206673024837	0.0
12.567782022139767	15.288087444950971	3.8046694902014373	0.3073721960388731	68.03208884666894	0.0
29.247438602546588	17.71489483989466	8.618264620027409	0.7756798914112507	43.643722046120104	0.0
23.6803944419481	37.74701422016413	16.919056527911973	1.312658852546048	20.340875957429745	2.0
28.544604490553464	18.651399980109904	12.509914549832809	2.32223947986249	37.97184149964133	0.0
5.103997453364507	38.06569507139365	18.70481059303408	9.219886505562263	28.90561037664551	2.0
3.6076490302439894	52.15746973863552	11.238122089662058	14.290666352174359	18.70609278928408	2.0
8.349752863528764	47.016342174011235	7.01278193886488	4.434107348981106	33.187015674614	2.0
8.39564256371082	35.16279811966893	6.3101345606733235	18.611294786669344	31.520129969277583	2.0
5.761358239180115	25.085252749418917	2.38478030837882	41.889075975339075	24.879532727683053	4.0
5.3551590545145205	27.796231367877684	2.594992900876329	28.447624935531884	35.805991741199584	0.0
5.227834208740314	53.88657037539332	15.63775220094364	12.958564807234643	12.289278407688094	2.0
10.541420592835816	60.24595193824819	14.066483583014453	6.470313238342343	8.675830647559211	2.0
9.692314035247392	29.004212027464117	16.13031881433473	3.7046306861217544	41.46852443683201	0.0
2.409412028073336	52.335144925441355	25.843394585895453	3.803137010880733	15.60891144970911	2.0
5.54744394037985	51.15829628407563	9.144222200133727	2.0590624760596326	32.09097509935115	2.0
2.5312733359440407	50.31990947014124	35.580349439465685	2.1958034413028136	9.372664313146222	2.0
8.034437513759105	47.20588402667198	16.56209228638596	3.1964638030935117	25.001122370089433	2.0
9.38875223649781	46.43746363539979	9.93342062833065	5.371210041625094	28.86915345814667	2.0
3.3796131051291756	29.09330254223537	11.259929243508946	8.260903927738136	48.00625118138838	0.0
8.315343578701933	33.356716086663305	15.589499009746016	8.414509885514034	34.32393143937471	0.0
9.701097572227576	29.46661501166636	15.717056274143518	12.561352263403707	32.55387887855885	0.0
14.105227396219261	22.40572270306009	8.121470804531292	15.178572088268188	40.18900700792117	0.0
7.150091346881475	25.931829738130794	3.9218990340913384	25.26846474895362	37.72771513194277	0.0
6.336225608924213	32.01376387346787	5.941490582086779	25.23906906560931	30.469450869911824	2.0
4.921059774145333	25.09569033938649	5.645733668436241	41.148961241375055	23.18855497665687	4.0
6.533840159950892	20.118772380413763	7.611892358226021	30.019206056983794	35.716289044425544	0.0
4.032731669944392	16.388639432938298	13.30230927236802	29.62380055933731	36.65251906541197	0.0
3.8014232312473544	15.945282718427034	7.836805880094314	11.947492617929028	60.468995552302275	0.0
3.0237960348558643	20.903420777519553	16.96995402132723	9.074908396535077	50.02792076976228	0.0
7.19128594053247	14.736434556102623	13.813090249185542	13.889752443991235	50.36943681018813	0.0
7.890258762722743	23.183425391448434	9.737100079161557	9.55339109286016	49.63582467380711	0.0
12.449148208444711	26.84617284183794	14.21096057770311	17.26719948953795	29.2265188824763	0.0
3.7773730335816915	25.838260160632608	2.82039096488054	25.39663448295586	42.1673413579493	0.0
2.763868051221446	41.90607128297822	13.093171084425578	13.696294602771907	28.54059497860286	2.0
1.0748746340338715	40.523980554406805	21.316976686879208	13.065033195451436	24.019134929228674	2.0
2.6886961414888515	37.93720020724945	19.403652123232888	6.145415456536534	33.825036071492285	2.0
2.569239380594844	23.275488489817935	10.055984270458088	10.143059947562083	53.95622791156705	0.0
1.7303694923776443	33.897154668288735	6.1802497330697586	20.40684108764982	37.78538501861404	0.0
14.817678087531785	44.109350040318255	5.208604851661834	5.281359408825526	30.583007611662598	2.0
12.055477894192794	36.18438915958803	9.008241051957999	1.706220837434424	41.045671056826755	0.0
11.952036740993282	23.598844656425825	6.371647243156225	1.0987024153985332	56.97876894402613	0.0
10.695995086138158	48.82441813745911	10.372120172755197	1.0436549026501643	29.063811700997366	2.0
7.637151222229649	23.968271145014803	9.314564582995857	0.4706811330214353	58.60933191673826	0.0
9.15036610885836	27.0466041028875	4.1140109075461115	0.43851813132395545	59.250500749384074	0.0
6.453537355813127	18.889919184772864	6.9845412550506945	1.1225417536273385	66.54946045073598	0.0
7.727273552840495	19.586451359026842	5.010389867417104	1.006536426078619	66.66934879463695	0.0
4.832308689619237	11.642522848182631	6.451130979045086	0.674539113038584	76.39949837011447	0.0
13.21976580483207	16.758771139014236	9.173189406320867	1.6136476535509356	59.2346259962819	0.0
5.891934933259501	19.376152368239087	19.87221766361683	1.2974640024812478	53.56223103240333	0.0
2.06342131565178	9.454120270948582	8.73428483202355	0.6855184196195432	79.06265516175654	0.0
9.932612182952788	12.410188159028317	9.268810339180112	1.1943839778577527	67.19400534098104	0.0
13.103924765765795	16.735899557215504	9.499916176537736	0.99420276832391	59.66605673215706	0.0
2.782611732828417	11.077589878899962	13.615692464931401	0.9611628421203021	71.56294308121993	0.0
8.11369095118892	20.84532110360706	4.396906247325446	1.4048972593677898	65.23918443851078	0.0
6.214101680371558	15.937969403738855	4.238401616739151	0.5361457954791904	73.07338150367124	0.0
4.0814355622120875	5.6265803538028605	2.952943015542689	0.15227989645428397	87.1867611719881	0.0
8.011900296387966	3.697467924694388	1.883954990390558	0.18420955005280143	86.22246723847428	0.0
7.431198990160818	6.027295824877195	3.731584050042216	0.17034532748164166	82.63957580743812	0.0
10.616701655630777	6.306315906678793	2.6050453844415244	0.21007346453543116	80.26186358871347	0.0
4.146829830164856	2.2620325865889215	2.8909769936513703	0.10176713683054364	90.5983934527643	0.0
17.027517042031707	5.142207994332326	3.1926498680305815	0.11315077957987545	74.52447431602552	0.0
15.216905091602309	3.9703859872120364	2.903020863740077	0.14299449448788196	77.76669356295768	0.0
9.637626588776502	7.8626382458441615	7.898482206991431	0.2872683763036877	74.31398458208423	0.0
5.9566924199616444	6.964355426198028	6.9652989282958195	1.1526026389716664	78.96105058657284	0.0
5.50304483538425	12.86420755365688	7.0670390475710745	2.3518696224212925	72.2138389409665	0.0
2.6004719572624784	12.72677446078824	11.092834806593418	13.831848233710343	59.74807054164552	0.0
6.913782009676458	14.8174265433761	7.032136821700089	10.969742848484167	60.26691177676319	0.0
4.100922255740599	14.84384685070785	4.828981651866453	3.6299930097919666	72.59625623189314	0.0
3.9223301959798866	19.482070912222632	11.444418525556868	3.462569945175621	61.68861042106498	0.0
5.775689883853003	21.19645043368831	13.560083972514022	9.842408354692298	49.62536735525237	0.0
2.368662372422048	12.853925096489297	14.403966596811003	6.8611880185409575	63.512257915736704	0.0
6.206750939212792	24.93502507940936	24.29319956258281	3.4948659258756343	41.07015849291941	0.0
7.810563834378471	18.154482338959905	7.870149810347893	4.301571961561831	61.863232054751904	0.0
12.907072532732972	16.60877524636716	8.934858621608285	2.6935895689546365	58.855704030336945	0.0
18.128786458773423	17.160666567741618	10.328117726881453	1.1643900736478108	53.2180391729557	0.0
4.992740743083448	11.039928010016531	22.999010089351472	1.778170893366501	59.19015026418204	0.0
3.401825355796699	18.057757754399645	29.17389028159217	2.7348219058625567	46.63170470234892	0.0
3.381744283847464	14.236108520125725	22.39531755164593	2.431984912782322	57.55484473159855	0.0
2.097322971448091	29.262612922424182	11.079707360781116	4.151207852174245	53.409148893172365	0.0
5.139544452235613	11.842405325308027	24.070303158326617	1.2795631807655536	57.668183883364186	0.0
5.923987281051746	13.575332278798827	7.506748978633482	6.189885497673297	66.80404596384265	0.0
3.3169550458241712	10.483655060103668	6.323031727359679	3.7205139718328257	76.15584419487966	0.0
4.347310306061043	10.460375008052463	8.776422968266685	6.836645519799244	69.57924619782057	0.0
4.969989900251959	9.846169908992918	8.111991648209079	2.532948086391652	74.5389004561544	0.0
1.513801465637815	6.645236392035262	6.671774728488811	5.796019424483537	79.37316798935458	0.0
2.2435147818794094	5.099444077458541	5.856653916183269	1.3705926764768692	85.42979454800191	0.0
2.455141008657238	10.735361516643003	7.417286090576914	0.6572455274905529	78.73496585663229	0.0
10.058072139629873	11.576706072960045	21.5479696420349	0.9515641624852504	55.86568798288993	0.0
15.460572198516678	4.471180540314251	11.638924689419065	0.2577064410342058	68.1716161307158	0.0
6.8067917175266235	14.31315793084573	11.45983199933992	0.8603641228702068	66.55985422941752	0.0
9.668471649741477	17.941640172143938	8.42306120676118	0.6785058710951749	63.28832110025823	0.0
26.93067834409475	24.820358428555895	10.485987591162361	2.4569574846646005	35.306018151522395	0.0
22.427242832903932	26.508961119394826	9.802398726620964	2.289028683330569	38.9723686377497	0.0
20.114700984563864	37.58484314865844	15.374708528532816	3.631566880215733	23.29418045802914	2.0
8.593005953615915	23.541345017263218	10.716462981253457	7.420725226797906	49.728460821069504	0.0
6.727486458145475	12.785660736347193	17.87658771689862	8.318771128264046	54.29149396034466	0.0
6.962502128479627	21.981465933327726	19.997741781167804	4.788377516811023	46.26991264021383	0.0
6.312814283921894	19.082304738551752	37.55247174312193	7.768640158366404	29.283769076038023	3.0
6.648100529860845	14.400126450386882	26.942272340775453	5.952432582193302	46.05706809678351	0.0
4.466501239622268	10.60276642269565	34.00581857922575	2.635176973565102	48.28973678489123	0.0
5.80183140094313	16.287914102629824	18.35577484956613	3.6537623981114695	55.90071724874945	0.0
8.808606242280264	21.136057455078664	24.43077295737114	5.344390522907393	40.280172822362545	0.0
8.316907788510184	26.377067166929923	20.857869716838763	6.832957340064576	37.61519798765655	0.0
8.534623604964585	21.84692205334977	17.484979160089548	9.00414601678174	43.12932916481436	0.0
3.372420299950711	16.715543614322144	30.657563944656513	8.08985603191347	41.16461610915716	0.0
7.488651950363553	23.624699229410375	33.16450220068259	3.7929740994757224	31.929172520067773	3.0
5.389022615513298	24.621072973448253	31.93084009149898	3.7309675510090123	34.32809676853046	0.0
5.8314587262100055	26.843547044969952	28.714152354696417	3.100364863099466	35.51047701102416	0.0
4.8359990168373415	17.93131217150334	20.627271870082964	1.4163573907634754	55.18905955081288	0.0
3.7990814282081953	18.132566938401578	9.851865620809587	1.4915924039215835	66.72489360865906	0.0
6.04701705990154	13.738257528320416	18.598488813156226	0.9725348942558875	60.643701704365924	0.0
16.96297024562949	20.764631448836475	9.986753778784141	0.784455645824206	51.501188880925696	0.0
13.0863956742994	17.46628121665666	5.5759285007647845	0.7629137743537151	63.10848083392544	0.0
16.378547805427353	14.58397150776943	11.138688171929461	1.0050125933698497	56.893779921503906	0.0
7.340217909244778	26.24508873167003	12.417529508648247	3.88046833592078	50.116695514516174	0.0
9.360217547712004	23.769389327963985	13.228487964370844	5.029763176581849	48.6121419833713	0.0
2.543595622549922	11.57238380763443	9.497662412373124	1.8933959131158467	74.49296224432666	0.0
1.991140556833311	9.807610026615018	15.741934495849977	5.127570614856198	67.33174430584549	0.0
5.216268106809721	14.6450142275603	8.81613419280043	2.0728580243951122	69.24972544843445	0.0
8.587880516638533	14.403381419661448	19.61504358584441	2.4694373604375546	54.92425711741805	0.0
4.872274497860659	13.186387018306966	22.384857370131943	3.55409752594407	56.002383587756356	0.0
6.239011697310741	17.592593647672565	11.601161387424382	2.9706263868538905	61.59660688073843	0.0
7.050369708834485	13.689544708335344	42.75754174769145	1.3252891821618504	35.17725465297686	3.0
10.135168973133679	18.599469034906733	19.722042640089086	1.8911928033840402	49.65212654848646	0.0
20.55593662899765	28.558050935854943	7.858655593184255	2.2721863689392734	40.755170473023895	0.0
12.132468248418549	18.969642539640073	9.79377537718253	1.9089830578963474	57.1951307768625	0.0
16.2644937015877	15.83959978240827	16.694777785427682	4.075193188105579	47.12593554247076	0.0
6.982422429782306	17.57063741455936	18.74161552676628	7.59196710057928	49.11335752831277	0.0
7.85160347870566	27.00285693622999	26.608687849409307	7.281038856087046	31.255812879567994	0.0
7.010917587773177	28.096387625019293	29.000261657391246	5.799099472597646	30.093333657218622	0.0
10.260779049532122	35.90542461504741	8.813676408000761	2.394201644865156	42.625918282554544	0.0
10.160708784154341	22.760686917816393	18.875249179454627	4.011094789086663	44.19226032948798	0.0
15.93366286736523	32.57002662574535	8.47771301808785	3.633607694194447	39.384989794607115	0.0
9.265076078446379	62.298983169910905	2.2893585580949884	5.401570379824937	20.7450118137228	2.0
3.182137846345149	51.18898359080411	4.771501014786852	1.825839358737509	39.031538189326376	2.0
3.3058500470867718	44.70003585551907	4.643516779131781	0.9836297252156065	46.366967593046766	0.0
19.20125076133577	61.33390706811229	2.5545578097813415	2.4300486255818727	14.480235735188717	2.0
7.947328935846068	32.94723070566648	2.149022218176917	22.359398714744824	34.59701942556571	0.0
9.003470830041907	25.920822360494043	3.1155593021561656	23.76745517611366	38.192692331194216	0.0
7.548985227475953	20.40086316329461	2.3053983102044073	11.93867930308479	57.80607399594023	0.0
9.699538383892857	29.656188258354817	1.9322951096497083	15.154092673613198	43.55788557448943	0.0
34.34517463546874	19.903848784386017	4.432530647028294	11.37984375428836	29.938602178828578	1.0
29.37963217789157	26.907753555422502	3.8305782179487955	13.053875804754892	26.828160243982236	1.0
46.536196466478685	17.063017201123408	2.1735282869397814	8.03620965822564	26.191048387232495	1.0
10.909623366368706	20.080427034855923	3.357726603002129	2.351921975065597	63.300301020707636	0.0
5.846066720759714	58.38591947469748	3.27585242131052	2.5854265183559004	29.906734864876384	2.0
4.286634410026028	34.57740911668465	3.6106944341180607	9.004641657457586	48.520620381713684	0.0
5.145770348890572	45.10413771106387	8.381829924647308	12.552363850087517	28.81589816531073	2.0
2.1447025984041437	46.40787180709719	3.2217227729508635	32.79520811269918	15.430494708848627	2.0
3.153065705821169	49.569406302012304	6.158496461708126	23.189569869362206	17.929461661096187	2.0
7.417958415510151	36.38797053413388	4.566727243527288	7.380298292848646	44.247045513980034	0.0
8.997575787808199	20.35635330913678	3.518212384964358	7.35754519019244	59.770313327898215	0.0
12.010327587601486	17.28862982453317	2.2626000177767986	6.181888808840893	62.256553761247645	0.0
14.315688074517086	12.85337364205451	2.6049900807539177	3.5934016707101106	66.63254653196437	0.0
11.830976503130845	18.391552845801186	1.176042435460766	7.903776729315977	60.69765148629123	0.0
11.87004969246097	24.707643178733573	9.406448412153482	15.109764972977288	38.90609374367468	0.0
10.324939885550515	30.921894760990526	6.024469052220339	4.535390895846771	48.19330540539185	0.0
12.237500533192884	24.758875350151882	7.451766675632718	5.1371514630073865	50.41470597801513	0.0
13.075996978737589	23.12739595970714	2.870140211765089	7.736946831901646	53.18952001788855	0.0
4.464157763152756	20.231624503992833	8.269428443061921	16.7376746423699	50.29711464742259	0.0
4.538858614635126	19.27257512353315	5.077564887259934	27.649041259791712	43.46196011478008	0.0
2.54231585405222	20.051719786347334	8.840170021698327	12.8727795366644	55.69301480123771	0.0
3.801703436373339	21.31927460312016	3.1199714572624218	23.63132370195988	48.12772680128421	0.0
1.554252848974362	7.85733613165875	7.7408584338068325	7.475201999391443	75.37235058616861	0.0
5.838408046988672	11.449970436909211	5.982034404472022	7.348171295351093	69.381415816279	0.0
5.820088421736121	7.044527855538929	2.001865862632143	3.0214768626976687	82.11204099739513	0.0
9.76303772424621	8.252658275883178	2.094412378633561	4.500857976095774	75.38903364514128	0.0
5.002556067206533	3.7469063575728807	1.969698090418475	0.9755553509320695	88.30528413387006	0.0
9.088284294347202	10.974872159923414	5.731309909300898	4.190154874357754	70.01537876207074	0.0
4.213610385935692	3.8400819800309405	3.3436536698297146	3.4296208782409887	85.17303308596267	0.0
4.024997426491166	14.407192267315654	4.249347525954807	20.629672672326947	56.68879010791142	0.0
4.624018676453368	10.715934705460093	3.999788091055977	10.653979214519186	70.00627931251137	0.0
3.638683122760459	11.129929503343252	4.781038352524038	31.136097600897468	49.314251420474776	0.0
2.471549004297183	9.573332274258414	2.2781765630002453	60.077491173852614	25.599450984591538	4.0
1.9237189184151842	16.722545394224795	10.796408287966184	19.10712041422093	51.45020698517291	0.0
2.4269880228498355	13.134211363519702	16.79175623699542	29.86134575599742	37.78569862063762	0.0
1.3035782724359966	28.30478197444264	12.644368983502977	25.942474599292552	31.80479617032584	0.0
3.308722742344356	19.144857275513008	7.812952768974535	12.540569300023078	57.192897913145025	0.0
6.9804703729419115	17.22728577880913	4.888173322942607	8.128575205245752	62.77549532006061	0.0
27.720230158599474	9.954311868003838	1.3893402904761232	2.491168737793739	58.44494894512682	0.0
11.244589578012967	20.397646476722926	2.568820220023882	1.1935667772643856	64.59537694797584	0.0
6.861046708018479	26.24772923625493	1.0160238995675082	1.4996846920619276	64.37551546409716	0.0
13.707795901250504	21.99424861587229	1.9824716448562545	1.7560182233327652	60.55946561468818	0.0
11.903048017873145	11.733579071433029	2.8053417348977305	2.4404278911873947	71.1176032846087	0.0
31.770119367573677	23.101395315654244	5.530149114565658	5.280473955336812	34.3178622468696	0.0
27.937135142505475	32.631459695470014	2.905979024897759	6.519518214187925	30.005907922938828	2.0
22.670032122993927	32.020951085095454	1.8867479805829874	8.331214807652911	35.09105400367472	0.0
21.69222532203951	37.42553699392433	3.7802496253161517	2.986994567696567	34.11499349102344	2.0
5.38662127100571	21.384082978892955	0.6729129283396763	1.0799165616627944	71.47646626009886	0.0
9.733208210332075	10.313908400743403	0.3741209651362141	0.42530736832078475	79.15345505546753	0.0
30.63337753094202	21.352099883063232	8.881600963162189	0.9450622142779472	38.187859408554615	0.0
38.69101279490264	19.510844342710474	3.7251507764680536	1.291625611227304	36.781366474691524	1.0
17.332082156832488	23.07769717806818	4.188577428039897	1.812979956222654	53.588663280836776	0.0
17.160198712159755	32.204473660457985	5.799075069869413	2.377692804442126	42.458559753070716	0.0
7.66785390770564	48.75903514546218	4.217652922212236	1.737562462839941	37.61789556178002	2.0
6.297615034513044	18.4121649004107	9.542380733406455	2.152146895768047	63.59569243590175	0.0
6.457714450421202	18.317630333962292	6.5661371658883345	2.774437039877984	65.88408100985018	0.0
6.371735905229098	7.24907555460697	4.196180495910635	1.8425081716993623	80.34049987255393	0.0
10.43646982083171	24.371748755276503	12.668381501183903	5.210336659662575	47.31306326304531	0.0
13.293916730754892	14.662784300188699	4.969757960782583	4.860026537340819	62.213514470933006	0.0
5.894192642148602	14.576196652374996	10.438738835571991	3.081899635149538	66.00897223475486	0.0
8.993283443988947	14.24210246346746	7.596876090514352	12.589781332963618	56.577956669065635	0.0
3.9444847257785605	14.778574953853157	9.512206521410324	14.382118331054558	57.3826154679034	0.0
6.8539007732019375	8.534619017192895	3.311945069246833	13.164788710426963	68.13474642993137	0.0
3.8887340615354535	11.675280156773225	2.4336524548995575	2.239453272781424	79.76288005401034	0.0
3.9050572124078946	9.696863099945455	2.2362317147037585	0.7386536494100627	83.42319432353283	0.0
17.266347686527613	11.057431860421348	5.661346861883807	1.2350721097757273	64.7798014813915	0.0
25.177658062431547	11.449625617616519	3.9494958554889785	0.5506618929394526	58.872558571523506	0.0
19.33452092270288	9.365718608274587	2.9420132869951363	0.4051340086584638	67.95261317336893	0.0
18.33348594342024	18.140790004305384	6.485554691544547	2.229987376924197	54.81018198380563	0.0
6.601909074234581	20.92196905968938	6.894996010319004	3.006084806425372	62.57504104933166	0.0
17.011876302272135	18.443680441391322	8.063098766089558	2.315787350043728	54.165557140203255	0.0
7.341634315235512	27.52788803528441	7.97012617862491	2.5130414632443596	54.64731000761082	0.0
3.0743379094523795	38.45250109001396	16.3788104403331	4.245976486750801	37.84837407344976	2.0
1.6836219899378946	26.43628350279888	17.027691114081975	21.34178926412959	33.51061412905167	0.0
1.604646661774119	33.86280929860403	7.384952127172002	42.23617001540567	14.91142189704418	4.0
1.5158690718233712	20.79135167917146	1.8788828152013697	57.839017828580666	17.97487860522314	4.0
7.461422745986329	25.572493217948644	14.760349200045496	25.721485638525714	26.48424919749382	0.0
9.52147482289318	14.942353158302634	1.132980758860308	55.75259163065775	18.650599629286134	4.0
11.762674556153266	19.442843855852356	1.613574196386349	51.68921650661039	15.491690884997626	4.0
8.102439569755175	21.07194555808072	1.0905956466841136	47.287164260609565	22.44785496487043	4.0
2.9818850836631894	43.94867865168036	0.04256876549606874	52.2626438059307	0.7642236932296796	4.0
1.357413408555528	54.76353310411304	0.4400689095419695	41.898324630130155	1.5406599476593144	2.0
8.471771894701977	11.41617682718475	0.3349975978363404	64.36094883102864	15.416104849248304	4.0
8.415319053237678	13.49509410353273	0.9373518378695261	59.68042818632108	17.471806819038985	4.0
4.369666995465201	18.319481003382275	0.030241692550119957	64.78864796064016	12.491962347962243	4.0
27.620474513022337	21.410138736953037	0.4259809345004249	32.027540357478856	18.515865458045344	4.0
10.505203064596884	22.319277092930808	0.6811185403366238	29.357101339398046	37.137299962737636	0.0
8.221538852076764	54.88129444877724	1.1543262723332817	23.229596278948257	12.513244147864455	2.0
11.416191017380184	34.37211258340639	2.0592946707291873	37.181266974036895	14.971134754447347	4.0
11.521974039970893	31.41467971141461	2.1964811194689515	38.212696678851366	16.654168450294176	4.0
0.9455765481766262	47.61520626634935	4.966421256460363	42.432040339617025	4.040755589396619	2.0
1.4273897171995114	62.2464419193696	0.07080320896920106	35.71474338590895	0.5406217685527382	2.0
1.852869664707029	78.58316855372277	0.1269526187009565	19.088094608087886	0.3489145547813654	2.0
2.9221556634560613	67.0623827517961	0.0036182728206404532	29.393526578471057	0.618316733456151	2.0
2.7876251009054225	39.980462491495025	0.12318990119954204	54.82713981587416	2.2815826905258447	4.0
1.591101256927819	69.12379549645985	2.875074794032874	25.347364521362366	1.0626639312171082	2.0
