N1	N2	N3	R	W	anotaciones
0.028745579484213715	0.1477153325740417	0.04936379335740584	0.0307190675393987	99.74345622704493	0.0
0.08650190344159452	0.3179502622801354	0.2575626084507448	0.07591518856853842	99.262070037259	0.0
0.2296581537664778	0.18107276487450016	0.11632228159627094	0.1276515880197427	99.34529521174301	0.0
0.3199895925563899	0.38715162617316257	0.5110295795855315	0.12018732641685449	98.66164187526806	0.0
2.283389168287245	2.254057643817439	3.9051475515419876	0.49785853514655537	91.05954710120677	0.0
0.34763116092255103	0.6384231544919339	0.14545262014076898	0.020316295295021488	98.84817676914972	0.0
0.32312192329099204	0.43060567184808096	0.65399823453772	0.015758790943419723	98.57651537937979	0.0
0.16639083439055471	0.5254290432105626	0.8008623452851727	0.03093116948589791	98.4763866076278	0.0
1.2549221888780149	2.0583443335369562	0.6263726550184315	0.10061461824604875	95.95974620432057	0.0
0.6960288031605514	1.8468432174028055	0.7443433353286109	0.15976105157623402	96.55302359253179	0.0
3.7087510635891725	3.190896399111088	2.273931872919882	0.1887963875759964	90.63762427680385	0.0
0.8160451182377462	1.5594767970014478	0.7141747514610844	0.04190890099358931	96.86839443230613	0.0
3.7336115998565664	2.8664438922230597	2.3757747640502638	0.6000104957633658	90.42415924810673	0.0
0.2150365197621689	0.5764539405903837	0.2836269940506562	0.019326961446900763	98.9055555841499	0.0
0.5733974428188026	1.431239153123472	0.5041729428299029	0.05646632571297947	97.43472413551484	0.0
2.5357818232544003	5.413080767246297	1.3737964027457754	0.31895900242362557	90.3583820043299	0.0
0.4314212476426135	1.3953266763574723	0.4987087471143872	0.1330005309528522	97.54154279793268	0.0
0.34882805228451597	0.979910907054091	0.33254152142365445	0.23547057215235262	98.10324894708538	0.0
1.124132101502054	1.6120540978296152	0.5388761461802031	0.052894708044576286	96.67204294644355	0.0
0.8404834043196903	1.3165905744579864	1.0312942014146622	0.19053978831640794	96.62109203149126	0.0
0.46562507606992587	0.8864637679320484	0.7880162760046825	0.0822746134886729	97.77762026650468	0.0
0.8786102385415668	1.4664715300525943	1.5768594773611329	0.1770595317928832	95.90099922225183	0.0
0.3487472500111253	1.1976584739621925	0.2483564785460488	0.1005830569471793	98.10465474053346	0.0
0.46088920764282515	0.9061590385591382	0.4637007243863776	0.03596986437899432	98.13328116503267	0.0
0.5930074389774945	1.46289822118737	0.41841349396308825	0.008012102079187759	97.51766874379287	0.0
1.19790612673664	1.4764032608240223	0.5233327748084318	0.010292030182649806	96.79206580744825	0.0
0.4632473510390327	1.2613428993557874	1.0889412510924283	0.012489254140584178	97.17397924437215	0.0
1.390066677418333	2.0385996959961785	2.204621040186093	0.05487356045725418	94.31183902594213	0.0
1.6616240303834542	1.5155632180713383	0.5308958571755321	0.12017540341488514	96.17174149095479	0.0
0.9457548430878109	1.7382766788615955	0.3940101364949464	0.20535330456190604	96.71660503699374	0.0
0.6599868907864593	1.2116338074448796	0.17861009338775305	0.10280147820269844	97.8469677301782	0.0
0.6508474669113887	1.480522563705193	0.836937827517503	0.5836336802360779	96.44805846162984	0.0
0.48674704239529903	1.474855162835125	0.16535977172229763	0.12634191112446289	97.7466961119228	0.0
0.5080021240628374	1.4019828672620187	0.15226771651341833	0.1005249890864838	97.83722230307525	0.0
0.8802672628943761	4.491162305979553	0.2982395127216087	0.05861837364879982	94.27171254475566	0.0
0.3444645259507578	1.191240631423033	0.28226567786813156	0.022939870242894976	98.15908929451518	0.0
0.26993933995474706	3.231035394399695	0.14890345798065188	0.030059065878328108	96.32006274178657	0.0
0.31649451270666606	1.3209891471635002	0.2364002436698856	0.008293572823499306	98.11782252363645	0.0
0.28286333120323404	0.7757184205886493	0.8572972590693263	0.013237928009686737	98.07088306112911	0.0
0.5911542857927465	1.7780840540848368	2.4569380908295133	0.008884079152015173	95.16493949014088	0.0
0.32703191890040356	1.5760851325320715	0.34748269426886524	0.006963128635296215	97.74243712566337	0.0
0.23639422637862706	0.5461873722472993	0.30450224551987	0.0036854696990589303	98.90923068615514	0.0
0.10328220052137267	0.7599120220054911	0.6269934356096968	0.005143531088738381	98.5046688107747	0.0
0.05835693232213253	0.36035496038087406	0.7948200085759863	0.02227779173586305	98.76419030698516	0.0
0.39932163366905055	0.9605523006376993	0.38724355487953666	0.024291375800632304	98.22859113501308	0.0
0.5476298198340039	0.6990677098309185	0.4865643663271189	0.01492569457884331	98.25181240942912	0.0
1.0223254271215045	1.365248910881959	0.6477976140913706	0.010358910532741359	96.95426913737244	0.0
0.9802618127588086	1.1095072508161228	0.8680187187533386	0.12315646473186892	96.91905575293985	0.0
0.6812911322229881	1.2121409173290019	0.6327514073062014	0.027213549046068194	97.44660299409576	0.0
1.533552572118843	1.4624841842901455	0.6450221416247746	0.18942104053105607	96.1695200614352	0.0
0.5000783762858908	1.3854718305421074	0.3954402107502024	0.0637699404363034	97.65523964198549	0.0
0.3902203533032613	1.1320123101847028	0.12598366473966896	0.06904581338628368	98.28273785838607	0.0
0.641323079326604	1.4558285402652944	0.2774540528216442	0.07666273507519318	97.54873159251125	0.0
0.8268298526449919	3.5193490184853413	0.10836900964573372	0.18909445199261987	95.35635766723132	0.0
1.8141133668996117	3.4955433852898588	1.3609557027133696	2.984723837529798	90.34466370756735	0.0
0.6179910602854312	1.3856889047528098	0.31124944795679527	0.20162151875796996	97.48344906824701	0.0
1.0818222623014322	4.235549239290028	0.9354074193388925	0.43098574436882914	93.31623533470082	0.0
1.127024019031404	6.466353121294016	0.6572628734310768	0.10856588427356705	91.64079410196993	0.0
2.9633447861245035	9.326349737910746	14.843383153501966	2.432598256451847	70.43432406601093	0.0
5.4357583295453695	2.808081384831103	0.9346861203491872	2.113816636336803	88.70765752893755	0.0
10.70931876727497	5.164717527611468	2.5136370766906606	3.372331340128388	78.23999528829452	0.0
1.4163382142375938	2.803612907117087	1.4832751640112818	1.748092953984241	92.54868076064979	0.0
6.219640152255748	7.608564607996159	2.363941934930418	3.4290306208090775	80.3788226840086	0.0
5.552312083153341	4.975269301976554	0.10486925127646356	0.8833208389632184	88.48422852463042	0.0
4.425199366155731	4.8383311349117015	0.3777374359496776	0.7965940691770732	89.56213799380582	0.0
5.46405637125611	9.005593583478305	0.5020058865295978	1.6851504324861795	83.34319372624982	0.0
15.614221888161525	21.003416336068877	0.08583900331400272	3.820035552376128	59.47648722007946	0.0
13.386947581276292	5.3391446845615285	0.03258310946850354	0.37000634493313816	80.87131827976054	0.0
7.7022956049192866	2.782341370990644	0.07951602848350833	0.8714806575679088	88.56436633803865	0.0
7.9995752992408535	9.91770071929812	0.7675101575125246	2.963284775310209	78.3519290486383	0.0
6.106393744012668	2.1590102715237465	0.0450218759907772	0.6229877847962944	91.0665863236765	0.0
3.3909028492660926	2.982881231763641	0.04644793800759319	1.6278737675629227	91.95189421339975	0.0
9.151730573625255	5.5409727485197315	0.13350781311654045	9.282857571468398	75.89093129327007	0.0
3.155177394866624	0.5488365737450697	0.0002557882564192675	1.5843414944981524	94.71138874863372	0.0
4.5768006141328454	0.9881893599084866	0.004086158659725291	2.7970911030923538	91.6338327642066	0.0
5.341000687241788	2.849455401324782	0.04962217353589383	1.0724711309036292	90.6874506069939	0.0
15.694751770548814	2.6849426262065195	0.022512650759427554	2.0464478627369407	79.5513450897483	0.0
5.982836215948685	2.8722073354069684	0.0206119359957102	1.4563656485807819	89.66797886406785	0.0
7.501161739822955	2.383624562020971	0.07379727811524324	1.6032131678442778	88.43820325219654	0.0
2.6180285943134085	5.3615459692493515	0.2472886084361567	2.9549090387753907	88.8182277892257	0.0
6.4200914666522095	6.46760851363894	0.5449011481652164	5.311159154391323	81.2562397171523	0.0
2.6934051166297266	3.0558100168763764	0.1990286267548787	11.697462785704927	82.3542934540341	0.0
8.334728077528801	5.010974420683431	0.07925704921148505	28.012875999232833	58.56216445334345	0.0
6.452492137279521	2.7789481483929594	0.017054383275093815	22.631732531465072	68.11977279958737	0.0
9.350141190314007	3.0346032001296686	0.025682005528492795	13.151233251241418	74.43834035278643	0.0
8.177118875973962	1.3941865623359437	0.02425402624782532	7.780565684669398	82.62387485077286	0.0
3.9938509469531933	9.099772271371135	0.5897584049165734	1.7094820053750306	84.60713637138407	0.0
6.425548374780096	19.489052288615678	0.8438697826956464	4.74307171107275	68.49845784283583	0.0
5.553409446702386	9.583670951703285	1.8092951478975086	2.8703284876798962	80.18329596601691	0.0
5.95039580955948	10.620204895846458	3.745944407276463	16.09025274676497	63.59320214055263	0.0
3.0124331895516008	7.066583202905065	0.34177092170256984	1.4411582994447962	88.13805438639596	0.0
7.700166241713263	10.464222808813785	1.2158250200098666	4.134897853539495	76.48488807592358	0.0
22.649243044837423	8.873555300874306	0.43329765240739565	2.3699125622131323	65.67399143966773	0.0
6.751757004064173	9.313553718500206	0.6698729476089902	0.44998642322449783	82.81482990660214	0.0
13.709353470276195	23.988138037148705	11.65263414433326	2.84014367835766	47.809730669884196	0.0
2.4657080717499937	4.884272513048316	0.283535049522619	1.4170908990538162	90.94939346662527	0.0
1.8033757515704467	2.2444675606118842	0.31284201240229764	0.7648540812931477	94.87446059412221	0.0
0.9173075228760976	8.523688547013224	1.9412565385105929	1.1507256140819666	87.46702177751811	0.0
0.8110599507689266	9.36923522549034	4.056449958779929	11.273285623399191	74.48996924156161	0.0
0.46222897062732465	4.059537788615765	1.408656973688779	0.20776545920764677	93.86181080786048	0.0
0.5328231759687498	3.325004341783118	1.692610962720531	0.2544732265694135	94.19508829295819	0.0
1.1965955700052175	2.2798298946475217	0.3542716422825306	0.11139995633626533	96.05790293672847	0.0
1.742594247735308	2.821881433348368	0.2440573060833336	0.2690830403573561	94.92238397247563	0.0
2.7176290775333354	4.947986024237626	0.5049271811446308	0.40432144503276407	91.42513627205163	0.0
2.1720792227947165	5.365635226562347	0.9626459061520442	0.39776130238999874	91.1018783421009	0.0
1.3571277923284002	4.133955419445683	1.157049822305465	0.39976965744964704	92.9520973084708	0.0
0.8977629675205828	2.1580626910910663	0.3383475362957869	0.15095740485866804	96.4548694002339	0.0
3.4817099033351355	2.393894501148957	0.2188933641928272	0.3219069831665495	93.58359524815653	0.0
6.391184239123068	7.896095384854232	0.36525910951715734	0.474330867342002	84.87313039916354	0.0
2.9659204290240195	7.755042506037229	0.40335633551377487	0.6134314502161728	88.2622492792088	0.0
3.2611880788129564	11.291923700111688	3.6994707500337674	1.7102740069809983	80.03714346406059	0.0
4.630587223571876	12.238409646532633	0.7470738552512673	3.4582079298464214	78.9257213447978	0.0
2.535827871309691	16.098254916758922	3.268975067641653	13.638751955498568	64.45819018879118	0.0
1.6891033030743414	3.9344539393215223	0.4610925374724675	3.1905687298823557	90.72478149024931	0.0
4.603744180695508	5.514574237133707	0.07144287529820903	7.627732259380136	82.18250644749243	0.0
5.793531911836281	8.702119606199542	0.13479782417415448	17.30112327519949	68.06842738259053	0.0
6.56807873214446	22.70529401322324	0.07770547852485936	5.938660391691836	64.7102613844156	0.0
4.8608682012954425	6.988464859025344	0.018683600653224233	3.8318348633181287	84.30014847570786	0.0
4.18613373897853	22.368861439696676	0.04815463390397281	22.521966173341223	50.87488401407959	0.0
2.156815620086537	6.57462256445305	0.09522578139776132	38.270515580896024	52.90282045316663	0.0
3.8166971200986444	9.56939960720254	0.02894530365375833	49.348424808149346	37.23653316089571	4.0
4.745940281427228	9.699272131001804	0.05917131653806805	23.215003520086153	62.28061275094675	0.0
4.31421507570065	20.897333906695266	0.13291011145138665	6.980716731625522	67.67482417452719	0.0
6.057392321740296	8.247362722458048	0.11855300425457153	6.6480737831278685	78.92861816841922	0.0
4.346605851634427	5.773930556180108	0.04966644677003035	13.778654437565233	76.05114270785019	0.0
10.533216204021253	12.183792731397187	0.16398095106683047	19.036508825589287	58.082501287925446	0.0
10.440155664234444	20.496448044480015	1.0764072536557614	11.263130844574176	56.72385819305561	0.0
12.300884606914735	10.411023916136404	0.5041617556649448	8.240613426330238	68.54331629495367	0.0
5.622813717576447	15.792740923194645	0.11725941859421947	8.63301187820571	69.83417406242897	0.0
4.85218784256674	18.696847569477587	0.8442924316145193	7.606894124035983	67.99977803230517	0.0
4.662743932466804	9.28384207464894	1.1609832296374363	3.058350161232124	81.8340806020147	0.0
4.279239133250208	8.536173639760882	2.7579468194419983	1.5369341293925678	82.88970627815434	0.0
11.608075881252756	20.858171886370503	5.741154268048953	17.72608329937883	44.066514664948954	0.0
3.503737107540416	8.29129262376519	0.7523578217430721	2.8678590780970827	84.58475336885425	0.0
2.3484555491338712	7.129962033762481	0.7248834576027365	3.1965839582668027	86.6001150012341	0.0
5.277313998010538	30.43347072976232	2.5313992803184955	16.698954433173473	45.05886155873518	0.0
5.813357392341978	8.867721885763848	3.383851817316861	11.334117319777732	70.60095158479957	0.0
6.287760393708218	9.512852612051939	0.6233257696503144	16.945758124809583	66.63030309977994	0.0
2.9023475518826825	8.821086469212672	0.43915290955950304	12.65878058233646	75.17863248700867	0.0
2.2465510365084302	5.563808868390845	0.14880947951651619	7.1739561259949545	84.86687448958925	0.0
4.754119763673705	15.9344450792166	4.278719974424015	11.520537761517444	63.51217742116824	0.0
3.5801100346214287	4.2125127078476305	0.5047122296483212	1.9489617084525825	89.75370331943003	0.0
3.519773496449851	9.24552277388877	0.6250902016345022	0.8641871751061224	85.74542635292076	0.0
2.256293456686757	3.264809960300194	0.6372775039481192	0.6601344041323881	93.18148467493255	0.0
4.090901683934602	2.2719859241918225	0.17569605922007092	0.6372262437624957	92.82419008889102	0.0
1.876384384009523	1.6110683802127725	0.20546102484938844	0.24674603692260733	96.06034017400572	0.0
3.2391533995103	3.5222146372644945	0.3407291782300276	0.5990314976641568	92.29887128733102	0.0
2.1632351717884086	4.173423932556579	0.5601977078564999	0.30822561673146526	92.79491757106705	0.0
3.780159078064033	7.180910016989263	0.6384406647698215	0.3942030133501621	88.00628722682673	0.0
2.802510691931665	4.503194771452692	1.7728180024065663	0.2982351640682637	90.62324137014082	0.0
5.483715274056934	4.73345865472541	0.24681732161716302	0.10816107750869486	89.4278476720918	0.0
6.26377234685605	5.6300463241783945	0.7904136429367326	0.19511559026576306	87.12065209576305	0.0
3.1736267990825366	5.863822369845302	0.7824763788522845	0.7765507029636398	89.40352374925624	0.0
3.1918592294564214	12.219902065409475	2.5809061434680323	3.0016639814048642	79.0056685802612	0.0
3.426110918184153	8.977117073973947	0.5301675371835621	1.4233564035183717	85.64324806713996	0.0
7.3529028631710265	15.900304523727149	4.618289996967935	9.867264710781262	62.26123790535263	0.0
4.094477487874786	8.634017482656054	1.4694230065865053	0.7843557060076096	85.01772631687504	0.0
2.881981852816493	13.54522087778397	0.9753037729833571	0.641038229117736	81.95645526729845	0.0
3.829346216892022	22.302427184619603	1.823332306481155	0.6110295029058728	71.43386478910135	0.0
7.188211584902341	42.03030275283082	2.401142578197315	1.6874924093131523	46.69285067475636	0.0
7.597345773688717	39.002391653326654	0.7871147225317376	0.6639841462779236	51.94916370417497	0.0
9.69788474264941	33.483955201560406	1.166754588743288	0.3647588027681866	55.286646664278706	0.0
7.099165322405773	15.299184070166284	0.36057971291440544	0.24464492799155332	76.99642596652198	0.0
11.327069191454777	29.773607384997046	5.335317254431705	1.6095763176311613	51.954429851485315	0.0
5.711361872224644	28.014673896600016	0.416240535508853	0.31940178416327364	65.53832191150322	0.0
3.791110307620648	25.45014352051031	0.8470724946377356	0.4927266729595205	69.41894700427179	0.0
4.035396087103339	35.94484148511151	2.461254078697473	1.6986731467473606	55.859835202340314	0.0
2.657579076676154	13.423031993646047	0.2055586630281674	0.3380166303449672	83.37581363630467	0.0
6.163148399175549	24.95017673068685	1.206179645471082	0.8776962425956406	66.80279898207088	0.0
14.661655245306845	35.30571300118513	1.8093951521607488	1.1073735396955189	47.115863061651766	0.0
3.258553983609879	13.112251970775276	0.20298088849149296	0.21238217150651056	83.21383098561684	0.0
7.67308902980295	19.450941767682288	3.1095698663258893	2.6447594639654333	67.12163987222345	0.0
13.90524217805611	13.571592016934364	2.312270326044073	3.8650422345912943	66.34585324437417	0.0
5.670486473877452	5.893795583043071	1.5448660444792717	3.087968430791862	83.80288346780834	0.0
12.067636688371351	9.797414412635641	1.133650247149641	2.9195108971787302	74.08178775466465	0.0
7.898348378567093	10.990668688651835	0.10627050503623492	3.458978291568128	77.54573413617672	0.0
5.9040069479862325	16.41794838636683	0.2541780565395291	10.553811958587254	66.87005465052015	0.0
7.6433397677704535	19.11609969772919	1.0006444795589364	7.800273187124509	64.43964286781691	0.0
10.388199193074964	18.90463436736867	1.1630849923669182	13.106261151721437	56.43782029546801	0.0
5.43776774506852	5.5211807061847615	0.6159202755296825	5.041936204839264	83.38319506837777	0.0
8.262041379597644	10.600461714385629	2.3095852527359697	1.6905928470052765	77.13731880627547	0.0
16.74596935472545	21.414885851285817	4.539169200190377	3.371451096067702	53.928524497730656	0.0
17.29827847485332	20.081857776054896	2.8468729326318525	1.6605524386137864	58.11243837784615	0.0
15.428955179224074	9.95016175337406	0.6761060362033255	0.8931553345868327	73.0516216966117	0.0
6.919599343334709	20.000237815808493	1.2291909818457265	1.1978030815982494	70.65316877741282	0.0
4.530334060716747	19.102850992789996	1.2157238216677375	1.0699692785719706	74.08112184625355	0.0
8.420308914971914	13.424759782953249	0.48475710000690997	1.6013441511128375	76.06883005095509	0.0
19.151827574187017	10.29398184552223	0.7906420262191599	0.9920210617178368	68.77152749235377	0.0
7.158059001309533	11.730841621144243	0.4099200288851859	1.8724348210015316	78.82874452765951	0.0
13.15231626543982	9.892688076489241	0.3517025342713289	0.9192231397064432	75.68406998409317	0.0
5.194521159100754	16.134281062817905	0.6767932951623776	4.596898648364754	73.3975058345542	0.0
5.8578121775862	3.928072590516259	0.3633823995389859	1.5502119769256844	88.30052085543288	0.0
2.842156093895591	4.342310212694767	0.42301192958479955	0.7665859855770202	91.62593577824782	0.0
2.9326089665366	8.748869472978447	0.6382308744888112	1.4297285650110747	86.25056212098507	0.0
3.6334085257240307	3.8015341910689706	1.864891916369542	2.121361990072063	88.5788033767654	0.0
14.97270036521375	7.4968327461458	0.34259083424091485	0.906831445052418	76.28104460934712	0.0
8.430514402923528	8.273622360224495	0.33225763815785797	1.5463786482134232	81.4172269504807	0.0
4.6391941508682315	8.480252609959948	1.739141495659607	3.4667306794354604	81.67468106407675	0.0
7.2859556593785415	15.528435932508785	0.5452910274779305	10.652944758746568	65.98737262188817	0.0
1.8072883300408362	4.530989329369952	0.4128390549923792	0.6029621022945901	92.64592118330225	0.0
7.3358649333480574	8.885801581300717	0.373828229891097	3.4210804637566214	79.9834247917035	0.0
18.345647451278058	13.044421957013752	0.30002746609951747	3.851196464312339	64.45870666129633	0.0
3.5351492780842237	25.91195913861896	0.8514703878231601	10.460076126126236	59.2413450693474	0.0
5.689715934933554	14.602603138423076	1.220804436389107	10.65764423424628	67.82923225600798	0.0
4.9605535963066245	48.56482492735697	1.302471472930258	12.104303352281336	33.06784665112481	2.0
5.183827324721432	25.05594802944533	2.011125388801078	8.886484773334818	58.86261448369735	0.0
3.7505287417710225	5.191087344046431	1.0128639063111624	4.007913761814824	86.03760624605657	0.0
13.234651244687317	4.95463647197198	0.412666843964544	8.001717265994339	73.3963281733818	0.0
15.32966622302279	12.055343649643829	0.28478839295060354	8.436235588989048	63.89396614539372	0.0
7.643782549637157	18.463678525690803	2.2215135031992372	15.86735376917619	55.803671652296615	0.0
4.646615881782882	14.472673118698005	0.3028736165986162	41.02492022878966	39.55291715413083	4.0
4.384090910418974	14.764722236392517	1.335316635662225	36.99864032334494	42.51722989418135	0.0
7.930011009009006	10.650375337143164	0.596099126175489	38.518826150350385	42.304688377321966	0.0
3.701221297501011	16.51406963723883	1.0545956808316705	46.84659707975825	31.88351630467024	4.0
3.583958369431678	15.220723947284343	1.0314237313303483	28.9381421553758	51.22575179657783	0.0
11.924503721612924	11.327859915562351	0.5089087944553575	18.90240551534785	57.33632205302152	0.0
17.255526701141864	28.90825924288456	1.1392735758255639	5.626390924723079	47.070549555424925	0.0
16.24966065183522	17.300575076954388	0.26244822644199034	12.805499282736069	53.38181676203233	0.0
7.979669312106778	28.268884376777393	1.5093167296422378	3.9310218382577498	58.31110774321585	0.0
7.425560100107551	20.514755827387088	1.268847761178389	17.922423470112786	52.86841284121419	0.0
3.7779843582944976	9.384697338360864	0.6752706424372492	41.716181624009835	44.445866036897556	0.0
9.205770732405023	20.739338545306552	0.2344515449703027	16.37222578889989	53.44821338841824	0.0
7.487614136735707	21.96103657932666	0.5648014340133426	20.008007185287287	49.97854066463701	0.0
4.117336274137649	17.576024152296952	1.1475674968194831	55.499780184496416	21.659291892249502	4.0
1.4327223764242782	3.9605921635647565	0.07646173160425274	86.12973916376862	8.400484564638099	4.0
1.1503642984675309	2.580115978748665	0.15655245306445734	82.05863303787466	14.054334231844686	4.0
1.3090486726487518	4.349644815724113	0.19502935995498644	80.38694340444565	13.759333747226496	4.0
2.292820529147178	3.205166116235108	0.21247338486564504	68.9981453519881	25.291394617763963	4.0
1.5829417216008383	1.2869607041407376	0.0218667774182325	91.37204312343367	5.736187673406514	4.0
4.49933273736795	2.779512488614594	0.013767266449745248	49.978698752737714	42.72868875482999	4.0
7.466337607991439	8.393949090810965	0.017600456645440198	27.589319313343776	56.53279353120837	0.0
3.4883886289439663	7.435343529145253	0.05493810680200291	36.389486141865625	52.63184359324315	0.0
5.4265296546030015	10.310536344169485	0.01999374448674756	29.870630654099784	54.37230960264099	0.0
1.8258874608702365	8.182799405836407	0.05967815789003312	17.423690635046967	72.50794434035637	0.0
8.04580791933838	11.38583608125879	0.43380722296816654	20.737931241984477	59.39661753445019	0.0
11.522413071692007	7.924608336017814	0.0598011450617916	14.002891609166992	66.4902858380614	0.0
17.88447532023363	9.57268731693391	1.66769417711859	4.742226923322065	66.1329162623918	0.0
29.236429290136428	14.961491747063436	0.42375153661300974	13.030386384978106	42.34794104120902	0.0
16.855665638304348	17.763782934978405	0.8595171250413435	3.3308778589557346	61.190156442720166	0.0
11.646478269684177	24.982361767991154	5.627242831013736	2.5634760818268103	55.180441049484116	0.0
15.811198670986995	30.22020121099432	0.7972831203616119	2.6147562800725477	50.55656071758453	0.0
7.683579204492961	18.302237838013088	1.2725177592965953	7.024486032785925	65.71717916541144	0.0
10.923011808735355	20.858996818925014	0.789757159054905	3.1533740780451875	64.27486013523954	0.0
10.601450701603923	31.68011243390537	1.8405499674483925	3.0399393179607923	52.837947579081515	0.0
5.470898090422785	17.074978247324026	0.7602036027339576	2.211100365442302	74.48281969407692	0.0
10.119677714311681	13.178469830697065	0.27045332617425166	19.552451590063747	56.87894753875325	0.0
8.386654331922665	12.16931685297784	0.17890192608872763	3.0334470040583716	76.2316798849524	0.0
13.947116876807932	8.6073152387605	0.1291945422516373	7.084567797882205	70.23180554429773	0.0
10.909194141128378	10.750291529555339	0.22418786299016275	7.07629875628847	71.04002771003766	0.0
9.514463535790146	7.562264682082436	0.10147763962336666	2.3392893717237353	80.48250477078031	0.0
10.442380792308295	8.07503198828179	0.7842149371515882	10.570027812266032	70.12834446999229	0.0
7.7985091340095485	8.51321962164375	0.38421582512983293	17.68568767682777	65.61836774238911	0.0
7.313900641009262	10.777000766303786	0.6245279029862739	13.116992213934079	68.1675784757666	0.0
7.175147793983144	7.421814999546136	0.27979993437219164	5.371162909381759	79.75207436271677	0.0
7.005500039527833	14.192847833072433	0.3953430299193144	0.986634049147855	77.41967504833256	0.0
12.513828096058285	28.205176963206846	0.9376389686599618	3.666532241137635	54.676823730937286	0.0
8.731075541158868	22.991544338278587	3.7979177262812227	2.0808943010105487	62.39856809327077	0.0
5.948572790786411	5.564579034391615	1.7333577897715078	1.5865122480687566	85.16697813698171	0.0
11.423241277649518	4.551676969360667	0.3220284088686079	0.3007788038800964	83.40227454024112	0.0
17.783124929113594	7.207837264726856	0.3250272107103225	2.5018276133290334	72.1821829821202	0.0
9.05473813797926	15.038422867998156	0.37260550900317724	0.5223406977524153	75.01189278726699	0.0
16.652955082239735	18.818764116002335	0.4221530841059504	1.2602935136195534	62.84583420403243	0.0
11.009182066463781	27.316655268060806	0.8521298467218308	11.611906621366924	49.21012619738667	0.0
9.812745641663424	24.52376214983769	0.2492020055542797	4.517143855036234	60.89714634790837	0.0
5.317498174548773	32.92707131387608	0.587759917760493	8.776711557863601	52.390959035951056	0.0
8.344296427245753	37.73550251527234	0.13659230489748414	1.0063125553397008	52.777296197244716	0.0
14.371421736502265	34.42942293410724	0.047266233813221564	1.5363634366463008	49.61552565893097	0.0
16.587694957169553	35.590813379018364	0.4291285954585039	0.8102195920038614	46.58214347634971	0.0
6.188161187444894	32.56819910903247	0.11282442794262912	2.2923708560493994	58.83844441953061	0.0
6.009683222041565	15.505087092289271	0.03796151026950964	1.2196165660716756	77.22765160932798	0.0
4.27171492929398	7.5870702283213	0.024360894234391063	0.3989592144974091	87.71789473365293	0.0
4.073015378498627	6.285037608921232	0.015573232102586708	0.2852025208627581	89.34117125961481	0.0
4.574419371046177	11.19687097156034	0.025646784011491522	0.885014204260161	83.31804866912184	0.0
5.043041202870182	1.8192604066405307	0.18293471966834668	0.2694127893712994	92.68535088144965	0.0
11.857187230031293	4.572835877460549	0.2620918024923833	0.8828161464449178	82.42506894357085	0.0
18.482654398619466	7.79092178873518	0.03396686792961162	6.293536301348444	67.39892064336729	0.0
4.4160084748285415	10.035007414938947	0.15494355036258634	6.431553240057633	78.9624873198123	0.0
7.543359049996269	3.2298779585310924	0.02064874224536447	27.263957209038068	61.94215704018921	0.0
3.47186869163469	7.327446475701434	0.38924944332592787	53.10700186918085	35.70443352015712	4.0
3.6429764187549383	8.439786678092148	0.11720381100776152	63.419272928073255	24.380760164071894	4.0
11.51911820515398	13.579937976509497	0.34996118481368177	14.257210529846152	60.29377210367668	0.0
7.026152134067133	3.7815822796097667	0.03819797933017804	40.40821934470647	48.745848262286444	0.0
10.524676531809702	6.934022635481975	0.036208183663187773	34.0645477338409	48.44054491520425	0.0
10.718589044485046	14.56114204282461	0.23811765029866108	28.651928381253676	45.830222881138006	0.0
13.661162285036971	14.413555587132192	0.17327701201638304	50.705503554697714	21.04650156111674	4.0
15.774548367378733	9.915313594546141	0.10763907959478636	3.0910376336384595	71.11146132484188	0.0
15.145538731291552	17.909690136472538	0.6924287710075339	3.288778974841532	62.96356338638686	0.0
17.375108437601654	11.358903579127128	0.9719628543177246	1.8933312945129173	68.40069383444057	0.0
8.705171286401695	9.847030868366113	0.7326244024940308	1.1456602514087886	79.56951319132936	0.0
9.796490931001689	16.032249715823614	1.7238236187640383	1.9773299424531001	70.47010579195756	0.0
17.353204095730174	13.562843090385417	4.050798976961872	4.938755935773718	60.094397901148824	0.0
14.531129193557065	20.34142223883754	3.9900611822372394	12.5708562304381	48.56653115493004	0.0
11.036118806101706	14.794120340698688	7.4058515463644365	5.143197689764259	61.62071161707091	0.0
4.554655970949739	9.704634726569171	6.145428871814764	1.3643785040461378	78.23090192662019	0.0
7.025348235515212	19.362131634957393	2.9877812280866984	3.02145146074341	67.60328744069727	0.0
19.81911019658136	34.47977301182451	2.320646006347914	7.152228025778161	36.228242759468046	0.0
6.499648905174192	25.293099574027817	1.7359977658870276	2.138508307502789	64.33274544740817	0.0
15.276582271190042	23.93619474708601	2.540401449176596	3.628061497268989	54.618760035278356	0.0
7.937998940123157	7.4710499557851975	6.439079534730031	1.8681246490517656	76.28374692030984	0.0
2.458125502263213	9.117442123458046	2.4438577797619776	3.0462430163051035	82.93433157821167	0.0
2.5564153072803726	10.111781036682226	0.3724643726372917	7.800607651885956	79.15873163151416	0.0
8.419275846666967	5.43645011235019	1.460425135525239	4.594004204434962	80.08984470102266	0.0
3.76706569603173	3.664547933760378	0.5020737245031117	4.225864999687568	87.84044764601721	0.0
5.295907922968485	4.068205609713284	0.15324943062885682	1.1539807612017774	89.32865627548759	0.0
8.863066803525463	14.781784212368926	0.07224123234005365	4.8977151508582075	71.38519260090736	0.0
5.687807077401629	4.710058883455011	0.007465241367763699	5.243493877015857	84.35117492075975	0.0
3.614844034927215	1.3658058216206388	0.005327849338273121	1.669025405138479	93.3449968889754	0.0
3.64716323828468	2.9475813025000015	0.012379545637607466	2.544128062930405	90.8487478506473	0.0
7.6997438907744575	5.889455156604154	0.022734195267953092	6.814784580432197	79.57328217692124	0.0
6.1353920281861445	12.070438296163486	0.023891713678024094	24.421409291843386	57.34886867012896	0.0
3.8549177046037566	9.180625550443775	0.011697481427025683	54.7453772146684	32.207382048857035	4.0
6.776962189804675	14.84768354103411	0.3293473965883307	45.55624133127058	32.489765541302305	4.0
9.18568397640968	5.442101300873657	0.07937477791451632	19.5574164849503	65.73542345985184	0.0
20.37063044190145	10.077761173473307	0.2476254865395064	13.693298323866573	55.61068457421917	0.0
13.808139768955924	5.55160759305801	0.10669861460417228	13.442384599187859	67.09116942419402	0.0
4.868349760948869	2.9852744039765797	0.05192695568499774	1.6898919623671995	90.40455691702235	0.0
5.3329282249046965	4.4228294432167425	0.026070873959690835	9.396828162112188	80.82134329580668	0.0
9.934172966872	20.297859221579742	0.6987451323666782	6.257540359760873	62.811682319420704	0.0
14.15240428921696	27.152743917346108	0.14221188027178805	3.2123483867673843	55.340291526397756	0.0
13.678520368260969	17.309157117639934	0.3439288529002349	5.636342949061909	63.03205071213696	0.0
5.475652706561026	7.486897262149872	0.061622917310841296	3.6251971393665783	83.35062997461169	0.0
5.834769333304961	3.6683631708184996	0.023624456187932952	1.2109170736142552	89.26232596607436	0.0
5.462600963658789	3.9987713624273087	0.03065469110415761	0.6892254957556927	89.81874748705405	0.0
17.861019976799767	27.462450079462343	1.8857889047173437	4.0570223303381985	48.73371870868235	0.0
14.139989535675381	10.783732514260512	3.0934356453461604	1.9702826197568177	70.01255968496113	0.0
11.257612550189938	10.629491670506768	2.6559516263669805	2.226918499349007	73.2300256535873	0.0
3.124735334884115	5.462451675448488	0.20308867210521833	1.5723345105872988	89.63738980697488	0.0
3.2613208060542727	7.974497221395774	1.1039068682648399	2.2418329632390632	85.41844214104606	0.0
4.633030457353012	20.792756148790552	0.5236002965976188	0.9922892774036821	73.05832381985513	0.0
6.853731462387295	23.58036697018562	0.5081936390790975	0.981628226479444	68.07607970186855	0.0
6.971592208961168	23.014389670371724	0.7690144835996074	0.9145782972329847	68.3304253398345	0.0
10.427265627646957	19.068651630261282	0.24855828117254444	0.7644942510852184	69.491030209834	0.0
10.707747009935359	33.13250947770132	0.2427774502236533	0.5260193704063786	55.39094669173329	0.0
23.198119350988506	40.523195653418284	0.19232644405505228	0.5957725910838566	35.4905859604543	2.0
15.979583880323595	22.45028743471444	0.20440682668012483	0.24966097671689086	61.11606088156495	0.0
11.212363403119781	32.735553160507806	0.3432079197166394	0.19410457993734084	55.51477093671843	0.0
12.117619976213351	37.601451788420135	0.14453872630086032	0.12381314804314446	50.01257636102251	0.0
4.940328206151287	49.95050954151263	0.07146222502827324	0.3401125645063256	44.69758746280148	2.0
4.876358693409515	57.39114075126736	0.2363241138889715	0.5450942271203209	36.95108221431384	2.0
5.036273831250799	25.931812056236986	0.1441811959487877	0.7030703471834143	68.18466256938002	0.0
2.984915014280325	23.373580968319903	0.13858285072820525	2.509303911758644	70.99361725491292	0.0
14.167100738391838	39.51917844082216	1.1527191920292104	7.291805349371012	37.86919627938578	2.0
6.8184238608366465	34.59026732248462	0.5383345203853728	9.404145628516943	48.6488286677764	0.0
4.359832808397835	23.444792220418247	0.48602055719205667	3.643095415266083	68.06625899872579	0.0
12.178057819765991	49.168527823465254	0.2839781354281062	1.4784750425360866	36.89096117880456	2.0
8.374168926741694	38.85504409723159	0.09462219282634333	1.789829316980301	50.88633546622007	0.0
9.853834640212385	16.07372054943372	0.5193208666108836	2.84004223653335	70.71308170720965	0.0
11.74623855743615	24.826396397799364	0.4998985605395464	4.130735833655469	58.796730650569465	0.0
13.106413029360766	17.949245620056185	0.13451484994713836	1.1688294147869966	67.64099708584891	0.0
22.49576765966153	18.0272457726677	0.060043382287871844	2.365041187412733	57.05190199797017	0.0
20.82992483741055	16.712504369102305	0.03623609085913633	1.573794211292288	60.84754049133571	0.0
11.368576337216698	14.113152436595797	0.05222457529722341	8.221767987927418	66.24427866296287	0.0
6.658632463967602	9.741668766862922	0.027602952417879217	1.8938188270370093	81.67827698971459	0.0
1.6642519389252086	1.9349605230311306	0.01789505292459404	2.755641246194706	93.62725123892436	0.0
3.5330058806676514	3.527824878486378	0.03764633927710381	4.787643523256554	88.1138793783123	0.0
3.875267900293094	2.6620973585807044	0.005239866300139305	2.704259044324967	90.75313583050108	0.0
5.8735913154520185	10.616680460183947	0.017446439974245123	18.065582096932673	65.42669968745713	0.0
8.270871609540562	3.384710104274882	0.0003647878681851083	6.536421431913208	81.80763206640317	0.0
4.806037958063418	9.409034646651387	0.02327047413763997	7.11899816896415	78.64265875218341	0.0
3.973993859814103	9.032221359432825	0.021822449802481363	4.668151249645127	82.30381108130547	0.0
4.600486761957371	4.789303105496778	0.008110795119759295	3.410653456336364	87.19144588108972	0.0
3.547598276780733	0.9689553149391081	3.762841678329481e-05	0.44932738762303015	95.03408139224034	0.0
10.405980290138494	8.092391466641555	0.010625648161156636	1.787200273656224	79.70380232140256	0.0
10.973767490342537	4.080811882000822	0.008584138110222789	1.1219026300837154	83.8149338594627	0.0
9.031638435681561	7.154094866258021	0.02978861286286973	0.40517601403065606	83.3793020711669	0.0
10.237945029098865	11.515878826967613	0.044475746349660394	1.0162678130249359	77.18543258455894	0.0
12.8253506493094	12.352120748931867	0.05671398160540028	0.8464492595136217	73.91936536063972	0.0
10.5967912606941	6.0411606090831915	0.1901738046104066	1.011670946560177	82.16020337905212	0.0
10.996829854908276	19.343314311740123	1.1166110600617543	5.503293472148217	63.03995130114163	0.0
9.278801687163323	17.832726514173743	5.217582092050129	3.8277801465615506	63.84310956005126	0.0
5.112397245310044	20.382612713993623	1.3620965886349046	1.7238186166512817	71.41907483541016	0.0
7.41596943630692	19.361310403418504	1.3468108571125479	1.0109073057245461	70.86500199743749	0.0
3.5226506613174773	21.50320844158042	1.708494484084592	1.1499495483695004	72.11569686464802	0.0
4.179394488521691	21.832120087202984	2.1189364384535296	0.4252424096025328	71.44430657621928	0.0
4.135030436416214	15.087216810334317	1.7878970855768865	0.37566334490615444	78.61419232276641	0.0
2.1388123489889748	8.146577946393291	1.906490676135119	0.1032128653984681	87.70490616308415	0.0
3.3587630836357727	10.669743640346125	0.14491261911449763	0.14022118979555395	85.68635946710806	0.0
8.801682919956264	19.170335481116826	1.8620127866552514	0.6755777056991634	69.4903911065725	0.0
7.945614890179755	12.562334643681448	0.4532061980444691	0.19399032416167566	78.84485394393265	0.0
3.494474237599701	4.931406762946337	0.053680337973957895	0.03299282458300607	91.48744583689698	0.0
3.989736669403891	4.6390538701435124	0.048810169026942324	0.043926626600745124	91.27847266482492	0.0
5.308679494583822	8.744256315125387	0.1035105136763662	0.02892624836221781	85.81462742825221	0.0
6.8642366542628865	10.96072837209809	0.3923684172226107	0.13481831329864366	81.64784824311778	0.0
8.65666538337575	10.437694968761715	0.10198919504708728	0.43907312055257364	80.36457733226287	0.0
4.016796754259718	8.789230604090626	0.0607723386999761	1.234149633434541	85.89905066951513	0.0
1.7644972117891173	6.298648345478279	0.2033959653425392	0.6341187901467279	91.09933968724333	0.0
3.2794658428220482	5.368473188910536	0.07650117111652927	0.285301225611581	90.9902585715393	0.0
3.155484602241142	5.701502186761821	0.12253514547976674	0.2054832969148126	90.81499476860246	0.0
1.788115953747977	3.266581199040474	0.02383449153053033	0.26120818852306715	94.66026016715796	0.0
1.2920193890779708	1.8414851699241481	0.023120090097340795	0.22293029172726517	96.62044505917326	0.0
1.0510603980910225	0.32999739149077	0.006359423466762283	0.16075142555677166	98.45183136139467	0.0
4.1876104246081525	2.190523403085962	0.006906217638250505	0.8057069769690441	92.80925297769859	0.0
5.085866846539957	1.6902222495283683	0.007019916190408069	0.21529849142613175	93.00159249631513	0.0
3.2415484264875447	1.0043263008203964	0.005507596362465526	0.547517263560187	95.2011004127694	0.0
4.585590977163167	1.9286000221686368	0.01571918100973112	1.8140710680863128	91.65601875157215	0.0
6.090094699184032	2.3737362841570575	0.02441187229240288	1.5742842314889538	89.93747291287755	0.0
8.096519283732091	3.877634235735007	0.01215711767303448	2.9829843732542725	85.03070498960558	0.0
14.599586666391026	7.831032959572042	0.0312442157160589	1.8820779272975394	75.65605823102335	0.0
4.078274374226547	3.6115767092213655	0.10338184153618167	4.762626355734433	87.44414071928148	0.0
3.006687113423888	1.359360334841301	0.006423189313006391	1.4549853847155012	94.1725439777063	0.0
1.5836522129111081	1.415836837517021	0.013763710577408592	1.2432661507638973	95.74348108823057	0.0
4.005003750913818	2.020063999073045	0.026171472291714903	3.376284886647464	90.57247589107396	0.0
0.951286945717981	0.7401664251291888	0.01232386148978349	0.8061951665471279	97.49002760111591	0.0
4.365368761258973	2.5662497452591646	0.04659690419696292	1.6255674747160282	91.39621711456887	0.0
10.019084912504166	5.313058347797504	0.8629800754789689	5.292700545836978	78.5121761183824	0.0
7.665782545625553	3.2111517896700073	0.05240971594795517	7.688131219041311	81.38252472971517	0.0
7.237818018388312	4.863614953477765	0.026983921618201682	3.500112284714522	84.37147082180118	0.0
7.061459683338112	11.671779522602606	0.10502187096214045	4.941716814270363	76.22002210882678	0.0
6.981115857803026	7.13314861436896	0.12494914742935156	2.750436891658742	83.01034948873993	0.0
5.784790059107281	14.373204611460697	0.9505279072532985	7.767206727667143	71.12427069451158	0.0
4.936773762092112	12.104630732786491	0.3187673169092715	4.05859693943438	78.58123124877774	0.0
