N1	N2	N3	R	W	anotaciones
1.8806089657149947	7.879466300144862	10.149036310966665	8.080139955199334	72.01074846797414	0.0
1.6933835842671916	4.919226601293656	5.866470999760033	5.3761081255489875	82.14481068913013	0.0
1.480712673389203	5.848473105703727	2.7877391581847712	9.862876794002652	80.02019826871965	0.0
1.2755036847017331	12.843649674849022	10.63562639042441	2.0887265025282677	73.15649374749657	0.0
4.612746838669712	6.091262227493075	9.181319883355666	1.1400584682902966	78.97461258219126	0.0
3.133942668381827	3.3062534086720183	3.819379418089807	0.6261268040609901	89.11429770079535	0.0
1.8485184718158683	3.1249457534715512	6.6958520182089964	1.0470546600262456	87.28362909647734	0.0
2.6279797583982294	3.839993034311536	10.564807318942492	1.165887092808211	81.80133279553954	0.0
4.063106821828442	5.036798668742345	6.593105943681589	4.717057597896138	79.58993096785149	0.0
2.6211956811671375	8.680469455359592	15.640224714346923	1.7704315897882021	71.28767855933815	0.0
1.6327978939892556	5.2873190593592065	11.213300658859774	1.188629990157863	80.6779523976339	0.0
0.9138758009041607	1.3933007380736326	2.1244897054857166	0.07826549313794023	95.49006826239854	0.0
0.6854182376998502	1.1353370632813518	3.055030217718273	0.01558710493858127	95.10862737636194	0.0
1.3836099096613794	2.0506027590688465	12.618012952103408	0.06834249082156038	83.87943188834481	0.0
1.7443501703205089	3.519010526383494	3.561378862398064	0.20341763835257964	90.97184280254534	0.0
0.7854854545544768	1.1461314215013905	1.9586015719425225	0.28333752832631787	95.82644402367528	0.0
1.2987630843349867	2.787009146046597	3.73045629344556	0.10100778841182798	92.08276368776103	0.0
2.7834565072585202	2.0950788536454357	1.6150091733482783	0.03234537658135296	93.4741100891664	0.0
3.135005677031222	1.8945966966573247	1.8858947880180603	0.017842939348229236	93.06665989894516	0.0
2.334023481897409	1.130880858689583	1.4559882611057342	0.014672705075831353	95.06443469323145	0.0
1.0011602216241369	0.6944693970249778	0.5761962223114134	0.008252648452306253	97.71992151058717	0.0
1.1885570481600007	0.5013124285650087	0.9205100571938953	0.008185612221264198	97.38143485385984	0.0
2.9617288454743735	1.5566306409572608	1.232576140360648	0.05916177060618104	94.18990260260152	0.0
2.084749799026489	1.2255868135765287	1.4577439156089511	0.08798740682717124	95.14393206496086	0.0
1.7329380013673203	0.575921910260897	1.0525797442460099	0.04448090923285052	96.59407943489292	0.0
0.6588190225186886	0.9653092504368733	1.7822161032316801	0.03175307745868852	96.56190254635408	0.0
3.652052275011694	1.9452249707269842	3.3644561756786278	0.06532061001110451	90.97294596857158	0.0
3.393479143849924	1.1018332330476166	0.4685709165999425	0.05353366478451472	94.98258304171799	0.0
5.111974982914092	1.5585111375759209	2.160035652466702	0.038600319839580705	91.1308779072037	0.0
1.8241259908058318	0.9843820540015874	0.9876203664276362	0.01720844279065973	96.1866631459743	0.0
0.5945586566928401	0.21152915058599378	0.6081515423906572	0.00521247342284254	98.58054817690767	0.0
1.6955311383233713	0.6182158274026749	0.8254505733903317	0.02050303540710949	96.84029942547653	0.0
5.12718368892676	2.558811773706491	8.332800042502589	0.06280786565903124	83.91839662920513	0.0
2.285508785473179	1.6811602538684074	2.9639340649025807	0.03724450021152924	93.03215239554432	0.0
1.1487678927717282	0.8997043987817399	1.0701114425983023	0.02901226973750264	96.85240399611072	0.0
1.2656167658376851	1.0775985705491355	2.253143950304289	0.11428998693229639	95.28935072637658	0.0
1.8652613646393763	2.8976350961972144	9.94270173599545	0.5620096163728838	84.73239218679508	0.0
1.350727140486127	2.245143089482339	3.8308197660663614	0.0855569309905142	92.48775307297466	0.0
7.747640522020818	1.6753512245354207	0.784664672748921	0.25507705093099287	89.53726652976384	0.0
2.572624037157626	1.7276236147842718	1.607375227048859	0.15696675627563555	93.93541036473361	0.0
1.5374227376146277	0.7847116561523716	1.432167686758227	0.10104325580002223	96.14465466367476	0.0
0.9628045653664355	0.6866474139380019	0.9308165221037514	0.026812201454007176	97.39291929713781	0.0
2.297324457387321	1.2110159819756563	0.7013812433575151	0.0789330582498561	95.71134525902964	0.0
1.7611047959802242	1.072288021991892	0.8428359256083237	0.13294854103318313	96.19082271538637	0.0
2.3023109699126616	1.3001573444098358	1.3245665866739904	0.1442914210689973	94.92867367793451	0.0
2.0811809337034455	1.1091208557531147	1.831137728222069	0.03540865118697572	94.94315183113439	0.0
1.6338530705836436	0.5904273938153961	1.130841481369334	0.17919726868397617	96.46568078554765	0.0
2.4740484544984764	2.2116776066538693	1.1845362727371072	0.32979592823134407	93.79994173787921	0.0
0.8153618748109808	0.5192051373179751	1.092444902101337	0.23605676928814484	97.33693131648155	0.0
0.588282299835313	1.0714797060271073	1.4162297547175982	0.6886684473625747	96.23533979205739	0.0
1.3848950741246144	1.7352218618989734	0.6044762534204959	0.7347852776916892	95.54062153286422	0.0
3.7909105486160763	2.322343679284355	0.8755091538624247	1.0358928765381463	91.975343741699	0.0
8.739243668571445	1.8313959348569804	1.214839035595376	2.170407689378028	86.04411367159817	0.0
7.2841984219883065	3.0359598814206534	3.1126680479421065	1.85878713306037	84.70838651558856	0.0
8.875185880564453	5.87863247830872	3.072733869128119	2.4658673469213865	79.70758042507732	0.0
7.368362629192459	2.204664937996776	2.7350530317182193	2.36002812723331	85.33189127385924	0.0
10.498975499677297	0.9151231432559033	0.7154114979824536	0.8597783553689138	87.01071150371543	0.0
1.5076122189807182	1.7231775138724168	2.729004393708635	0.4050140722737885	93.63519180116442	0.0
4.548228209286485	4.017148477633469	1.747451693900194	1.20199430410779	88.48517731507205	0.0
4.598303831949463	3.5757553481364073	3.715136031966895	0.9814625100919442	87.12934227785529	0.0
1.1782128557289724	2.619666396432704	3.053420966700121	0.7276073848691196	92.42109239626907	0.0
1.3837738334677008	1.4357375230028513	1.3973512115843876	0.38450626462705434	95.398631167318	0.0
0.6923434382915249	0.8361031470065224	1.2436660440696725	0.2055799009816432	97.02230746965063	0.0
3.369894282321616	1.5797272993580629	1.0502910457911925	0.4157312108564419	93.58435616167267	0.0
2.0033919764194414	1.5591217099761028	1.9882426169401284	1.2220342109055096	93.22720948575882	0.0
1.1900517825764263	1.3685443135680748	0.4527893618025998	0.3919830647311608	96.59663147732174	0.0
0.7059574887341549	1.425911240261653	1.1021547371864076	0.44778046991160975	96.31819606390619	0.0
1.016455833524255	2.8125732830501318	0.8571349715328114	0.18603928531666225	95.12779662657613	0.0
0.913568000351554	4.241502144635651	3.28021379431489	0.3187104367595206	91.2460056239384	0.0
0.8698124235590354	8.778021610439996	8.551966208180735	0.8745813250604122	80.92561843275982	0.0
0.8341778092195254	5.72278891389707	3.277633163688895	0.6503873220087033	89.5150127911858	0.0
0.43195437254078944	1.9188706174765604	3.221078510283066	0.19101946861859745	94.237077031081	0.0
0.9537023798825613	1.7985191312379518	2.7750629067713444	0.07031447935994123	94.40240110274819	0.0
1.365579846387757	6.5359103757534065	3.3582423598978903	0.18548460374149714	88.55478281421945	0.0
1.6848885323862817	13.763333560541849	12.990065335973844	0.2582927017525104	71.3034198693455	0.0
0.3721429570043029	2.6302635392149702	2.8568476258505133	0.0945119486938029	94.04623392923642	0.0
0.9888317933051539	17.447708119084616	18.640274816219566	0.17383548330978563	62.74934978808088	0.0
0.6497254381881841	4.3357776490607085	6.30199845405844	0.09744719324586555	88.6150512654468	0.0
3.7503090789445617	7.124667106185152	11.339455111637598	0.18042616562132588	77.60514253761136	0.0
4.8048611393915115	8.092562030342	3.071823354626547	0.35030552620739286	83.68044794943256	0.0
5.937611055100232	5.152728961084092	8.674927149118075	0.37926769784007885	79.85546513685752	0.0
2.592892412915289	7.258098967265791	5.570867969183892	0.3830634360257919	84.19507721460924	0.0
3.3966952361610834	6.472898449442428	4.459568435237384	0.3715510242532831	85.29928685490582	0.0
2.5970189991329815	6.44741581958399	8.851684358290196	0.18369146926661253	81.92018935372622	0.0
3.956150305851723	9.970230975657053	11.883719361435233	0.2606466675289519	73.92925268952703	0.0
1.0301052001508595	3.926156864981362	5.072654677794803	0.2526543590653767	89.7184288980076	0.0
3.8880674207417343	16.655606080505223	6.592272854569793	0.35108829655134155	72.5129653476319	0.0
3.0238532732577785	4.068873761855726	2.897290725882485	0.06306012051088629	89.94692211849312	0.0
1.2612546798987012	1.8519838316235517	0.7123850217934623	0.01944011749153768	96.15493634919274	0.0
1.748903548150182	1.9966631595145583	1.2838353890341077	0.030550863310259673	94.9400470399909	0.0
3.229208457645575	2.842905387399967	0.5720936710097005	0.030128115513078715	93.32566436843169	0.0
9.701957479417032	7.473095572560578	4.7160182403413	0.34464346179441846	77.76428524588667	0.0
9.532025746931652	15.99375073696737	6.255226383066824	0.46223024772166943	67.75676688531249	0.0
14.582985425254732	9.933322957969928	5.784711774843991	0.3671517311126101	69.33182811081875	0.0
15.423614125370399	9.229582934247805	1.9928618719361124	0.16990365081667344	73.18403741762903	0.0
6.3903039326743905	18.848842527088326	1.3884119762030431	0.05401074612777177	73.31843081790647	0.0
8.427818477408286	4.565146790478558	4.814290221689398	0.07850143046149582	82.11424307996226	0.0
6.182601026454429	4.368952001395588	0.5119164883880964	0.09593569428218854	88.84059478947968	0.0
10.200629969386904	7.4604137650032225	5.203530829600413	1.0005762859153453	76.13484915009411	0.0
7.005096295907315	6.655512579420606	3.2961977441520656	1.0786238591203618	81.96456952139964	0.0
3.4239680145166975	4.653417889319792	3.4852987959236885	0.5506420637375331	87.88667323650228	0.0
7.805337611863418	7.607238614855481	10.47614409181485	2.915778466949996	71.19550121451626	0.0
11.536219504696428	22.32075748380727	14.38018324794584	4.031071013849597	47.73176874970088	0.0
1.6286293521651225	6.402092723293162	2.7744601170268353	2.572302204519065	86.6225156029958	0.0
5.772326849645188	14.336116125318913	8.536332083050658	2.9711185527236212	68.38410638926162	0.0
4.1127926898832525	16.636642847304284	8.642036569056597	4.892753068947836	65.71577482480802	0.0
7.241101762432622	12.464139063074727	8.809637142995037	13.182182518373603	58.30293951312401	0.0
5.474799280571603	13.531002559389362	6.453796397530115	3.0764988330673653	71.46390292944155	0.0
20.511643434333436	17.90990917797676	13.46548642169075	9.542070362147168	38.5708906038519	0.0
8.069144262446745	9.042273390227471	5.866598483728329	5.39317026345341	71.62881360014404	0.0
11.402122347635304	28.34834511441376	0.9121286750677304	5.897177462439624	53.44022640044358	0.0
9.395271513886728	65.3710736641682	4.249196139424224	4.187677718081302	16.79678096443954	2.0
5.621563273871499	17.06133559676758	2.131224910900339	1.02275667633346	74.16311954212712	0.0
2.331160656187331	13.560102276534803	1.1048184064581483	0.9435419605764969	82.06037670024322	0.0
3.128900630884964	10.15682335769594	0.7974482145337395	0.8004185536665978	85.11640924321875	0.0
10.092609737143524	17.72014601803556	1.3900463657920241	1.173333271771683	69.62386460725722	0.0
5.547423927736784	7.174438914887926	3.0470508982826288	0.6473518473911866	83.58373441170149	0.0
1.017776007201696	3.1215721487918997	4.666459852311134	0.16796175112833317	91.02623024056695	0.0
2.56204875714824	7.664219714518057	0.5258263350659144	0.48846315813659374	88.7594420351312	0.0
0.3394230239596072	2.1960799377411924	0.05361531622167659	0.08839070449160974	97.3224910175859	0.0
1.4200507677974608	6.486478430305567	2.684082536780123	1.2551309023376338	88.15425736277922	0.0
3.61993476332881	6.284754215982681	4.1412722525535735	0.4380725873229797	85.51596618081196	0.0
3.0680077679890947	4.913859056583124	0.33456659890522156	0.020238699320706138	91.66332787720185	0.0
2.9794941517955387	7.776837932019459	2.1742923936856147	0.0908379497748174	86.97853757272458	0.0
1.2489602233688022	1.9904817685862792	0.6983331378405611	0.07635325146287084	95.9858716187415	0.0
1.9287405288934363	3.5619289966799736	1.7156473797940948	0.43953317059970237	92.35414992403278	0.0
1.029477363251286	1.4547229121143461	0.908864427800372	0.10130397823458334	96.50563131859941	0.0
2.19433006014559	3.277746231499222	0.9235972382094346	0.8101580661365829	92.79416840400918	0.0
0.525045383281792	0.8806251636054063	0.16327877925983056	0.341310230539149	98.08974044331381	0.0
1.7695778907093955	1.8254258569988389	0.5142655471759492	0.3849770033443677	95.50575370177145	0.0
1.353925539606424	2.4024089027088324	1.096178753877998	0.08015503934909753	95.06733176445763	0.0
1.2605259665601913	1.006838597442793	0.19027264315106357	0.12351208501277063	97.41885070783319	0.0
0.7617494976857164	0.35934922016037146	0.011379951138325562	0.07269094190756915	98.79483038910801	0.0
4.712868619950916	3.991623304852644	0.040911372886226795	1.5387208118422524	89.71587589046797	0.0
1.3695881476400107	1.5963246260663873	0.16803325722959578	0.3205781858774659	96.54547578318655	0.0
2.6349971401750114	2.4652034874887265	0.055171081263891704	0.958397932888654	93.88623035818371	0.0
1.315107711686889	2.0909074860640207	0.06798848040955718	0.2471030355130833	96.27889328632645	0.0
1.066908403307394	1.2164132929526805	0.011212153185222173	0.2967748358868672	97.40869131466783	0.0
3.670239140949295	4.580115021606807	0.01434177545264126	0.5983455229811252	91.13695853901012	0.0
1.274508044549187	0.6364274266087793	0.01296774764622813	0.2642997339059464	97.81179704728984	0.0
3.254696468950068	1.165779216032167	0.010277102389982895	0.19225846325740448	95.37698874937037	0.0
1.0137282160053824	0.5048030871280376	0.004092000796177182	0.09580081930131422	98.3815758767691	0.0
0.7607140130366926	0.4924135890052638	0.06222672933049912	0.10003856178258139	98.58460710684496	0.0
1.8195466879394142	2.1624110928609155	0.007906715667663562	0.24634983596517976	95.76378566756681	0.0
1.6543567661498977	1.4613947411757977	0.014057799227916513	0.1277291246429809	96.7424615688034	0.0
0.6450802055550431	1.9672196889112388	0.20256009058944577	0.06552369267081737	97.11961632227344	0.0
0.7688311868800227	0.5759541572286552	0.006844746256081959	0.04289137384696926	98.60547853578828	0.0
1.2954531229196902	0.6941157663567331	0.02826699551285626	0.028905445460315468	97.95325866975041	0.0
1.1277883564308175	0.28352643415112483	0.00586229080012904	0.018781982659464118	98.56404093595846	0.0
0.2804856508335601	0.44192156366331437	0.11242464879296092	0.009628656320530088	99.15553948038963	0.0
1.8766361982061972	0.9136106593167899	0.1987414355254341	0.008517015757038388	97.00249469119454	0.0
0.2974694768550744	0.513827340387382	0.22591658390001437	0.011937093438842588	98.95084950541869	0.0
0.6421232116198222	0.9272246443718641	0.2595468370828626	0.04312459495076413	98.1279807119747	0.0
0.289294165902394	0.5518995224800007	0.12760114204691253	0.006296959192878195	99.02490821037782	0.0
0.36199938049185043	0.5364871521877022	0.579857273208639	0.039886962195257655	98.48176923191654	0.0
1.665716694526174	2.2411063772173847	0.08667457880394627	0.06320989895508092	95.94329245049742	0.0
1.2298680104326407	2.1389630893595513	0.2223054026723967	0.07433491180674545	96.33452858572868	0.0
1.4844738295484967	1.3255352844215953	0.3423110920087863	0.06463544886353	96.78304434515759	0.0
1.2864576814224646	2.684957200699883	0.12423987720461026	0.03876074988477431	95.86558449078827	0.0
0.6937558039184419	1.3661532601054875	0.3405148251324108	0.026650357239143836	97.57292575360452	0.0
3.6310492742510805	2.5529057380553293	0.4037913587639679	0.07328580249888375	93.33896782643073	0.0
7.498546141609802	8.494228315570924	2.061420454992148	0.17017269706962018	81.7756323907575	0.0
2.237440759474383	2.053439214777197	0.6115126992275913	0.05749380551347784	95.04011352100734	0.0
4.836361288809014	2.8609978431864316	1.9342024416255144	0.03336485735220394	90.33507356902685	0.0
7.467944942733171	5.625409724534194	4.384520760181952	0.11295241384554441	82.40917215870513	0.0
8.071782288182092	14.846471234355285	15.631191393956238	0.5820223199887005	60.86853276351768	0.0
4.619338324159381	13.293999354260997	7.769000454816563	0.4455210803516102	73.87214078641145	0.0
14.670754192683921	22.255802338306275	15.806169932931244	4.506399963147122	42.76087357293144	0.0
5.076219497755825	15.670449082482818	21.074337300701764	1.3904035934112098	56.78859052564839	0.0
3.9686497205413263	11.558677308025436	15.082323600623473	6.115403995770921	63.27494537503885	0.0
2.8742527239686377	36.414805799789946	23.081601803335364	7.677653594721312	29.951686078184743	2.0
4.496590562826134	19.301862669876908	13.402681814967615	2.5927939842788965	60.20607096805046	0.0
2.6670830506913665	15.504826769850538	10.25680970755184	2.3619665152182874	69.20931395668796	0.0
3.9630020532083745	14.50867787672919	13.390466947356112	1.2466885291588574	66.89116459354749	0.0
9.912090848905814	8.157805453987887	22.12861407886105	1.0562782875029777	58.745211330742265	0.0
4.548699368857389	12.98398612204655	13.886400821965742	3.693578804031423	64.8873348830989	0.0
2.9828220962607945	13.036753991594138	24.94406116759408	5.892205441320734	53.14415730323026	0.0
4.166060504992218	12.750659244424153	7.807177289470397	1.945477104278741	73.3306258568345	0.0
6.55862190828938	24.655882981031766	4.264199602740004	6.118352090683625	58.40294341725523	0.0
6.688445508347288	11.633082512463885	2.52758205213474	1.003607124715524	78.14728280233857	0.0
6.046115914344976	13.56492752458816	4.686969101208811	3.380870569552418	72.32111689030563	0.0
4.541609599065193	16.199417774055675	4.942896853338724	1.1670654519667365	73.14901032157367	0.0
6.635207818282798	37.76045594616122	2.734819070390313	1.7852889424890024	51.08422822267665	0.0
3.5256317571305242	14.241605523247483	1.9334201469626697	1.2830427165375988	79.01629985612172	0.0
4.4918237837832065	24.30630615957892	3.3644334151238464	0.4615315882661818	67.37590505324785	0.0
6.459226771779515	35.23634974112448	8.268291915938493	3.3685578460127754	46.66757372514473	0.0
4.353692603724092	20.631042362539013	12.062437342365136	2.3977052071658917	60.55512248420587	0.0
5.268315225237106	31.080543763853058	9.065163449587393	4.592230678875384	49.99374688244708	0.0
4.873857681336802	21.05578930396305	5.574333062597971	1.028550602046865	67.46746935005532	0.0
5.550897265006157	32.2259838793185	7.226285992177125	1.8740102463932307	53.12282261710498	0.0
5.331893544130327	14.52743010690056	4.038404005031459	4.350744990905453	71.7515273530322	0.0
2.2090775585123534	2.88403487874106	0.1496790389706963	1.0600080549106408	93.69720046886523	0.0
11.852699317954421	5.12214851680232	2.1055516708864355	0.6981932803423073	80.2214072140145	0.0
17.37945637849699	10.605450723803974	3.5076654741657816	0.6232467046526853	67.88418071888056	0.0
12.312396944747912	5.7426312664613	1.3292624920659695	0.5475583314979096	80.06815096522692	0.0
4.168346259704135	3.991550309033788	1.1970484573503293	0.16018207103836662	90.48287290287338	0.0
4.256192477098043	1.5979892756556098	2.8845933080173793	0.07785737509138267	91.18336756413757	0.0
2.2451515520051366	1.239966603638351	2.32101550100812	0.1155801597424058	94.07828618360598	0.0
0.9906052770012866	1.3146045450679331	0.7855388848043595	0.13500918963290648	96.7742421034935	0.0
1.5334857571095004	9.73991545852316	2.485809648267344	0.14405030083588516	86.0967388352641	0.0
5.062300194398393	9.288204952482044	1.4056168244304583	0.07495308653555796	84.16892494215354	0.0
1.391633222244199	15.38393258815867	1.7934458639310615	0.12399361143858763	81.30699471422749	0.0
4.330762467993908	10.228580315986571	2.14550218165485	0.20469418141551704	83.09046085294916	0.0
5.547503682130177	17.567990353426612	4.661944331372347	1.2366064478555812	70.98595518521529	0.0
4.750010806488364	54.070394282001374	3.1196406780916295	0.5338068294617888	37.52614740395684	2.0
5.860977049790575	48.749997539057674	12.569397237811595	1.0911955805020264	31.728432592838125	2.0
7.029471117728137	30.462832540479713	9.149879919788619	1.486769767315736	51.87104665468779	0.0
4.735956120552438	24.243963566218177	10.999482246977031	1.3549785459808101	58.66561952027155	0.0
8.714261800413405	20.143948987085754	8.010556036236878	4.836381851911066	58.294851324352905	0.0
3.1516559736077143	4.69873586445448	0.09637815314511214	0.5245403759060333	91.52868963288667	0.0
3.8070732250418358	7.2712954595565105	0.05672562113894325	0.2598446662009762	88.60506102806174	0.0
8.271340732885509	4.548850251563287	0.00015573366200020706	0.2303048445728591	86.94934843731636	0.0
4.7967919094948295	3.9362645003421943	0.054314437190071625	0.40222511271979006	90.8104040402531	0.0
4.301876685940141	4.620653061619811	0.15629519674493395	0.3940935017667641	90.52708155392834	0.0
0.9570996739500444	1.4033523189081798	0.03052562987475907	0.08337705504276492	97.52564532222425	0.0
0.2862135249563367	0.5566349633658146	0.109788172724438	0.07224875555256799	98.97511458340085	0.0
0.40250567429206935	0.3884099818429302	0.08838703863019434	0.049181959305781835	99.07151534592901	0.0
0.13999597926063245	0.7743675452201895	0.38313963014299873	0.0775339378856768	98.62496290749051	0.0
0.2479230657654358	2.5792581601604763	1.0456600495225654	0.3186299046971372	95.80852881985437	0.0
0.500923892548466	6.749522082422134	3.4200032253552677	0.6898440455818438	88.63970675409229	0.0
0.3911886409729049	0.9601494193253454	0.3815818362626359	0.19253999099415742	98.07454011244495	0.0
0.9514797924506923	3.1843388323075836	0.22351358650275124	0.5120134333760686	95.1286543553629	0.0
1.204597242413887	4.151138314976998	0.5531070252934238	0.5762632726486616	93.51489414466704	0.0
0.5688395497919411	1.4888278724223114	0.05342085763134032	0.20529746384150183	97.68361425631291	0.0
1.2048459197719	2.6681404462267957	1.2594307047768913	0.5420638281804279	94.32551910104398	0.0
1.2211766499255678	1.375398474016096	0.8197141901437169	0.35987475068615454	96.22383593522846	0.0
0.6036048999122406	0.8672060243141287	0.4264517043261322	0.049749100309759695	98.05298827113774	0.0
0.5961873430873933	0.7338144967866904	1.0129497103965281	0.06902107306342879	97.58802737666595	0.0
0.7606002128846142	1.6258925906612403	0.3266660074823983	0.15092683031711673	97.13591435865463	0.0
0.5511205957719095	0.5708900685020158	0.18769501215716194	0.04240240851271135	98.6478919150562	0.0
0.2463565203030793	0.2848328784906495	0.0664703759589827	0.003377192747095459	99.3989630325002	0.0
0.24804628350174698	0.20390592931710289	0.15094693484044439	0.02153624606754901	99.37556460627316	0.0
1.98941634392527	0.6304613860274294	0.031182230723587445	0.029586474943187693	97.31935356438052	0.0
2.6821104595405054	1.1404468169800186	0.8175353193192986	0.09628537733267456	95.2636220268275	0.0
1.46389986274183	0.6067526863181127	0.004773012070334718	0.12935624336707274	97.79521819550266	0.0
0.6219974814454026	0.31607651787231594	0.00866636828639145	0.11768938286024189	98.93557024953566	0.0
0.6963734694004396	0.39109918819163114	0.03073480677974405	0.16870149515081959	98.71309104047737	0.0
0.6587367904551921	0.2202815134792709	0.03338408023488657	0.05454179010604605	99.03305582572462	0.0
0.2026451652304692	0.16016700213743687	0.01574232926848141	0.04286514868238611	99.57858035468121	0.0
0.8046916106712798	0.3638111804363705	0.018723109409479275	0.46573913875241196	98.34703496073045	0.0
0.5007440344774455	0.252846964992186	0.019767782674972468	0.11279732331087651	99.11384389454452	0.0
0.8325510228406054	0.4298961776509675	0.05237901255565156	0.07048511393013134	98.61468867302266	0.0
0.6986459252446456	0.7768434671843553	0.0886990189401646	0.1169698004996983	98.31884178813114	0.0
0.15118258284525427	0.15630659615557815	0.037429501036002046	0.06818535605265096	99.58689596391051	0.0
0.7987459879296551	0.18527815707095968	0.008854949453054511	0.14257110143328947	98.86454980411304	0.0
0.7140017040048519	0.478812585462086	0.018305161278362955	0.7032835169177502	98.08559703233695	0.0
1.1848914930198862	0.3637082003208233	0.05455995310122024	1.2728656626645303	97.12397469089355	0.0
0.8692086056373696	0.6081952240631768	0.17624067384279554	0.8001961785424389	97.54615931791423	0.0
0.29855709812089	0.31312782691181806	0.03431845197046538	0.9020053222991313	98.4519913006977	0.0
0.8408660734305063	0.8826176898187965	0.11934199078392682	11.389445667062475	86.7677285789043	0.0
0.5807223067352417	0.5579088750941211	0.038237090165247525	2.333724259183748	96.48940746882163	0.0
0.964946317472126	1.1193003511902613	0.08137207760472605	0.28468170838049417	97.5496995453524	0.0
1.3968603906559927	1.336644550700366	0.131382031313169	2.2337683173492033	94.90134470998126	0.0
1.1117466362877502	0.6344933905511618	0.05151594631957927	0.284017235002497	97.91822679183902	0.0
0.46379756628100743	0.9460038750283266	0.07397079182237797	0.3333903469536313	98.18283741991465	0.0
1.7433021238545638	0.7966590396902626	0.06939061033756319	1.665161744361942	95.72548648175567	0.0
1.1022785374288757	0.8110731638223512	0.02843561029553063	0.5113695410727471	97.54684314738049	0.0
0.7458398782171108	0.5098896228953743	0.023335950429764368	0.3491998596721541	98.37173468878558	0.0
1.6490710268269453	2.0630969075291627	0.2002298070771205	0.3957620640647256	95.69184019450205	0.0
1.5132818561923789	1.5728668000117487	0.25609116842119595	0.3596852194617541	96.29807495591292	0.0
2.1650573245755624	1.6036265371945604	0.19694692278541676	0.38236344278606166	95.6520057726584	0.0
3.03249719649177	1.218578597343474	0.4056197379088914	1.6507078456216826	93.69259662263418	0.0
1.8423051328164457	1.16840696629895	0.7240666367331068	3.786239361110158	92.47898190304133	0.0
2.54431559417266	1.145279624317685	0.106142040081567	3.0895704527805585	93.11469228864753	0.0
1.507640305494033	1.7139566444238217	0.09988293867158894	3.7018368506786246	92.97668326073193	0.0
2.4250364558920507	2.727974843638225	0.18060322442120558	0.7943516297766687	93.87203384627185	0.0
0.6196711081089921	0.6166205362466626	0.06030691498289576	0.6080851721875401	98.09531626847391	0.0
2.3928388274406664	1.9577948690953881	0.1695500025813205	2.7319288940345	92.74788740684812	0.0
3.154833252262478	1.66212800191105	0.10468276057002425	1.9507317655648144	93.12762421969164	0.0
4.047045676705774	3.657474053171776	0.7053940992526856	0.5717394918715509	91.01834667899821	0.0
3.108551886278469	4.31495318223799	1.9634836973417014	0.5737309239920665	90.03928031014978	0.0
0.8114321850579236	1.4345244466143803	0.2430138139116951	0.038544710340794916	97.4724848440752	0.0
2.9770760618779097	2.6853760162715155	0.9064900333887257	0.11034668816022322	93.32071120030163	0.0
2.5998827548852406	2.18084703460084	0.4867842198842727	0.036665102977424126	94.69582088765222	0.0
10.27247152516817	9.099180905040535	1.786194676934099	0.13055020130266715	78.71160269155452	0.0
11.048687397332657	11.697940566481863	1.224438077645627	0.07291536350087356	75.95601859503898	0.0
9.920707702387013	9.668643662079592	1.387023724545295	0.2433003760800594	78.78032453490805	0.0
7.00644191028058	12.272587095952344	4.547549379177431	0.39413716003250665	75.77928445455713	0.0
4.536833120115542	11.370539853677988	13.280863716477102	0.26614524875638534	70.54561806097298	0.0
3.2027440594641647	4.1093831706866455	5.047227707976353	0.1126646398214727	87.52798042205137	0.0
10.87910110061962	8.878876302410486	10.42949882669966	0.4465478500756308	69.36597592019461	0.0
3.3120098295592424	3.68191682226636	6.0146502834489635	0.17471886954145338	86.81670419518399	0.0
3.4594825759490835	5.829168905669927	0.8067495213422649	0.763000199777307	89.14159879726142	0.0
1.3387185346324835	6.487277537409981	3.5349830320977373	1.3153800891235512	87.32364080673626	0.0
1.1771111788869282	3.6909092203036473	4.003841656440151	0.38147169370952333	90.74666625065976	0.0
5.530188706838404	10.665984945462824	7.671474477915591	1.2859201841765535	74.84643168560665	0.0
6.819678262990793	11.923143905425095	25.984628686231847	4.8555734297506845	50.41697571560159	0.0
2.541794632830862	11.761435760791054	15.031582724515467	1.4422889682355151	69.22289791362711	0.0
2.4855648190909596	13.48674655519665	19.89120662287856	1.2974626351353287	62.8390193676985	0.0
2.601405370374258	8.257952900833894	14.799263274567734	0.5570378868426008	73.7843405673815	0.0
6.856129623557219	8.640585225962814	15.793735534545226	0.7300816006340295	67.97946801530071	0.0
14.502947393565108	7.228933245180641	13.965975678984584	1.7943976646318687	62.5077460176378	0.0
13.015592094660816	17.322104742952284	20.93673299011045	2.0839197486745222	46.64165042360193	0.0
17.383901061138975	12.674585376082813	10.546022649512278	2.5490605292720927	56.84643038399384	0.0
12.128040094398465	8.48797945569524	4.075131348373985	0.5752670581703889	74.7335820433619	0.0
8.269791377318205	10.039833821969234	5.929064964218584	1.4174463698483357	74.34386346664566	0.0
1.9792364434098744	2.4071659712222737	1.1857746252436114	0.08250402089338256	94.34531893923086	0.0
4.940441432636201	2.686357952066503	1.8978447281341817	0.19491162100347853	90.28044426615963	0.0
9.012828298479212	5.107302701572707	2.7283142422590627	0.6147052731948919	82.53684948449413	0.0
5.8716806266259205	6.759314519610471	4.148233389808208	0.08971858245351902	83.13105288150189	0.0
1.9472503906573961	5.417777634153664	0.22675732135404575	0.06726323822376824	92.34095141561113	0.0
13.369425712016508	16.243772909276732	8.45995520153153	0.2509872518366172	61.67585892533861	0.0
7.135284775120526	10.138342907785987	4.516942956142775	0.15805543479903175	78.05137392615168	0.0
17.49437163334695	13.529270106951916	9.70806793336529	0.2882807503355349	58.980009576000306	0.0
6.237774773938579	7.710779750635652	5.580763322977992	0.3697528473626371	80.10092930508515	0.0
14.730328670785939	7.139125177814673	7.468376388637604	0.2940485289272972	70.36812123383449	0.0
11.42000536619072	14.888500255092696	9.352406882108705	0.6477715201602569	63.69131597644761	0.0
15.54540081497108	11.274017473807957	3.1378456032703532	1.8893830458703214	68.15335306208028	0.0
11.4897670487534	10.570954073859678	1.6517892094330238	0.8364410658169915	75.45104860213692	0.0
8.694570535360482	8.814592750362852	2.175879996893752	1.1966723188124146	79.11828439857051	0.0
4.397502575790469	8.5284660438328	3.492808309468618	1.2592791035717719	82.32194396733634	0.0
4.258611964217163	13.552974730004616	2.81236064868071	0.6614257491096024	78.7146269079879	0.0
6.694633436379714	14.672577189848571	1.197887078333486	0.4086413657167575	77.02626092972147	0.0
10.3182036739109	26.32067841372625	1.7984750105820462	4.525059982574053	57.03758291920676	0.0
5.508039738358422	18.4226831305247	2.989643350946596	1.8251651149342216	71.25446866523606	0.0
6.198182219607108	16.563458474100507	0.7555437595018273	1.6487408952698555	74.83407465152071	0.0
2.5595020831812163	6.44154012982222	3.7564194635164116	3.791496545433479	83.45104177804669	0.0
2.9351869664014503	7.577246321650506	7.047550055322563	0.9912954902787312	81.44872116634674	0.0
3.1542687269840006	19.171383116943215	10.634886856807407	3.9670024228394754	63.0724588764259	0.0
3.5526405960244776	16.96308641176512	16.44919869360977	4.354240733215044	58.68083356538559	0.0
3.946865656942585	11.33207587150686	12.19513907885442	0.5000169510096031	72.02590244168653	0.0
4.213885503295748	11.466770619234845	6.287331979624357	0.8687530586302333	77.1632588392148	0.0
8.995092472117305	14.895588485416217	7.0030384962983705	1.279641341131025	67.82663920503708	0.0
9.40702061194688	31.077809649378878	8.040101786117377	1.4359822264314943	50.039085726125364	0.0
8.589758745721083	27.66949455126114	10.885548849162184	2.055533543531288	50.7996643103243	0.0
4.9212907423076	15.46939818069173	2.08717379727356	0.3424551559282605	77.17968212379884	0.0
19.523133827673263	25.063507028682963	8.305956800557524	1.507229158765435	45.600173184320816	0.0
7.163098379301747	11.805011090829382	0.9659090354712865	1.458129139303615	78.60785235509398	0.0
12.224009185182966	9.189493659972142	1.0464874550564474	1.4222294303987537	76.1177802693897	0.0
5.532971449088851	16.504463730966247	0.7162980913817817	2.986502586877343	74.25976414168576	0.0
7.246966634905486	17.836634662223236	1.450434934549265	6.483288962687035	66.98267480563497	0.0
6.8833894422275135	17.819983673427974	1.0949753022442261	8.921292857416203	65.28035872468408	0.0
4.7920110106633595	32.1615939855939	0.8103108561599695	6.100892755694021	56.13519139188874	0.0
3.566819316271906	52.34866995668299	1.5161312477870246	4.2338597619507015	38.33451971730738	2.0
5.370753328546442	41.15760799255887	3.3485120816879035	5.203080155246285	44.92004644196049	0.0
3.2923503372301677	38.49553063640623	3.4127765226763724	4.57648219430946	50.22286030937777	0.0
2.80226116522583	28.19998221900407	2.9018118259683123	2.675709785534001	63.42023500426778	0.0
1.6020613255198337	14.084806088794322	0.7520973526693184	1.7990751931626994	81.76196003985383	0.0
3.1483544301235455	32.67867823090096	1.037343688516397	1.0548906595783665	62.080732990880726	0.0
4.558446650070612	24.445724225419195	2.684000891580417	1.7621889346222341	66.54963929830755	0.0
7.538387572617915	20.46644456006607	3.143647111161909	2.346012297081703	66.5055084590724	0.0
9.062480503537248	20.463170706955463	2.3851021936577594	1.6605670787508335	66.4286795170987	0.0
8.998605253892405	17.131613020681208	0.6139223485666544	0.6427444992688781	72.61311487759086	0.0
5.772303594337541	12.389654543100054	1.1311133576742551	0.5109618557148696	80.19596664917327	0.0
25.106225721309222	15.62184488526525	2.5745540390472965	1.5129288476673954	55.18444650671084	0.0
10.271049653298329	5.1150514106074425	3.131953227868689	0.29741522536124393	81.1845304828643	0.0
6.681741198375904	2.5824335446549833	2.083614845098061	0.26524793716017503	88.38696247471087	0.0
7.753909482318394	3.877540785482082	2.7236236858618286	0.24902667689839517	85.39589936943929	0.0
15.233599832026021	7.3943622454025	2.789287972640022	0.5160630738230926	74.06668687610836	0.0
6.0357008604377675	4.442835074955477	4.004431212447776	0.3815591269614488	85.13547372519754	0.0
4.503473815310645	7.258198534184235	7.377317514382714	0.6884708792083386	80.17253925691405	0.0
2.790365435642734	4.327883243513816	4.497863091026293	0.40202237659903145	87.98186585321814	0.0
1.9376960253087445	10.604362216447818	8.495866085074836	1.1518349713034675	77.81024070186513	0.0
3.42224983963204	10.33803220581687	2.09359819690171	0.24906299708213225	83.89705676056724	0.0
11.035972607004348	10.824697081951285	4.461777065286897	0.3494956240907667	73.32805762166672	0.0
15.23316333880812	13.953154676988772	12.091732160909185	0.7931883567836707	57.92876146651026	0.0
5.9434147545561675	7.613953741820654	4.906364220591994	0.33994470121596626	81.19632258181522	0.0
9.691429981280718	9.561638084210587	7.824869792898646	0.9759243108894056	71.94613783072063	0.0
9.220283041128527	8.574803993387517	11.246751015090544	0.18911430102267582	70.76904764937075	0.0
7.973272418474808	12.63394333675714	11.282423941027787	0.38361541647044045	67.72674488726983	0.0
8.270707429251722	8.610654690864406	9.974750463091016	0.48088017802110966	72.66300723877175	0.0
5.478783007374025	14.313064597079034	23.441815579315147	1.0340214650083317	55.73231535122347	0.0
3.924107921569097	14.3886780524716	36.45011712606681	0.7659759765244073	44.4711209233681	0.0
4.950442175717182	21.34908125170574	20.966283975742154	2.3040254136051987	50.43016718322973	0.0
3.8775262217672237	11.419506600902073	16.539474801509506	0.5539772090561781	67.60951516676502	0.0
13.545405512714174	13.875931934469273	17.814652443344627	1.293270954282639	53.470739155189285	0.0
3.9315886187913005	3.345101051069002	4.456985295943746	0.1737754797479001	88.09254955444806	0.0
25.562800925023804	13.271754358686543	12.864292021317686	1.2822133492484244	47.018939345723545	0.0
20.83005198762113	14.776862197640057	9.06239927209007	1.7444228363105676	53.58626370633818	0.0
13.522045462052128	10.022868835451863	6.88911459908113	0.6785417453069302	68.88742935810794	0.0
2.4043210846950958	9.263982068234975	6.635083831344788	2.687664480623428	79.00894853510171	0.0
4.523031237713982	9.049645034472457	2.9683526216114515	1.2346466648090972	82.22432444139301	0.0
9.48211543034702	15.054918483680051	3.7205175460560533	1.0055242727908915	70.73692426712597	0.0
3.2636635358751733	5.700422834720823	2.0263246801294676	0.38484584588307114	88.62474310339147	0.0
10.650318519430268	20.68951345792408	9.70915057835765	2.2700056592428175	56.68101178504518	0.0
3.303329226994421	13.86968324315139	7.500866005257838	1.6967600970521233	73.62936142754423	0.0
10.978385058276148	26.61779596329776	12.796580762587004	8.3003322118654	41.306906003973694	0.0
2.70057427934428	19.80082725475921	10.74438939277142	3.7376683588591524	63.016540714265936	0.0
3.0683294530729763	17.434498706933244	18.8722246709506	1.5355721931351425	59.089374975908036	0.0
5.4222996888143715	20.48660015154075	20.26101892635797	5.3067343546754335	48.523346878611484	0.0
5.244081523290214	20.431864123740542	16.933497070597962	3.9297919184313037	53.46076536393998	0.0
3.92013602498531	19.229541372436664	20.2356796377653	4.53803051061635	52.07661245419638	0.0
1.732300851087255	14.95076264219344	14.401330644014207	7.073634002269653	61.84197186043544	0.0
4.4770232408019215	24.190666636833036	16.196535401411	4.873489933126523	50.26228478782752	0.0
2.7229481947050838	23.350558912400775	6.799838492725652	1.374921069832319	65.75173333033617	0.0
2.79837052848189	14.60468031505801	5.885901016829565	0.8105985352443824	75.90044960438615	0.0
5.583752115533507	29.418601964054435	8.903293653180462	0.9878234117182827	55.10652885551332	0.0
6.577004924390587	20.39466294077594	11.149030448921229	1.1862258772373728	60.69307580867487	0.0
6.619193607548319	11.575946870866426	10.206553640334919	3.04815796948814	68.55014791176221	0.0
7.272028636896652	9.818568017923125	8.880575970512975	6.788515541412912	67.24031183325432	0.0
3.7993929036324556	12.665865117237843	8.600178777621952	24.897751296120635	50.03681190538711	0.0
1.832787385952249	5.644259070234187	15.224794660301361	3.443081973274056	73.85507691023815	0.0
10.852838586451194	14.607591373014357	15.52182729738445	4.022114998084334	54.99562774506567	0.0
14.711947028844879	12.339528912899453	17.63240748029333	3.5882209890910044	51.72789558887134	0.0
4.351672139814149	24.404194285419514	37.14035485471885	13.604198852084446	20.499579867963035	3.0
2.784178600981404	6.791759468385838	21.92995936377378	4.393284265147751	64.10081830171123	0.0
2.092273035957125	11.892915094666103	21.630210313187224	8.247099673230977	56.137501882958574	0.0
2.4917176220758255	13.056600797634916	35.27950749567241	25.17648860894155	23.9956854756753	3.0
11.625460445358526	22.21045243192578	10.27589982316096	32.72914526431768	23.15904203523705	4.0
4.390059850080982	16.44372071977272	11.09186319695961	5.1841721354742685	62.89018409771242	0.0
1.308076606725602	17.394196398223247	20.18512702548249	9.24272760823723	51.86987236133144	0.0
1.1762093500524398	8.104289932465344	14.664952065376083	15.46647072596862	60.588077926137515	0.0
2.281212395943039	11.01045590728689	9.830701384643953	2.9731644170421307	73.90446589508399	0.0
3.522858036842121	21.649639422648654	5.633184036528014	22.557891045789617	46.6364274581916	0.0
2.61729191475081	16.88654988393443	5.228768843667523	8.095332395346558	67.17205696230069	0.0
3.597751797290731	21.019077877233432	20.838299618572197	13.152837853810851	41.39203285309279	0.0
6.320794730084433	14.918882678352693	21.694735583721165	2.1717819748803397	54.893805032961374	0.0
18.69236108570422	13.982746071071361	7.433745421089786	3.5318881755112184	56.35925924662342	0.0
6.874189600642225	17.910133598630978	11.195297926638935	1.448504674301298	62.571874199786556	0.0
5.102010180811233	26.64938532397648	6.745113143822613	1.7928034027761652	59.7106879486135	0.0
1.7251116204191297	31.935439039443953	12.99837740091262	3.5682507757909403	49.77282116343334	0.0
2.543473680099976	29.223060250884014	16.963556662694945	11.360096544193627	39.909812862127445	0.0
