N1	N2	N3	R	W	anotacion
0.8368936096010996	0.8921012298388367	0.06700580057963122	0.002034019854052837	98.20196534012638	0
0.5283476093261691	0.5570553529356959	0.003362827682085523	0.005612667590995566	98.90562154246506	0
0.4639723557186294	1.2455728697043096	0.004648725195754171	0.0062500259452862635	98.27955602343602	0
0.05988695759716214	0.3104736830316384	0.0029057813295544875	0.000958509703001635	99.62577506833864	0
0.031172838025833847	0.039630329251348836	0.0027777847716055682	0.0005032203019086812	99.9259158276493	0
0.0721405582586564	0.06856675679504824	0.0021512194054653113	0.003191122500221371	99.85395034304062	0
0.023012222964814207	0.01332138938242398	0.0019279721835702172	0.0004975164017125168	99.96124089906748	0
0.012032954295792007	0.010156874956044571	0.0028286142088115676	0.0008780795545016011	99.97410347698485	0
0.15319521579382664	0.5037732385611281	0.006372867303940642	0.008126139318673363	99.32853253902243	0
0.1015502016032723	0.22084192042847425	0.0029979804962606024	0.039469308921383305	99.63514058855061	0
0.10024112405804221	0.046667671745404204	0.0013966710638916042	0.005888813357924924	99.84580571977475	0
0.11589738647135032	0.055965848168101136	0.001428913315040808	0.02878485373608992	99.79792299830942	0
0.2665743698213214	0.13936009513410236	0.002367091319057677	0.021599346390908596	99.57009909733459	0
0.6646078446292382	0.22648057932465032	0.001193050047357752	0.07650854120361089	99.03120998479513	0
0.38272737432301446	0.1356874329781479	0.0004979599678691318	0.017507391325435467	99.46357984140553	0
1.426522464834219	0.18754268866572815	0.0004242621480944961	0.009490769018283076	98.37601981533368	0
0.27265990881040825	0.3051837492102481	0.007015524321736585	0.017313606366399784	99.3978272112912	0
0.406278384111305	0.0883987418906418	0.0006097986445742785	0.02281748612232298	99.48189558923116	0
0.7417437074995483	0.18521237790768302	0.0005810456627314875	0.015910773806330963	99.05655209512369	0
0.06665902947477625	0.07166354448473797	0.0003478284572851647	0.007117542706760632	99.85421205487643	0
0.16229739022612738	0.06237965855714144	0.00010833451965354811	0.012097227517130242	99.76311738917994	0
0.4172297670210277	0.07979674505117156	0.00026000258138097874	13.687502424574141	85.81521106077228	0
0.5698097259039773	0.13494523246985407	0.00011891049616585672	0.08084177401202022	99.21428435711799	0
0.5438883815987756	0.09026572466023029	0.00019183787912511893	0.03525182386300275	99.33040223199886	0
0.3552935776694513	0.07526900344715742	0.00011099249742033873	0.05328416193792543	99.51604226444805	0
0.6420397129885068	0.20040705565541125	0.0001797897688640886	0.04751528409317727	99.10985815749403	0
0.3674566036913946	0.060120325424754276	4.6006295675709997e-05	0.01409906759879546	99.55827799698937	0
1.175567585134865	0.12508998810813698	5.519575005128927e-05	0.020477001302639488	98.67881022970431	0
11.18007929293033	0.6359333323852199	0.0003338925022511224	0.07086710317540264	88.1127863790068	0
11.7126712330956	0.601310169440997	0.0004767987771892203	0.05132591791946945	87.63421588076675	0
7.926793040484858	0.5038683901966028	0.0008103174779954519	0.038689422670202964	91.52983882917033	0
22.406478423773287	2.2372810266345686	0.0024306006502738393	0.11544408687106096	75.23836586207081	0
24.088071084471338	2.620491878444641	0.000746820796907363	0.05448628684037492	73.23620392944673	0
0.33325454313297315	0.06488818118665038	0.0005152174956343225	0.017868414356548006	99.5834736438282	0
4.072006628926465	0.43415296156899386	0.0016047017404842074	0.08271857824968683	95.40951712951437	0
0.8175038602637512	0.3001900525141533	0.000833614791640768	0.036472999686764145	98.8449994727437	0
8.637644564832014	0.8638054408800406	0.0009226753132885836	0.17766311181913635	90.31996420715551	0
7.154668359940164	0.554499712122791	0.0009910418857847563	0.4059624243359131	91.88387846171534	0
14.558620990943707	1.5016122546732902	0.001701378308365468	0.26409270734050627	83.67397266873414	0
13.494899917457479	1.1983883685973629	0.000705799440850917	0.3586250888590262	84.9473808256453	0
9.159213947182185	3.213148268999037	0.0024233466356176347	0.3920824732879233	87.23313196389523	0
19.466039841039688	5.862820153882951	0.0019691741983316443	0.19220216106160584	74.47696866981742	0
19.944010340462974	5.229701659178967	0.003211606806884865	0.31927598670365975	74.50380040684752	0
46.742785979217516	36.923625754700176	0.014224217334635037	0.5286540919929553	15.790709956754734	1
28.72353918863444	66.26467684686175	0.014620074938354337	0.3460014637922615	4.651162425773213	2
32.957370513000825	56.374604469124975	0.014722625623324248	0.24903659164810785	10.40426580060277	2
6.5265466022293035	90.8254248019403	0.01792463897259147	0.07336735268818333	2.556736604169605	2
7.057970399517338	91.88646158414684	0.016596764111080416	0.04787830074938226	0.991092951475356	2
5.3592831811821915	88.57470011018091	0.0406486739485278	0.06039457128507476	5.9649734634032905	2
8.292388082757665	88.84439367546078	0.03500950680700927	0.09946047865511484	2.7287482563194314	2
4.273087909691383	90.6812853706011	0.03585220223546642	0.18035709316121432	4.829417424310818	2
5.623023666369498	92.5765344524936	0.025413794096038316	0.18634065041870182	1.5886874366221697	2
5.116897589221627	93.51690617953021	0.021598311042947838	0.13116251775009755	1.2134354024551153	2
1.3602458802725303	98.07350930507648	0.053708703028679	0.046942285748690006	0.4655938258736127	2
2.898715655382707	96.08036619357684	0.19995499577950165	0.06242153170942561	0.7585416235515318	2
1.708170710568344	96.95990234648055	0.1981635698795463	0.07070526442716035	1.0630581086444095	2
4.30498614910145	93.7020324949372	0.10192539239642068	0.08290431829337716	1.8081516452715465	2
1.9561324058554133	94.80578275749511	1.1141212023850107	0.1110709305732946	2.012892703691188	2
1.7502492178710112	95.55222004344225	0.10254174032323428	0.09899869635637892	2.495990302007124	2
3.439010629891135	88.64774031694029	1.0181423933174805	0.3045857520032261	6.59052090784787	2
3.644056373392336	89.03790969815888	1.2350438860519828	0.5971129933494569	5.485877049047367	2
2.605397996210045	91.54091445164737	1.291008712843712	0.6404606795395956	3.922218159759294	2
1.7536019212190623	3.5080471553687342	0.1538313083006597	0.05584816361927735	94.52867145149227	0
4.574369178439246	0.7959084883836309	0.0046216411092612	0.12417145705695286	94.50092923501091	0
6.272426703390536	0.6942672781595431	0.0013865935731252616	0.10412170908163691	92.92779771579515	0
7.284738540656929	0.9503475193132808	0.0040215601414309715	0.09196576824810257	91.66892661164026	0
41.8530554062996	2.232239574619216	0.008461244437362212	0.5625909791007357	55.34365279554307	0
61.08984269379311	6.55130705645997	0.0033669120537403565	0.7139917974600585	31.641491540233137	1
47.69950307355816	26.480299738224783	0.013079141003112194	0.8521225902391016	24.954995456974856	1
22.89629189624857	70.75284474236481	0.03777136000090742	1.1041812114335077	5.208910789952186	2
16.330498846218443	77.07063583538665	0.01694606307594498	0.8250385502326701	5.756880705086284	2
6.093599306752413	91.6834335401079	0.10161580608834099	0.4199088412270052	1.701442505824328	2
4.7902347556316744	92.1853638968863	0.1865262504562843	0.373310291684602	2.4645648053411398	2
1.9251234216793387	95.7559804751969	0.6678775093412753	0.06265506198250126	1.5883635317999676	2
4.885815888427092	91.13503410616369	1.162896866960513	0.09605094832357418	2.720202190125147	2
3.572583869206775	94.30730940002263	0.4109902421928636	0.02799786820140613	1.6811186203763169	2
3.405227865958508	92.98297293574997	1.680350487558349	0.06075235661216018	1.870696354120999	2
1.8772643138008291	95.36960314808205	1.3243091734196193	0.03153373926955404	1.3972896254279408	2
2.5687550250288784	87.88351380372893	5.382834107887305	0.04333337742393957	4.121563685930974	2
4.292322859127998	84.36358703400995	7.305013541698241	0.043089717039182504	3.995986848124612	2
4.74515644022594	88.90766827149434	3.389784871935854	0.02935157246131296	2.928038843882526	2
3.4846604197376507	88.2200869985155	5.404350960045934	0.03034475387196472	2.860556867828936	2
3.749279829679255	89.96684686106501	3.788867031936171	0.02688874219076655	2.468117535128785	2
2.5008056544987927	82.74359174430055	9.828605690241119	0.025688782246434724	4.901308128713105	2
1.730475808892276	85.06146285666767	10.496778439559993	0.022818305709105934	2.6884645891709615	2
1.635966074566562	67.93508422691679	24.942934701890998	0.029935380089998017	5.4560796165356455	2
5.070446190203539	72.77022585861572	13.730473098591983	0.07097703353264002	8.35787781905612	2
4.424536511711753	60.43707525377796	20.088832786488897	0.04893106723688978	15.0006243807845	2
15.997940012839736	70.1658179730302	0.46054149022768665	0.03854552934735915	13.337154994555014	2
8.026099211487313	87.13699083389346	0.9501107019694184	0.014043515984443967	3.8727557366653653	2
6.293584699808112	76.06382571144886	7.446555462737556	0.012391519111158726	10.183642606894324	2
5.120453321405847	81.5016351886667	9.966364793676624	0.020322020587567678	3.3912246756632634	2
2.0801985626397848	92.9800182247004	2.1990443646122317	0.0073266996494831815	2.733412148398083	2
2.916520841493241	81.66006887168783	11.726957351928903	0.013006023642689107	3.683446911247343	2
1.8949764774163647	72.96509336737039	20.267503460264948	0.014021652114255422	4.858405042834043	2
1.1517926999172903	59.94610879705482	30.88620007994146	0.007366878659057187	8.008531544427356	2
1.2300004427260172	49.90446855732568	39.92395407746459	0.0057643007134185	8.935812621770282	2
1.163230670478234	65.82729954803979	25.848160666407892	0.006464429414377756	7.154844685659705	2
0.5771660616285161	43.191599528484666	49.86522459308705	0.004453090507980483	6.361556726291788	3
0.9174529507154956	47.63368782984598	43.34683348813646	0.006218934519555729	8.095806796782503	2
0.39088615429691487	32.9729015266732	53.957161515496374	0.0046704714298459495	12.674380332103649	3
0.5849489631059469	40.00488677224856	48.76341314019849	0.008030489614527426	10.638720634832474	3
0.3177699530528612	16.812693874286552	81.0213414760726	0.00227139655493401	1.8459233000330286	3
0.9105153006295685	24.05639802874079	63.67584746761924	0.005700731010736568	11.351538471999659	3
0.19888359853858523	25.572143292161925	66.88435839515698	0.002392676022445996	7.342222038120057	3
0.12023114232901752	16.819180896275814	78.2577327606226	0.0022409470923580974	4.800614253680218	3
0.9154481990575782	33.39846369625413	61.57193209241485	0.004706948824840852	4.109449063448573	3
0.3713723428907736	28.946418722164463	64.5108534074705	0.004624637600503783	6.166730889873769	3
1.2704411391185013	43.40655804637365	51.27484798934214	0.005982712024357633	4.042170113141353	3
0.5366230384737906	29.100993915794465	67.58227075323876	0.005628882980349207	2.7744834095126336	3
0.4031705407601318	16.361090205259202	79.83095952050871	0.0031354065473716535	3.4016443269245613	3
0.34130365957193465	24.585191367064844	69.93722816210372	0.0014342987640212105	5.134842512495471	3
0.3972924864754053	12.920918258766307	84.7753447170056	0.0015289114264299911	1.9049156263262614	3
0.24277025788162956	13.869212800710375	83.82471068017009	0.0016191929600076409	2.0616870682779025	3
0.46758436279605575	25.13528074219682	68.50620110203663	0.0025797524239875593	5.888354040546514	3
0.5224716533025539	18.537153586227042	75.66596051181644	0.0021037617345489213	5.2723104869194115	3
0.3283999606338265	15.494281013734652	81.50025530830257	0.0019925519089000164	2.675071165420056	3
0.25209845277068266	11.294671972599597	86.5903352997861	0.0018649501170864581	1.861029324726542	3
0.4589218199191271	14.451123806577867	81.16857178444296	0.0034758473878978226	3.9179067416721463	3
0.6486957713642977	20.377091302642583	76.18146483537116	0.008559517373487265	2.784188573248463	3
3.808975311166981	41.48830059982008	20.795768999566885	0.030527964768965365	33.876427124677086	2
25.875683527207165	44.41675915962054	2.596760493545383	0.040892270281529745	27.06990454934539	2
12.310066709055228	74.50292588145633	7.856572240218397	0.034008585065929624	5.296426584204112	2
4.588539349883355	67.47196470965953	22.59412810643057	0.030308565349670427	5.315059268676875	2
2.889686713299645	72.58115664494962	22.684932725288785	0.017251820131344697	1.8269720963306215	2
1.23425427951239	65.13177741443438	26.04718275405179	0.027034439167663682	7.559751112833769	2
1.5296141183143523	65.8616201093755	28.705655251981486	0.043799782518760266	3.8593107378099094	2
0.9140505277435474	50.67723585669576	45.226043182019495	0.03717864686915651	3.1454917866720478	2
0.6171261604683472	45.17843229961694	49.005076155265115	0.034224864655843755	5.165140519993757	3
0.9201799051321973	49.37736790670111	44.797183782743566	0.032782277155401725	4.8724861282677345	2
0.7289850779698128	36.14494556704596	60.77052288152289	0.023870829267893655	2.3316756441934614	3
1.809300962727188	24.890559848520468	65.46311137404048	0.04512775769189125	7.791900057019971	3
4.239429572509796	45.10799327587244	27.63831052830828	0.11819956495783707	22.89606705835164	2
31.80153616034139	43.69465772147288	3.0787704959941906	0.137859491243713	21.28717613094784	2
3.4698549195957904	10.247671139259184	0.57194780916535	0.06611716179687821	85.6444089701828	0
17.911773189039323	4.212131473693554	0.08327300930467024	0.11037380048060418	77.68244852748184	0
14.43205420113673	8.605019986148687	0.22090750533871392	0.08682756262968185	76.65519074474618	0
23.387110718609055	6.328579684528016	0.031890929374195194	0.09422358659353998	70.1581950808952	0
27.186512445004634	36.4826248503461	0.1415430875444985	0.21886330919554325	35.970456307909224	2
13.011762218794487	72.01397853235206	0.19304598057123654	0.7225747328067555	14.058638535475456	2
9.177185144179974	79.46293342198967	0.8413071480136252	0.48860677977538	10.02996750604133	2
5.545565304317598	90.90933388234987	0.4607344377089217	0.3664468788369612	2.7179194967866573	2
7.168215197806033	79.14707867894711	0.8377362545365643	0.7755422585879548	12.0714276101223	2
3.6066449599032815	92.97231213179141	0.4858359996744986	0.4813564660949999	2.453850442535807	2
6.247827547880467	79.6564537075853	1.583808569527922	0.46916012431423476	12.042750050692085	2
4.797566647680407	85.76805920384525	2.520166837905929	0.8282701999273797	6.085937110641042	2
2.127482028334264	86.14894756232644	7.180963373838861	0.8405851656906386	3.702021869809809	2
3.1697635815940615	73.61402012904877	3.9201834803116355	1.120509487808318	18.17552332123723	2
1.0764197112197131	77.5358555305803	17.66540966391699	0.3939571738345903	3.3283579204484064	2
3.7977004397378624	86.34781840556393	6.1638660161664	0.37925637879447177	3.3113587597373053	2
0.5618331949144361	65.88223203515011	30.23073676534342	0.2034504119179048	3.121747592674125	2
1.9653073226751778	75.71904617769901	18.047567286153036	0.30086654195293494	3.9672126715198526	2
0.6547530276441561	68.86357592985043	27.808755675405113	0.08775895742831534	2.5851564096719977	2
0.7885494157646861	70.4001070156021	26.127492255438657	0.08875326782334776	2.595098045371203	2
1.1093020256995139	65.62400088191607	27.7998150880156	0.10783286826748573	5.359049136101327	2
0.8992387114360503	70.51277554244002	22.59637913200479	0.09950761255651064	5.892099001562627	2
0.6574315599100117	73.33654699985755	22.214079159939317	0.07187091513176559	3.7200713651613544	2
1.6900157111562908	72.69908468625728	16.31898170642385	0.1422934703931665	9.14962442576941	2
1.5222535373259447	64.86806044755757	31.457493085149117	0.054524927659358596	2.0976680023080068	2
2.2943821782423504	70.97497319055768	23.139339224013682	0.044461846975488155	3.5468435602108093	2
1.4662496576673316	71.39853405643868	20.79439261844886	0.042154489298403555	6.298669178146726	2
1.7724077580179152	73.13263812430138	19.194105728536893	0.037013206068304896	5.863835183075487	2
0.637889528279944	46.64395556840756	49.49614417178109	0.020527337131926077	3.2014833943994674	3
0.4917328527253619	56.721772010119864	40.80724599790262	0.020570393358630087	1.958678745893528	2
1.0453439061304253	59.64117337874511	35.01861805340909	0.022197888536525205	4.272666773178859	2
0.38890460894907164	25.226022537056263	71.96736911186002	0.007969287632212238	2.4097344545024266	3
0.2911728941473447	13.962429709276854	84.44548988810318	0.009975521860410971	1.2909319866122375	3
1.1663532502521292	24.509075989832972	70.3647066546884	0.03482236928532056	3.9250417359411793	3
0.24290749250810653	13.556448749903712	84.13011499566876	0.016827554263843	2.053701207655589	3
1.697826035217741	31.441305746838673	55.279436154777585	0.14939711028056213	11.43203495288544	3
8.531268112099632	46.830822138725495	8.50231198874513	0.21312639044673135	35.922471369983	2
1.8354646087522415	80.38228077638249	13.227667395329117	0.06602429671727562	4.488562922818893	2
6.757507435986078	71.97052653549929	12.750107190467453	0.17962796504053655	8.342230873006642	2
2.5459027797174745	89.37862748907615	5.228547603466108	0.05650627992245107	2.790415847817825	2
2.2555877957544057	82.12607329418897	10.660206246838401	0.10069369038125187	4.857438972836989	2
3.5944832925175487	68.41705026017337	23.196513588893524	0.1297778297969393	4.662175028618645	2
0.7767713847326357	57.159877063220385	40.615321439453986	0.0561251264136227	1.3919049861793795	2
0.9738945169397769	56.64905929978313	39.544281722847124	0.07637169452268561	2.756392765907262	2
0.8348699533885333	49.624210424010855	45.4311592338923	0.05029084343429278	4.059469545274012	2
2.2299534220244546	59.275393937596775	32.284956424286776	0.11340889767332346	6.09628731841868	2
1.1448530641021608	53.31297748055569	40.68920095224184	0.03829850358076057	4.8146699995195545	2
1.4686762043138897	48.63125394658083	43.57449054443243	0.0375068044804955	6.288072500192355	2
1.0356266861764796	48.30401222836283	46.835846638526455	0.02978901571978912	3.794725431214433	2
1.400860223516179	41.18008302943963	51.84585887678467	0.023684360276511662	5.549513509983021	3
1.234642204308124	34.66769461711665	61.12175697930932	0.03133746213114306	2.9445687371347664	3
0.8082400106141242	30.471606195034152	65.87530440895577	0.017407142531042443	2.827442242864917	3
1.6508921807430816	42.93136456184135	50.620843112781856	0.054730067844332576	4.742170076789392	3
1.723014375617395	33.00277437754584	54.12580302653478	0.11857349915019866	11.029834721151783	3
9.152462796562032	57.40158957559171	9.479657560677401	0.24645561054792114	23.719834456620944	2
3.25454370582404	63.884318285472965	23.12563580646401	0.1061170925495458	9.629385109689437	2
7.889826202376722	61.53389478973503	20.109778691904275	0.23778928921126238	10.228711026772705	2
1.229996262666703	73.0642737891051	22.78377668826943	0.15152192793762065	2.770431332021153	2
3.140498221688633	51.2660011413878	19.29974368227441	0.3156004204961442	25.978156534153012	2
6.620926273188912	17.532501486145673	1.1479451360377813	0.2646877074710404	74.43393939715658	0
8.987631120685798	37.285745743986894	1.926570319597682	0.3348638376749698	51.465188978054655	0
11.119897136487811	81.33167173889892	2.9051157607785694	0.5859187005791201	4.057396663255593	2
28.485462424973658	48.11996626549843	0.44187070504490183	1.6132598453074354	21.339440759175577	2
7.249826327425252	77.11185122504541	1.4227301876691687	2.235568793933655	11.980023465926516	2
4.809093333090538	14.598197006021365	0.34708861083970766	3.2710154115352887	76.9746056385131	0
5.940808052729771	6.149353674612012	0.022128457879376777	1.0465484351195031	86.84116137965934	0
11.113417584752417	2.0868199106982956	0.0036516106567785265	0.22391103624391662	86.57219985764858	0
14.07569397792158	7.137911522512007	0.006225019191570483	0.28893443609729413	78.49123504427754	0
21.912279024380968	7.967105615554002	0.004105885485149965	0.22388779710278026	69.89262167747708	0
44.61922071496931	39.964881498537	0.004249862577357796	0.2482442611946918	15.163403662721647	1
16.013195139879933	77.39105278156634	0.026316043938594942	0.38738424088990947	6.182051793725204	2
29.821842657144753	41.40036692797142	0.012240618572654263	0.7823449471407564	27.983204849170413	2
13.409508118323119	59.63823185559277	0.006342045739458649	0.8085403097976873	26.137377670546964	2
10.545175095574393	81.64557270696513	0.03201964121715619	0.8729873943873873	6.904245161855959	2
15.954119627782514	35.70739509638695	0.3527479707775571	0.5520102975308308	47.43372700752214	0
7.082519248002874	6.821843384445916	0.0368094586820871	0.34060646849097836	85.71822144037814	0
31.947058365406477	24.781588456140234	0.010621257392703198	0.8819622977543722	42.37876962330621	0
16.316979430508948	18.96439894797512	0.0261300989310208	0.27790249677080975	64.41458902581411	0
13.965390056895648	4.652569835197301	0.0028496262129429116	0.2391484258284751	81.14004205586564	0
9.721469147028976	4.25224942491996	0.007587030100923819	0.23751732630131078	85.78117707164883	0
14.090071410134689	2.7326470056757692	0.00718642160507494	0.16349489609593332	83.00660026648853	0
5.012808396908017	6.4802380951411624	0.02953988516394392	0.16963169690385407	88.30778192588302	0
5.931660701883267	5.865756491552305	0.002810097403009619	0.17060313875561364	88.0291695704058	0
4.485547020788188	5.014020697451872	0.014299865954396494	0.10517983300432496	90.38095258280123	0
8.419158364614795	6.419638047009231	0.015839429738408035	0.2394910422492329	84.90587311638834	0
0.665217715993402	0.2926392507756853	0.0008519946178392454	0.04859063099107489	98.99270040762201	0
2.5434090717247386	1.4129400060954473	0.0014242152226395203	0.0495463543289049	95.99268035262827	0
5.318818777660909	2.112298324800446	0.005627838000549317	0.16268833566790059	92.4005667238702	0
2.2757207374062594	1.8017528254359798	0.006479416548690691	0.08615693346423699	95.82989008714485	0
0.43633191354725176	0.37085057019218337	0.0029896278887701433	0.022764422938465513	99.16706346543333	0
14.847672999828527	18.41633224805651	0.009520209126027074	0.4048961815769195	66.32157836141202	0
7.98051111146786	9.461929124827579	0.01210835452281763	0.36376463876694987	82.18168677041479	0
0.5075522624717588	0.365852838838713	0.005689682915156319	0.026931793568531898	99.09397342220583	0
1.3241900441795953	0.2763364292189276	0.0005184415829187537	0.2653437214132329	98.13361136360534	0
38.75523911212307	7.472384847207761	0.011675984624180534	2.6530217373753584	51.10767831866963	0
24.031988865959562	19.274207151143806	0.008854555161484451	3.967601052365059	52.717348375370086	0
15.04792335578414	48.01368456697777	0.009990511582438277	11.35766778894665	25.570733776709016	2
6.632571830639231	7.366132335278615	0.007485167340190644	31.828674976444155	54.16513569029782	0
2.07037885607449	2.89875216002446	0.0039321320210664625	68.27485317064934	26.752083681230644	4
8.869454432811338	3.7154960046312655	0.00214337060504682	63.891875385093066	23.52103080685929	4
2.2044420548640953	1.919357062715309	0.0013830563016764906	90.89597925162575	4.978838574493158	4
2.589543546798723	0.9285201603500772	0.0007060458641962309	89.91255709867332	6.568673148313689	4
1.150230941923749	0.5275151260561576	0.0009292403140710284	94.27065382338633	4.050670868319713	4
4.1111386808618535	0.805609238417424	0.000510823009670418	86.85555907837798	8.227182179333077	4
1.7506894314539982	0.37022236929391483	0.00017002711718880104	94.51018904838648	3.3687291237484143	4
0.17470020263207323	0.09778092773175136	0.0003852467974813666	97.83105562038627	1.8960780024524222	4
2.4256708768360067	0.4518636518150874	0.0004288501665059291	88.12384124139184	8.99819537979055	4
0.3313615786029731	0.12235743280266101	0.0010459847861415067	96.91905184905826	2.6261831547499606	4
0.4230956502336458	0.17508635080767007	0.0005126687820815746	98.01974018281908	1.3815651473575123	4
0.7446884288349607	0.24760095919712988	0.0004416564829241294	96.54983020319648	2.4574387522885006	4
1.371036653005563	0.42219936935688296	0.00033590514396894056	93.10473018470137	5.101697887792219	4
1.6048786168658284	0.30293403911174666	0.0005801979827550751	92.86147805330927	5.230129092730413	4
0.9991062255301476	0.26802203521983364	0.0007055158282600276	92.3936041466639	6.338562076757856	4
0.34831394174675817	0.13895481515167363	0.00045991305943345165	98.50151888736679	1.0107524426753653	4
0.4774549556714426	0.2518052283824158	0.0006709784246035669	96.15701508496565	3.1130537525558886	4
0.4988076701693117	0.24346723235040812	0.0008113014683868	97.38145300894536	1.8754607870665356	4
0.5859264763981157	0.2738733732987771	0.0021150225355743954	95.8994912768008	3.238593850966713	4
9.678756799647555	2.6940961027342767	0.0035805031369616344	65.69960123688271	21.92396535759851	4
2.093927704878668	0.5851504032103757	0.002024715099137709	90.08600070978089	7.232896467030936	4
1.442611965441106	0.5592164241716046	0.0018253913346377275	95.13712795532966	2.8592182637230015	4
0.3362079006121219	0.21333360724702533	0.0010414020278163975	97.20396707038876	2.245450019724282	4
0.24008436655323814	0.22091085497892254	0.0010558020779922346	98.59576019605034	0.9421887803395075	4
0.19362459638603585	0.1474441688647232	0.0007144948847466459	98.68599937051337	0.9722173693511196	4
0.7390919795649654	0.20758847441161768	0.0012749975339468886	94.17328160143383	4.87876294705564	4
0.17870842405593204	0.1425208677680792	0.0006760451388448754	99.32577964642034	0.3523150166167875	4
0.8717483997461498	0.21511396447742812	0.001451980417372341	94.48966674961932	4.42201890573974	4
0.3062992666849507	0.09080428842115103	0.0006638763666937132	97.41887651690152	2.183356051625695	4
0.1710109775768917	0.09032627692776049	0.0010101629730223576	98.78523134303143	0.9524212394909038	4
0.12401361928442757	0.07787272378540055	0.00044961489909151156	99.09298435554102	0.7046796864900615	4
0.5671330951279951	0.2185251549918061	0.0008178610095339112	98.01593588743484	1.197588001435822	4
0.12986327438868434	0.08346100252272397	0.00021146742940055357	99.02485550913133	0.7616087465278673	4
0.7264541691057479	0.25544290671814146	0.0007060572838490034	91.86991391965378	7.147482947238479	4
1.3394071197493134	0.5036842740147757	0.0013866420364314277	94.05910106385775	4.096420900341732	4
2.1191721879755687	1.0555228165065884	0.004260331104201323	88.25367206452256	8.567372599891087	4
1.9044742641549588	0.3989679720300475	0.0022713802012763605	92.41255317815632	5.28173320545741	4
0.5374815870329328	0.1933913085576635	0.0012173484783524384	97.2620272327033	2.0058825232277373	4
1.0163990473314004	0.3462092140202629	0.007002226486494108	91.91603629716178	6.714353215000067	4
3.3224505621199074	0.3739106732753471	0.011810423347601398	83.78442000173885	12.507408339518294	4
0.2666904369161188	0.5511765804840815	0.009209460178130225	96.72829420732894	2.4446293150927363	4
0.5277425012825759	0.2524115714238646	0.003707218069346502	98.2556479972359	0.9604907119883157	4
0.6631321195330169	0.18843462438324762	0.0024103377213174223	95.91025594263283	3.2357669757295997	4
3.791537221143998	0.4276953684377101	0.0006482345992249054	79.3141649236244	16.465954252194667	4
2.142231657750414	0.8184452019678108	0.0006318802998381094	89.66711596752575	7.371575292456189	4
2.3708223721657427	0.48983026725415385	0.0009258251887701251	80.56058189946597	16.57783963592536	4
5.222040993335242	3.0569467165583415	0.0012806748481585643	78.29614708328971	13.423584531968553	4
2.2470820845383455	1.8886011662406832	0.000822421800408083	94.78254483124391	1.080949496176671	4
1.176132789346879	0.6066093761837063	0.002473545986919531	97.47376264740869	0.7410216410737933	4
0.7433285952359523	0.5656722326468944	0.0011857396377652207	97.5284142938412	1.1613991386382136	4
0.44745135179693796	0.31011123234837296	0.00037536686210411083	97.48670800437118	1.7553540446213995	4
0.5815827812649543	0.3504621941010985	0.00037075372432211057	98.10455689108215	0.9630273798274792	4
1.9874382847769396	0.5773621016544696	0.0004094391461869479	96.02522448939949	1.4095656850229066	4
1.492711558552832	0.7527714541822992	0.00046840816453483684	93.52445618423243	4.229592394867914	4
0.30333280173075616	0.0815612235660671	0.0006937439333576125	98.80142495176256	0.8129872790072882	4
1.079563624410593	0.1901967134045943	0.0023958303493955622	93.38784866206522	5.339995169770189	4
0.35610131779793075	0.1848588826487113	0.0007335785864464419	98.08556392098708	1.3727422999798304	4
1.8750444822326247	0.33958102707099486	0.0006587720413748819	92.85336743955823	4.931348279096781	4
0.19783337023763325	0.12000829548363533	0.0012254005273869485	97.07234538263843	2.608587551112896	4
2.5720176165355078	0.7568295491769536	0.0006859019295227107	84.49888058469703	12.171586347660975	4
3.0641320783049446	1.2221240422208857	0.002237849772177013	83.2838333191843	12.427672710517692	4
5.060672563240207	2.667310619247984	0.003122289003748131	87.36288475509785	4.906009773410192	4
4.64614363026811	5.377105007062148	0.001087743964767083	84.27181992557472	5.7038436931302705	4
5.16580550056571	3.468464757693219	0.0027553323866947796	49.30281492060082	42.06015948875357	4
3.296589808311312	2.8993602084069385	0.002330149530500188	77.0811883299501	16.720531503801162	4
4.375146539305711	7.870102189835805	0.0025357464912201953	74.74408716107772	13.00812836328956	4
4.774171343645435	22.38686339061524	0.005625287841754701	68.24353044456967	4.589809533327913	4
3.102840455875559	17.30430420966757	0.005033616275188865	75.98284348073464	3.6049782374470416	4
3.1581518309150445	15.520109221445407	0.004494643636625054	78.65612943198443	2.6611148720185005	4
2.790619345879549	9.821705158712374	0.006554311033083826	85.07046949537317	2.310651689001819	4
2.208636502690874	3.4217435622741883	0.0012016584534842883	90.30167515338596	4.0667431231954945	4
1.4926376265906314	17.778727017793685	0.0027570892054682074	75.9635746347531	4.7623036316571135	4
1.99320745084919	13.713064862848912	7.530931752005992e-05	82.3660644357276	1.9275879412567847	4
2.0902377655819655	5.404834598440816	0.0006386855800131364	90.44701400817698	2.0572749422202397	4
2.8336277060024084	6.1495104359840695	0.003024514003612378	84.43059413507648	6.583243208933433	4
2.370557254445633	5.075482640618252	0.0011827002110030036	91.86177314648275	0.6910042582423414	4
2.2165083217638033	3.1127708971709223	0.0022309606858696976	90.73231229352857	3.93617752685083	4
2.8642694757329417	4.855226094316524	0.0037041688926441976	78.21622661784939	14.060573643208512	4
2.8096742045559364	8.241173699531771	0.0037487297530336586	81.87586057468127	7.069542791477989	4
3.1485541755063426	6.9771982946741415	0.00298468000181037	86.0997605119558	3.7715023378619255	4
2.2684260953451005	2.405658195098864	0.01057957943412172	94.15885158371997	1.1564845464019349	4
1.0695800096563453	0.6973369084472893	0.00450015754155242	96.14251641264292	2.086066511711907	4
3.7159005262087956	1.11374709326259	0.003350262205565291	92.546572499729	2.6204296185940534	4
3.763899876533452	0.7726036261956695	0.0016169080786402582	74.47777726571489	20.98410232347734	4
6.323064418486624	2.169894085048286	0.0017301879482100899	80.37370862573823	11.131602682778656	4
12.447291866229394	6.819318000334302	0.002233677021203578	50.00884361316059	30.7223128432545	4
8.663421362622593	34.31526418716777	0.005887096856398311	53.85597315907883	3.159454194274395	4
17.385171725450995	25.13303723047104	0.006645829223982837	45.470307897408944	12.004837317445036	4
5.271336420615052	30.866731186576608	0.005970404326789981	20.288298106602944	43.567663881878616	0
13.634831008460333	59.44351325473214	0.00705232273979949	18.50046242806949	8.41414098599826	2
2.804978143836014	94.99409841443382	0.05536603238566975	1.5932124975156083	0.5523449118289013	2
10.147983417972437	80.82760948395028	0.07693582397135489	4.673872083215702	4.2735991908902236	2
11.069395576707914	74.29859475547852	0.05802758274654807	4.02074682022318	10.553235264843854	2
4.716931718127718	92.94813880050353	0.05605968983286796	1.1217692105753916	1.1571005809604846	2
5.669390276670783	90.19034603392699	0.03785510282069804	1.2235595853838162	2.878849001197718	2
3.957871182628413	93.0752433595079	0.26273028292936645	0.9527967174747203	1.7513584574595693	2
2.2419311504323542	95.92977583813474	0.022462105501209403	0.4658845857650806	1.3399463201666395	2
2.618280080218434	95.03004219015688	0.019705791498687505	0.7448659326613634	1.5871060054646478	2
4.183398481481515	91.5627456766321	0.22654482709778878	1.1469003385043948	2.880410676284198	2
3.1857274597002605	95.23048130063594	0.38567108342191425	0.6246098553935682	0.5735103008483176	2
2.1038296113326544	95.3660070421609	0.08488951713901587	0.2819557075618688	2.1633181218055584	2
0.7349856512161853	97.14951155510187	0.7385385072360726	0.14781225960689456	1.2291520268389828	2
5.602905922255436	87.95187840361541	0.834859355426255	0.19562724377717142	5.414729074925716	2
3.2232438728798862	91.2672478266365	2.8426178509110573	0.29895031966736996	2.3679401299052065	2
1.548546492502132	91.92878453119359	3.526858695499217	0.34379818905065984	2.652012091754398	2
1.8208152536316584	92.76278927263694	3.660042587968299	0.12711367914311572	1.6292392066199786	2
2.187475371400502	93.4240336618513	1.811895623836532	0.14808297003828344	2.4285123728733997	2
3.8366895164187045	89.43254675215047	5.072721948272246	0.18005897457947528	1.477982808579077	2
2.8241595794081644	84.09062020091851	11.877877643034967	0.20620863263635017	1.0011339440020086	2
1.583467128867615	86.06938225910554	7.917690077150157	0.1339964540256831	4.295464080851022	2
1.2760088750527567	83.05663781056671	14.05686153324944	0.1552638388573053	1.4552279422737795	2
0.8700676244502501	77.84812071328376	15.936111735416395	0.20961616582770146	5.1360837610218795	2
1.5686045255248624	77.4126564101048	13.231781057614986	0.12424459727972545	7.662713409475626	2
1.3747533441693847	81.1174927525151	15.103001657009498	0.10500943333414904	2.299742812971849	2
0.9976047898904837	75.60282532344071	22.287086366194053	0.059554964534294146	1.0529285559404487	2
2.7839313909939585	73.18621782103683	19.4245062319119	0.1375896903859785	4.467754865671338	2
1.5198227382706608	71.62619869344094	25.1205846032884	0.08472053476514343	1.648673430234871	2
1.1379596964335947	45.95632458633859	50.13043300479156	0.021825004015771834	2.7534577084204854	3
1.3343260496559504	73.32433319406093	23.318291059943135	0.019484687329777588	2.0035650090102286	2
0.3763115067231908	36.87013873551165	61.803735729144904	0.0049657123094480156	0.9448483163108041	3
0.6948869294087975	42.69401119301555	54.66077693034793	0.010076503882621293	1.9402484433451055	3
0.29318515978769955	23.16747604211154	75.69614780895554	0.007453903432051321	0.8357370857131434	3
1.024740481923799	25.99122984199569	71.60086165694051	0.023574163865928182	1.3595938552740656	3
1.3463553344694432	45.780781082386	47.74068212848196	0.03033602106952325	5.101845433593084	3
0.4263244405093532	25.250053130515283	70.99371805659642	0.009990553049123106	3.3199138193298032	3
0.33989004464110284	9.820268550830177	88.649554459294	0.005809150328145641	1.184477794906597	3
1.1998398566700388	52.9915001856436	37.13800874671079	0.03285957190114019	8.637791639074427	2
0.8228609250709088	39.34138462972079	53.912740832938034	0.02546042515194133	5.897553187118327	3
0.5914596230027803	20.907313607532725	74.40131649079356	0.020559777484644784	4.079350501186283	3
1.0445365973158374	38.64284589583938	58.61596433697221	0.023387988548344025	1.67326518132424	3
0.9334929850107582	30.288179410936994	63.039214763302894	0.030605790114127052	5.708507050635227	3
1.4457176111408727	51.25462372410027	41.372740296590464	0.07059765528417773	5.8563207128842105	2
0.6319203441355362	49.848153921024256	44.12658031206149	0.050264058452808416	5.343081364325909	2
0.4194380723314705	31.853553505352885	63.01022365034752	0.023055993993098645	4.693728777975028	3
2.4140571685253613	55.43445720005402	34.01456284018053	0.04244901267745727	8.094473778562627	2
0.8786171852731647	16.2274442010849	80.33203841952847	0.015644064702029534	2.546256129411452	3
1.314150454495369	35.45752496656399	57.6305036468309	0.03160867369187593	5.566212258417874	3
0.486573129513543	11.21918336913386	87.20237757882387	0.007257313662269321	1.084608608866471	3
1.447437803811283	14.03272116690258	82.70256741156356	0.019552051843631645	1.7977215658789376	3
0.7044670718314513	11.821144743299326	86.4872605337208	0.0034516091772494708	0.9836760419711675	3
2.097313186867128	23.999281307609756	71.99655677987067	0.011164329233263572	1.8956843964191752	3
1.3698753260916887	17.961854870134314	77.92825423713312	0.00570769359202699	2.734307873048834	3
0.6522594629992311	15.904826039067022	82.59993049639989	0.004333378195595818	0.8386506233382561	3
1.0091270506444023	16.02270285050604	81.39246840662481	0.009770564816317337	1.5659311274084349	3
1.4656930705983422	23.020907722306582	73.83588787284852	0.017462698591700052	1.6600486356548607	3
0.5913528113019195	10.477446814989959	87.79895173108058	0.00730474097637013	1.1249439016511775	3
4.919356459597716	22.127070973570465	66.5683501734679	0.05287430083330699	6.3323480925306	3
6.250941468941708	74.58859843237883	15.149237805545617	0.02415068083883955	3.987071612295001	2
3.258619097238982	47.14878838548853	45.9871899368807	0.03189380689958944	3.573508773492209	2
2.255493678637197	61.60159602122843	33.447440870391894	0.02218581026806107	2.673283619474421	2
2.1625938690682305	48.09445061886134	43.828118744468185	0.021048526582914208	5.893788241019328	2
13.456676724944918	54.49629679152497	13.394653289399056	0.16862110046664702	18.483752093664407	2
2.4214949791933336	74.55797062960957	20.888235835269693	0.046988454439816287	2.085310101487605	2
3.339506508117787	68.2903868052852	23.734066709520373	0.07972441319887565	4.556315563877779	2
3.176340371354865	80.54461401629628	10.743793954486241	0.08636926504201896	5.448882392820589	2
0.8104266147798059	59.412210716222965	38.745943079701846	0.0528636816558103	0.9785559076395669	2
4.744283732060098	48.675961720442714	40.83814639648121	0.12355069626952063	5.618057454746457	2
6.84081632300053	75.25551931660988	5.487954124192551	0.23084684925796434	12.184863386939073	2
7.8222542211400405	73.58141540410699	7.537475787667254	0.10847362023002596	10.950380966855676	2
4.529487842895427	81.87575497604945	8.194922903307036	0.10784515446977108	5.291989123278311	2
4.439450339191748	77.32769066850572	15.088254625787892	0.12771514050139468	3.0168892260132374	2
3.5411710739333024	67.76584695763775	26.422510609831722	0.17185908820870233	2.098612270388526	2
3.891123471849073	75.7915596478122	15.181501738627404	0.2329091526208212	4.902905989090521	2
3.6034710941356742	69.2454123640821	20.798153677636595	0.25296709124217404	6.099995772903463	2
3.174292091577239	78.12013301953763	12.205709447900343	0.151389356320628	6.348476084664132	2
1.8460313092126726	71.99992237698984	21.933995722167005	0.12356738263740699	4.096483208993091	2
3.713426637033199	72.4761300399993	14.632109908015444	0.1268926478294209	9.051440767122616	2
1.8177657250094459	66.46684918005606	26.545848892669383	0.05526102431595774	5.114275177949145	2
5.415946379641562	59.810435481619464	24.722184641469365	0.07557952429179887	9.975853972977825	2
2.3341760439034793	45.83549436860391	49.287464911756295	0.04960575119137382	2.493258924544949	3
1.990941213158106	51.66375513516533	41.65132702316608	0.02367043324846527	4.6703061952620075	2
1.6721026389543865	44.26584733502888	52.10735978549533	0.02152453635993467	1.93316570416147	3
3.8002915089082734	43.72995288805534	46.72962067118093	0.038371904861265876	5.701763026994171	3
7.948052577826477	54.6572419677205	24.285066348968392	0.07307842147627724	13.036560684008345	2
3.077278812093193	43.513689895025806	48.91009762099543	0.026825278190689774	4.472108393694891	3
2.5685874841375087	37.57219365688398	56.60101510009016	0.01236360745255354	3.245840151435809	3
2.896405763403146	54.764662077934226	33.85545851594999	0.036766935706571004	8.446706707006074	2
4.163282244841674	57.23039831206261	32.133949934686775	0.039967753723922556	6.4324017546850225	2
3.9814089330772746	63.47272136638883	21.03137793247279	0.08796441071380602	11.426527357347304	2
2.7231013292644155	44.72004402730418	32.63564966026534	0.17564205741542196	19.745562925750644	2
