N1	N2	N3	R	W	anotacion
0.3540789414089542	0.3546884334105227	0.016774560153966077	0.008860170645445854	99.2655978943811	0
0.04893976590616253	0.07281111626399019	0.021354834855598897	0.003397153774144667	99.8534971292001	0
0.0643460589925353	0.18060217571066267	0.01838926929412493	0.002212691786823343	99.73444980421584	0
0.3276534703611671	0.4778921170749563	0.018443945090891818	0.00880591153388538	99.16720455593911	0
0.06603077262644305	0.10904884580891096	0.01971098604801002	0.0025231188710843917	99.80268627664556	0
0.2142681930404574	0.3834949786104249	0.048036907606060365	0.007737929613147752	99.34646199112991	0
0.11324293464261874	0.13050372289089363	0.06375699953872772	0.008668995016740956	99.68382734791102	0
0.28703797945968973	0.35012543155272047	0.006853711532477064	0.019280457653837183	99.33670241980128	0
0.3843377542291438	0.45899452739179214	0.06703115495855647	0.014791391452493986	99.07484517196801	0
0.44321865778938635	0.3490248808927001	0.0083822939497201	0.02144435693718171	99.17792981043101	0
0.3971322134555878	0.5780176042279862	0.01862398249867735	0.045580041046507765	98.96064615877124	0
0.5096506513254495	0.8322502628794866	0.034151818439544554	0.029576489283230045	98.59437077807229	0
0.2761741784960644	0.22409518618994473	0.013770745860648345	0.009923169154352988	99.47603672029899	0
0.3739335045798687	0.3983385942342042	0.15275814982380778	0.011566492432412187	99.0634032589297	0
0.23497455781253934	0.4850737976679049	0.10333976921698518	0.00919307760245231	99.16741879770011	0
0.4039329388466603	0.8706987061771846	0.028781163542466688	0.01046860955942839	98.68611858187427	0
0.4630400609481731	0.9479872765691557	0.06428379594304394	0.012761793606272845	98.51192707293336	0
0.15139704274462085	0.5185497742814338	0.14516071665885466	0.006350628235880917	99.17854183807921	0
0.21315837146386585	0.9184201387586528	0.01744185390397795	0.008005456183598854	98.8429741796899	0
0.6814972663388191	0.7271210393366897	0.14607169015197638	0.026601875962965	98.41870812820954	0
0.20705610264186883	0.3681340980479677	0.15882215517167586	0.013611193690739064	99.25237645044776	0
0.1213940865887565	0.22991053190054858	0.02920450593948315	0.0069166474929454255	99.61257422807826	0
2.514838094492521	4.46851026404635	0.02101942155076699	0.09274297030787063	92.90288924960248	0
7.8874421121254885	5.328686087074856	0.032139403665275484	0.21313244647545615	86.53859995065893	0
3.592960582487962	4.576708778931766	0.011888429603057584	0.2950185241234152	91.5234236848538	0
5.700147216687935	3.898282258316932	0.012342656932252049	1.0305546490806055	89.35867321898228	0
9.610792179936551	9.600033487095178	0.0593249276165696	2.78842709217577	77.94142231317592	0
6.511329797008016	10.776166332783504	0.042414117417561695	2.178228530785705	80.49186122200523	0
9.499333984274404	12.486630116023543	0.029493748947282985	2.4814805882899558	75.50306156246482	0
6.001673660367786	11.405436508382676	0.033642195795655645	3.6539101185119756	78.9053375169419	0
2.3791949312787697	3.0847433121696834	0.008694709654402022	0.7257185657145602	93.80164848118258	0
2.7417690205774785	3.9359172693356133	0.005232425109182832	0.8381664053296829	92.47891487964804	0
1.2367471953745042	1.2770639159289907	0.006789316495577931	0.32527726171271737	97.1541223104882	0
3.3188339468637813	3.637081299846396	0.006429537094165294	0.8921762876157308	92.14547892857993	0
1.4935080819777005	0.8556664058291702	0.002032743842447133	0.29206732941550206	97.35672543893517	0
3.5013559012317863	2.9258232673747058	0.006214272945826654	0.22564321393676953	93.34096334451093	0
2.844706904113724	3.9775852780892538	0.016577125528686548	0.36921124287746626	92.79191944939087	0
2.5220690756504993	1.1787656906647217	0.001813535780300315	0.42438733021274483	95.87296436769175	0
3.2296448166674208	1.536668455129888	0.003561794898047369	0.3386788357531299	94.89144609755152	0
5.5878280857842455	3.0205133236470507	0.004728939225631409	0.3807357310243529	91.00619392031871	0
0.5146168799539547	0.17587475934339566	0.0006076135166752191	0.029736790992247353	99.27916395619374	0
2.759073917604627	0.8307195975921361	0.002627499237375381	0.03476222502171049	96.37281676054415	0
6.700021601963432	3.2869902319643334	0.005415044481090095	0.12398269353862186	89.88359042805253	0
3.7053399423562756	0.8724830645992029	0.002745018225079737	0.037676108789403855	95.38175586603003	0
4.690205262042803	2.2394936784841555	0.008832215076793158	0.049736459086139294	93.01173238531013	0
8.073713736539819	2.6539724801693207	0.03430271622006878	0.09584609488179029	89.142164972189	0
15.188504216010843	5.1381993730810995	0.031175292664046613	0.07522707011399303	79.56689404813002	0
26.772852849911843	20.64504459523825	0.13097799307044686	0.9045341011947927	51.54659046058466	0
38.77237525344806	23.470018599201097	0.06565025112592844	0.8814848051345238	36.810471091090385	1
27.29607625959149	15.749717341199998	0.008282415380288993	1.8980355941853193	55.04788838964291	0
45.190123553893635	23.010569643003542	0.011266493095397017	5.698873589176188	26.08916672083125	1
34.90218641973249	14.152295572819396	0.006086990678574085	3.3600373919094637	47.579393624860074	0
36.74687433760248	18.55082191277897	0.00865114327962323	3.7566508381460957	40.93700176819283	0
28.83574473211276	35.142472276562806	0.016577975608843283	6.302474519480815	29.702730496234768	2
11.592828485306827	11.418029646790263	0.04855266656777571	1.4289396512800292	75.51164955005511	0
12.136446316221852	11.321185856462032	0.010867227398338388	2.1904004645961344	74.34110013532164	0
10.499734861738636	22.291315884552283	0.04377022254210278	5.012597972585853	62.15258105858113	0
9.087290363899065	47.08838371267571	0.2056753025332876	2.546670501520019	41.07198011937193	2
5.598897597634691	32.08327438244974	0.11649588408657169	9.066300523656762	53.135031612172234	0
3.781068314462097	76.854921684576	0.08833792660559188	4.3346384926334	14.941033581722895	2
3.5015421939055593	74.08903387369338	2.4590199335791407	5.684429618203975	14.265974380617962	2
3.4162161975406273	72.86137050157407	0.30057348577713233	6.741362904659611	16.68047691044854	2
2.5255232853313174	74.73966582958535	2.283766173965354	6.150873193889087	14.300171517228911	2
4.363853750142478	68.59143312774799	0.6452795283498551	6.846450909000897	19.55298268475878	2
2.871686512726001	57.262982428124786	3.419191421916875	6.145046488456344	30.301093148776015	2
2.0610978969636493	54.81060733882853	6.409364554550826	5.873401324231739	30.84552888542526	2
1.530125330810154	64.66881495089845	5.431420999294098	4.726540087701354	23.643098631295956	2
2.3950103250497583	73.7974555018742	1.315975184466113	3.0968755371209267	19.394683451488987	2
1.0731939168425555	56.324286299369206	15.5420551498631	2.4998668764093046	24.56059775751584	2
2.080166527164124	69.08078143831723	4.839032352933476	1.8663524052193619	22.133667276365802	2
1.6997155574365035	54.08844701316077	16.936811003785955	1.9648561463757823	25.310170279241	2
1.5408748679587476	57.138882370977726	15.27826104655289	1.6304014939744451	24.4115802205362	2
1.3022498087998915	47.424093648420154	15.957670715078901	0.880665436322202	34.43532039137885	2
0.7839276132431324	39.03525959653245	48.85813706000722	0.7890414303574969	10.533634299859708	3
1.423077583541653	56.98523657224407	24.662930545047303	1.0927039703731807	15.836051328793799	2
1.516275492266016	50.0940406987327	38.760602021922026	1.2715642023628242	8.35751758471644	2
0.7653126537291534	31.761214409310146	56.92107613038405	0.573886792213141	9.978510014363506	3
1.5736626287435613	30.589905609557484	52.284766437368106	0.3812347806111274	15.170430543719718	3
0.8333752281804332	18.207307905621526	70.28191254095563	0.16370752794440238	10.513696797298024	3
1.5010425953726594	35.36516769477272	28.15750025529456	0.14112002096627133	34.83516943359379	2
0.9297657453452256	15.649675499778734	73.22210031635437	0.02672178596637428	10.171736652555309	3
0.673251146204552	13.907194724220354	71.37980403732523	0.02665174168115561	14.013098350568715	3
0.5247117048392789	11.752334234962007	72.97506288753264	0.01597512613905088	14.731916046527024	3
0.9365345369019695	19.052569601718428	51.31905059397831	0.02727656530019592	28.664568702101107	3
0.2908269477455823	10.652372255673601	69.89745912178323	0.003932367832988638	19.1554093069646	3
0.3510601845006576	11.810846847666811	82.17063174158638	0.0069836065254351605	5.660477619720723	3
0.3731615016298445	8.499218045991158	82.68846001432956	0.005915510688673298	8.433244927360754	3
0.16737893345256194	9.006447461454645	80.33722106998354	0.006083482157813144	10.48286905295142	3
0.2575249607006836	9.395232868405035	81.8813935520815	0.0029836448372006093	8.462864973975579	3
0.11766229255046685	5.890711533768425	90.19767716543625	0.0028458756716983114	3.7911031325731455	3
0.11197645246779676	4.84896369941118	89.85711676796666	0.003122206621260407	5.178820873533119	3
0.15017211999915792	5.690633817234851	90.3073610543143	0.003443577152832045	3.8483894312988536	3
0.051654999533661365	2.8007194530110193	93.65964405421235	0.0013587386133496816	3.4866227546296154	3
0.054576246648428965	4.142364053707936	93.8001188572563	0.0015256290584330034	2.001415213328942	3
0.07878590271472434	5.310026085292028	91.02312136362842	0.0022840951050530477	3.585782553259754	3
0.08767569333245123	7.134723019619245	88.4351377658499	0.0035655085625200993	4.338898012635873	3
0.058391887552474486	5.088480461385217	92.76745899877776	0.0013791418715930663	2.0842895104129457	3
0.0504695529650207	4.134557818002818	93.49036879129333	0.0014886609651984391	2.323115176773639	3
0.07065793292045665	3.189929762183298	94.982788125222	0.0013490603696638568	1.7552751193045724	3
0.07615158981906826	4.621543780544806	93.7051556223984	0.0017200167483922212	1.595428990489343	3
0.027766784620719166	2.764113593825702	95.74920816625911	0.0008690751809201085	1.4580423801135391	3
0.061720816361403794	4.89128009357983	93.23428150251723	0.0018669364638677103	1.8108506510776625	3
0.04966408099828923	3.4110088227473128	93.73317757852068	0.00155887408388951	2.8045906436498442	3
0.049912658635783806	3.5520554900181303	94.82817665013172	0.0013219050477658748	1.568533296166597	3
0.08457089594634461	4.885205213539567	91.26427931280578	0.001767921766973084	3.7641766559413306	3
0.05204904683503665	3.752348072383764	93.95037382607164	0.0011597600139770948	2.244069294695572	3
0.14053137625614778	5.907504768218559	89.77732209991825	0.0027192470878859096	4.171922508519163	3
0.07427531835966701	4.5139579154430995	94.36893069582058	0.0015970023236722003	1.0412390680529917	3
0.02494760791090037	2.986395314826571	95.11787055941603	0.0012217395106337361	1.8695647783358638	3
0.04459224943800969	3.81889429054315	94.60514524622957	0.0015604001467382953	1.5298078136425408	3
0.031144318580871	1.9134460820937753	97.31011916673398	0.0006726073914738606	0.7446178251999199	3
0.032563759688602784	2.3142975327331676	96.52336095861693	0.0008060270853088314	1.1289717218759792	3
0.05900778481813079	5.634991098076386	89.4948480055337	0.0036395896500853744	4.807513521921692	3
0.07317475948712902	6.991680055805662	90.28795797512514	0.0016514421223447597	2.645535767459743	3
0.0812441361670519	9.295877240925392	86.85098668936216	0.003506181251370498	3.768385752294029	3
0.1959503808543147	8.894894869730695	83.20481639468281	0.008015495821834437	7.696322858910356	3
1.8173392187355197	11.247896136027979	22.811556389951985	0.011194614156414819	64.1120136411281	0
3.038911301310071	9.827854251230152	68.29113336522431	0.02314730714209624	18.81895377509336	3
4.0179142497292615	15.191059010008903	50.609844511424306	0.01684131853575427	30.164340910301767	3
9.679722976520411	28.393151863300176	16.82615225286086	0.029868260052460925	45.07110464726608	0
3.1216923675502213	23.45517469845675	42.677500051641985	0.034385845648873654	30.711247036702176	3
2.5263432067114215	29.17805567014904	52.376722069792	0.015577068458694446	15.903301984888843	3
1.266819894133481	22.412640048064723	61.80261909276774	0.015594981234546978	14.502325983799514	3
1.2419393348836196	17.263361223719855	66.18445631834766	0.01649017225147774	15.293752950797392	3
0.6186298972924805	10.002215211579442	79.81586270991333	0.003703569338157506	9.559588611876592	3
1.6922006949488453	18.400963498148123	33.07704466507409	0.005558864013136959	46.82423227781581	0
0.8085045451440562	8.383849193965561	82.49119734707577	0.002476694201978352	8.313972219612637	3
0.5480431680341559	6.930156476523315	41.11577422132872	0.001989434269179548	51.404036699844625	0
0.27070158968866853	6.585969977661671	62.73265530424901	0.0025560026616334524	30.408117125739015	3
0.16479670173227293	2.773224288246205	93.23391949481717	0.001455355045352895	3.8266041601590044	3
0.20512482760855974	4.89030800759795	92.06079981429923	0.0013223609713862033	2.8424449895228703	3
0.07541600486779915	2.6045059433266653	96.04956289091527	0.0005443931349581088	1.2699707677552943	3
0.16244810039355	5.573639101350057	91.8721095135098	0.0013377475325713395	2.3904655372140233	3
0.24721792499991607	7.206345510055477	87.56789533474112	0.003116383423474466	4.975424846779997	3
0.09447716343972751	2.9338219248431487	95.12972908158893	0.0016162936875637436	1.8403555364406292	3
0.1533811779079076	5.038973368919594	92.95121544521663	0.0019299355526272498	1.8545000724032399	3
0.07101751511864875	2.5732618387265154	96.48969950421598	0.0008437461798122948	0.8651773957590477	3
0.08548183097511608	2.8176569046752564	96.23877766982662	0.001092263603928755	0.856991330919088	3
0.06701469954434387	2.2791945666274636	97.10053743396382	0.0008349547945161148	0.5524183450698614	3
0.18161706105965955	6.001627393524651	90.37269416310558	0.003451439445744205	3.4406099428643575	3
0.06059762728791272	2.5717206018415326	96.12514165781886	0.0011272179314183173	1.2414128951202843	3
0.14303418641753068	3.838457934244076	94.79164202347573	0.001697944020684619	1.2251679118419825	3
0.1391563271501043	3.2828846437085444	95.51537290431189	0.0019977850012573685	1.0605883398282052	3
0.13305733926149732	4.165638102527634	93.19750847680868	0.0019936702587397656	2.501802411143456	3
0.09136970654683171	3.034911302645941	96.107274977403	0.0012624901385823756	0.7651815232656494	3
0.18940196341185586	5.277165243247393	92.7418090829783	0.0018386774006734722	1.789785032961758	3
0.18823674900519413	5.644248497238049	92.43771479730088	0.0023067821846979855	1.727493174271167	3
0.5463033567886101	8.38133523910986	88.78354487950736	0.00427986543765988	2.284536659156509	3
0.36010311887782376	7.870571261504082	85.33276983551168	0.0059045903782202445	6.430651193728189	3
0.3895303893575487	5.3043086803165655	91.59704561321664	0.00406258412254477	2.705052732986716	3
0.17083222547853305	4.0911696578469865	92.81760266238274	0.0023019242646005883	2.9180935300271402	3
0.2858765647950235	12.769228829424605	79.89068658570162	0.008507727192170177	7.0457002928865835	3
0.3049989766797132	4.509958930857354	93.68959586426917	0.004438217386600528	1.491008010807165	3
0.17779784470937657	5.927134105750915	92.619875983288	0.0035233780885616252	1.2716686881631594	3
0.19972051478038066	8.818518878395404	89.60903547282119	0.003221816959695735	1.369503317043318	3
0.07425862338972176	2.998070998789306	96.28217156375113	0.0015209638448779041	0.6439778502249478	3
0.08334389643722755	3.401322343454458	95.87547047658096	0.0021275119733803493	0.6377357715539724	3
0.32811965589721453	10.015889042729766	86.72100074434267	0.0061886583441263035	2.92880189868623	3
0.04372293245065544	2.467974457540968	96.81198328862016	0.0016338377948858702	0.6746854835933479	3
0.6922610936352355	9.727429195522232	81.13855691081038	0.009599356272587073	8.432153443759576	3
0.22197366693760992	3.350988311058676	95.1251027106865	0.004630438515039921	1.297304872802166	3
0.42333722454103423	7.129183727563264	88.59504014725044	0.007592995285989418	3.844845905359252	3
2.2198090650010416	22.259776531938684	58.427566056459604	0.021089046087805163	17.07175930051286	3
1.1121860054807526	22.135596751900064	62.74383074132379	0.012770614131774494	13.995615887163627	3
0.6358715384755526	6.603313144288755	85.68010517275033	0.005569775229569608	7.075140369255801	3
1.7172974067168914	9.046074813909048	81.42727742490918	0.010149543170663283	7.799200811294213	3
0.36720090469262473	4.667295064392628	91.25548696226099	0.00402391680734619	3.7059931518464024	3
2.939015580556281	14.441083695592678	28.646985516011725	0.012986491575917183	53.95992871626339	0
20.393644776905333	18.311857930539908	13.599255158214675	0.02957553179003472	47.66566660255004	0
19.07410587331404	25.347877005674	29.173835541298132	0.09145287727997332	26.312728702433862	3
7.582893280829471	17.574229220096175	10.741601670166583	0.0340451638165392	64.06723066509123	0
6.087976345766761	12.096892707475536	0.48584888158686934	0.09355880916312788	81.2357232560077	0
3.539684766451904	15.66016552060836	0.0818636643977338	0.13892619015494118	80.57935985838706	0
2.4954080844457365	2.413697311865028	0.11973357441086696	0.07036059927930141	94.90080042999905	0
23.51076772756666	1.871989009753814	0.0203338968682266	0.08291376020950318	74.51399560560179	0
32.91645003055032	4.039946086883297	0.05404962849265832	0.10369498776137359	62.88585926631235	0
36.94821321383163	6.983890581408517	0.10137291087596663	0.29391309068124877	55.672610203202645	0
25.904941383551034	15.192680394823233	0.22027853039189865	0.5431578968722782	58.138941794361564	0
13.107661500647328	8.295495510578096	0.286658491262189	0.5994404220778875	77.7107440754345	0
20.212142149745603	39.640604207637814	0.5128306879586231	2.070314818004091	37.564108136653864	2
6.027331020484553	4.723744106558407	0.04851026010180915	1.2589814906328802	87.94143312222235	0
13.703084737663032	5.829059993008615	0.1505317346705838	1.7328060276140682	78.5845175070437	0
13.433282818090465	5.088045357622669	0.181943637939971	1.5432948241013773	79.7534333622455	0
35.42158828657534	22.641021516902356	0.8931098398927053	4.058285297756674	36.98599505887293	0
14.5710226860214	60.30030276788093	1.88055639628244	5.313571862473739	17.9345462873415	2
5.918093715766844	75.23067727065835	4.004716382771367	2.601423580457624	12.245089050345817	2
5.961186187702846	74.43957904372891	0.07952661173571518	1.3465565846721956	18.17315157216033	2
4.378305612369705	83.70723029205614	0.2048739737219986	1.4096888183312215	10.29990130352093	2
4.270450412716345	76.90267093426114	12.254951499858207	1.270403993362546	5.301523159801757	2
11.266459183090465	75.74117253359482	0.5825430820897802	1.536003495273268	10.873821705951654	2
9.786199989303311	70.02081251670617	1.8045646816483136	1.4032077695844822	16.985215042757716	2
5.689997460383665	51.78512633217828	1.618577654986109	0.988023257175442	39.918275295276516	2
9.133732301823917	66.70837194053797	0.6025477647334089	1.2375026622741199	22.317845330630593	2
4.8912255913984595	83.34653343910145	1.5414331555655025	0.5743995785023117	9.646408235432274	2
4.500469018493064	73.36504559264162	0.601885519625636	0.4817992530330336	21.05080061620664	2
7.261655531526603	81.43980149877396	0.1143681671584313	0.5969178815331225	10.587256921007862	2
5.347172643150913	54.63155099173477	1.321039311156839	0.5473563908371473	38.152880663120335	2
4.7122163010261415	67.62650873854739	4.2749012804324815	0.5971569308703673	22.78921674912362	2
11.957236806111455	20.02454207412724	1.4173818686062851	0.6915840891777012	65.90925516197731	0
11.220135300772881	50.4524468272623	0.34662293865457094	0.8735347117553489	37.1072602215549	2
10.977264805824321	64.51052169349268	6.422884155677836	0.6911760278219236	17.398153317183237	2
4.70814877768156	92.18543786395522	0.17970676047493284	0.4052634791177535	2.5214431187705686	2
1.9621150632132207	93.2183579191172	0.4300593728503388	0.7988762549166858	3.590591389902585	2
2.7492168353754383	90.32530869279906	0.11282714261742291	0.8009073314251861	6.011739997782885	2
2.2728003172313613	92.78318848422633	0.07926899528102328	0.6696269766894644	4.195115226571815	2
2.6834328482060106	90.0893214946206	3.8705121507238296	0.48862383227569023	2.8681096741738594	2
2.6103985210652136	86.72980725598663	0.6264301762878235	0.3913236496239911	9.642040397036338	2
2.5474977447608302	76.12220586060356	18.382507964627365	0.4657372454694185	2.4820511845388493	2
1.2763328828389484	66.26348966954399	29.88925384196941	0.32345027515909724	2.2474733304885564	2
1.4427582801493684	59.39862771132067	25.764202759870525	0.47058084333495653	12.92383040532448	2
4.041090495326206	53.45851829005641	19.38242794321834	1.2067936307432154	21.91116964065583	2
7.578010721712395	58.40895707814852	19.697775864976933	1.1657981194642553	13.149458215697898	2
3.655276537405325	55.89119066153546	27.431438093649202	0.4404368804016766	12.581657827008339	2
14.11967372523093	58.02610139444583	4.095047073951687	0.6858327593669026	23.073345047004647	2
9.982235340095693	52.5424417232818	15.392328486830223	0.44417635908647213	21.638818090705804	2
4.730181859481656	63.88855745424312	25.148892037669306	0.4650050584466637	5.76736359015926	2
8.460008707634001	80.54867128894684	2.6217221142218987	0.4690911169639064	7.900506772233344	2
3.5569330986280407	61.58541271027327	28.28811760762968	0.7057388733546375	5.863797710114379	2
1.3034276467443833	53.896271901293524	40.547488212621175	0.8511857456124143	3.4016264937285023	2
3.3844686953445566	53.58459228639176	37.56525993461196	1.578616933018481	3.88706215063324	2
2.846809237271424	52.82356181617427	35.97796154097778	2.2394618345923547	6.112205570984172	2
5.029447610036511	48.39545411201935	28.70234206829103	5.120933701020138	12.751822508632957	2
3.8368641500693954	58.37568974686521	17.655492838171185	6.144396453364405	13.987556811529794	2
5.8435551777127035	74.59575310494301	2.0990119629501285	7.458290799429969	10.003388954964187	2
4.946555189896141	72.4679149635002	1.5109454046544981	8.322838071511471	12.751746370437697	2
8.338033435473138	59.71747367631749	0.9150794289032973	14.79476665427355	16.23464680503253	2
5.708402552160216	61.676183783964774	7.910875504498217	17.086575654933274	7.617962504443517	2
6.977354876081916	51.35253057771734	3.1321015688154894	12.995370616836588	25.54264236054867	2
6.243186209124696	52.089647805722585	0.1689535947467235	11.538929517294074	29.95928287311191	2
6.457778029227369	56.30272826061885	10.627470125673062	14.650726391753565	11.96129719272715	2
12.062789906188568	23.16741522387277	0.030928712076263454	7.40404436073539	57.334821797127	0
9.611671213125321	61.24029799797551	0.034157136024056116	17.531826840561298	11.582046812313806	2
7.442081633917967	51.3490769592424	0.4672440740292176	25.660292420429858	15.081304912380569	2
9.870608226106507	41.272954958111704	3.089248185319148	30.056371395648995	15.710817234813643	2
7.275772402876307	47.00371443174309	0.26861152029891533	26.955336228222194	18.496565416859486	2
8.404801479699373	52.70884768501903	0.03837693540447467	25.662115247133205	13.185858652743903	2
12.387828618535503	22.394552593858812	0.17122755211676235	12.907221356479551	52.13916987900936	0
7.601158776804749	5.673397344929311	0.010587994692547776	15.152602751200513	71.56225313237289	0
18.219565302422456	29.065418548953346	0.006421327730380709	41.84576383742035	10.862830983473465	4
18.61531549367398	31.537888190759688	0.026560383287107754	40.507590745145876	9.312645187133345	4
13.999344296501093	36.578734266208826	0.1574248957489788	42.67532106498427	6.589175476556829	4
6.285712519357821	27.18504414019187	0.06534908059078019	61.45103224604439	5.012862013815136	4
6.839209999269504	37.36428505182618	0.03759583248454002	52.12851877331397	3.6303903431057947	4
3.960334062932569	29.491631456418776	0.026930861338768087	63.99063393126612	2.530469688043786	4
4.827754160336582	31.69637280484128	0.011191263815555156	59.64545348051467	3.819228290491926	4
3.077997267993949	45.443030402233994	0.051901780164926456	46.24809838576458	5.178972163842558	4
2.8314487871421603	75.8711157701588	0.1951570115811946	17.444937536862255	3.657340894255616	2
4.007251393688247	71.99708512725083	0.05562779439431365	20.27805318847848	3.661982496188132	2
6.4545296190162205	54.055776306003246	0.06291999311398816	29.77057500097919	9.656199080887351	2
7.732663709512582	59.04262648581495	0.06002981416466509	27.470672974909938	5.6940070155978715	2
11.851572392280527	50.53544889245264	0.36446219802937874	15.573738043898544	21.674778473338908	2
10.776644393838207	61.506580436010026	4.934197732410342	10.702494200985207	12.080083236756202	2
10.404110203948608	77.66342224753339	0.4083767622118778	8.705646416058178	2.8184443702479514	2
3.5457468538407784	61.233299674606066	13.109579297872049	4.682089727690415	17.42928444599069	2
3.0154285062286266	86.59541934569101	0.8993177018710807	6.200385704703529	3.2894487415057503	2
3.4685255211250494	79.60570494960159	4.072697313384965	5.369933233666094	7.483138982222304	2
0.8385808620907863	95.15020939219876	0.9881923171150899	1.7553385758269318	1.2676788527684544	2
1.4536935949022667	94.39217310037088	0.43719595227539787	1.6228947738718498	2.0940425785796037	2
1.6949433404772891	92.53734696666521	0.3358276823673976	1.603212150918083	3.8286698595720257	2
3.197048159155448	77.23728612241209	3.164298709966642	2.7616523975153977	13.639714610950424	2
1.5506992333335228	94.26134835345424	0.02220029107382947	1.0528156814406755	3.1129364406977316	2
1.500279644578474	90.34930523033708	0.05201111984468349	0.8427201604331923	7.2556838448065735	2
1.5423328696458898	86.29321871106967	0.29446540742316524	0.37912677304733117	11.490856238813961	2
5.219935512822778	86.12992723956577	0.023464489057692224	1.0988052415603597	7.52786751699338	2
2.6239084083625	87.346353341091	0.020221906867573494	0.48836510677744227	9.521151236901487	2
1.6538874375856223	95.20886503429784	0.017042805229967064	0.22675633638188983	2.893448386504692	2
1.3221536606903255	92.54609437024409	0.22109440930386273	0.26078975151035055	5.649867808251386	2
1.141534389437993	96.21237324436315	0.581563189972457	0.15029451828387333	1.914234657942527	2
1.9439605213705302	75.46371848123296	11.061096424300835	0.4166819189663158	11.114542654129393	2
1.7623273791142604	94.01123223508652	1.16185453622778	0.3926504932580985	2.6719353563133494	2
1.140055486930551	86.97869518953979	7.938158516952604	0.3075149119384127	3.6355758946386416	2
0.9003048183467418	92.00874236992081	5.156416635086567	0.25331421508434204	1.6812219615615176	2
1.9118204312274178	88.43550180393703	4.970928337564346	0.40185845067598497	4.27989097659522	2
3.382100685108816	86.5307141638849	3.59044243066022	0.48637285170758726	6.010369868638468	2
5.973266441543182	74.7521416037426	8.770263128383561	0.7909425159270302	9.713386310403639	2
5.87152969438665	63.421923972796975	18.705881168919404	0.9422412983725259	11.058423865524448	2
2.8699605368845464	78.78670161287776	13.833205734996115	0.7265871406196629	3.7835449746219036	2
3.1646422549059534	91.76242803002185	0.5483416585244435	0.6757374337965392	3.8488506227512014	2
1.708381608251786	87.06399355708615	6.912859300446277	0.4114287119529398	3.9033368222628444	2
2.1245700071827303	70.05753282472425	22.86464099506522	0.5181350528344573	4.435121120193353	2
3.8434738858921222	51.18861864145154	18.404342427333013	0.6484644516360721	25.915100593687253	2
1.3659814051811527	37.6392616919279	58.39658273526266	0.37876196392147665	2.219412203706813	3
2.303056577894711	58.39840027879143	29.105362391410168	0.302052343366138	9.891128408537558	2
1.1935391543644118	29.952227136517067	61.194558208489845	0.1517461520128278	7.507929348615838	3
2.1637831569285395	27.847582679719757	65.25383083467632	0.14993579275481245	4.584867535920576	3
1.8434027086961242	33.71854660548284	59.34170828743397	0.05877509140166632	5.0375673069853955	3
0.9870378660722813	18.274530784491365	75.45860263112883	0.01672923999450237	5.263099478313022	3
0.5296062456789202	16.529968197636418	72.90066236169885	0.013186458522898844	10.026576736462896	3
0.32451521685446816	7.776869950277651	88.7928979224895	0.006002394363937392	3.0997145160144357	3
0.1543227469695288	6.048700922617961	91.71908504656841	0.002578798701740863	2.0753124851423546	3
0.4627677690745373	12.435267238301835	84.2013297346713	0.008820226469764159	2.89181503148254	3
0.5878427330819092	8.526448034147457	86.16920083345387	0.004549958294945458	4.7119584410218325	3
0.15582696455271602	6.145637947438257	90.61833807219347	0.003980820571744337	3.076216195243798	3
0.3096222937457911	15.348061291246362	74.3061448317388	0.011142121635603405	10.025029461633437	3
0.09368234896536003	2.9844179993836604	96.16520871495226	0.0016868252569173338	0.7550041114417858	3
0.1857776290799527	5.350611574148086	93.14402368658983	0.003020605643259576	1.316566504538878	3
0.15057715490646514	5.2687899304556485	93.11125468041391	0.0019687995160065507	1.4674094347079658	3
0.09454053112119308	4.0556744921735035	94.80621393553342	0.0011808533040961967	1.0423901878677997	3
0.05820488772460722	3.1434517137803035	96.27834601887713	0.0012357213570074162	0.5187616582609338	3
0.0396183335169846	3.461206191051538	96.09707354882693	0.0013557911098269126	0.40074613549470683	3
0.09472878164699981	6.468961370627185	91.69059328016334	0.0015439650354770965	1.744172602526992	3
0.12233499818286896	4.197221867987758	94.5102344638054	0.002869084981630456	1.1673395850423105	3
0.16751400296241326	8.806955612295695	88.74724056379235	0.004357434973232661	2.273932385976335	3
0.13928734291860004	6.00692996256956	92.21043939541055	0.006480505331052491	1.6368627937702458	3
0.0849306131299368	4.50696193630217	94.56813919506916	0.003656036824231076	0.8363122186745021	3
0.06425321765419253	2.5179412502999883	96.90283195858757	0.0017657062054227297	0.5132078672528158	3
0.050322233993018675	2.2669977327527717	97.26641158905987	0.002320044686100552	0.41394839950824064	3
0.02522010984009299	1.6275807462756628	97.93041470423375	0.0011514651169846994	0.4156329745335254	3
0.14055401412128016	7.666329649009223	90.59241560322697	0.00897238237278529	1.591728351269735	3
0.06201251402547404	2.3294168524341163	96.8839822735975	0.0020077367582981447	0.7225806231846177	3
0.11539950878147126	4.777323775224794	93.78130718956088	0.004256879406019351	1.3217126470268206	3
0.06403298599543036	2.8643158161003477	96.60222756719287	0.0021847318341966663	0.46723889887714265	3
0.15204205581259825	7.554243277709494	90.71433993590222	0.007371129429435707	1.5720036011462613	3
0.04865969265397416	2.9305566021527127	96.69479535155153	0.00186100044930938	0.32412735319244906	3
0.20276097974978036	9.607058319053758	88.70561024900331	0.006101608111518903	1.4784688440816167	3
0.2555568537867303	9.002680615532782	89.5731401403613	0.007878750849571433	1.1607436394696002	3
0.14733356489265914	5.5224892219673825	93.1099144862863	0.007114094550982315	1.2131486323026706	3
0.12259719316768942	4.433296820385168	94.57360933686878	0.005024428633904991	0.865472220944444	3
0.09071032283376051	2.9702501514986963	96.21328984282567	0.0036220544170953825	0.7221276284247754	3
0.08989216528089601	2.2111498364248234	97.52051533458463	0.0017747052495892671	0.17666795846006467	3
0.16074620343227203	5.515373169172138	93.63636832297942	0.005298787645882725	0.6822135167702711	3
0.08782839279045025	3.1917925099443636	96.29577889773347	0.0028973389361751866	0.4217028605955333	3
0.11225028100308679	5.465476419000544	93.702993583222	0.004459849859156814	0.7148198669152289	3
0.08168641812505321	4.513334266712718	94.95024616575806	0.004994853989248867	0.4497382954149443	3
0.08975255024411904	3.5985062130784398	95.79897728279072	0.0032874429789385754	0.5094765109077991	3
0.04332365727764626	2.177589705899658	97.4660022886065	0.0016977956549851945	0.3113865525612232	3
0.06777160141447541	3.767391283226311	95.70301033771166	0.003644345616682967	0.4581824320308862	3
0.17387936678897262	5.101133692232195	92.4557169384696	0.0073773618789964215	2.261892640630227	3
0.17525630090302793	8.752478306911971	89.73754082028593	0.00765734164269385	1.3270672302563853	3
0.08297050713080555	3.2647459234159246	95.51718775721257	0.00670097522105368	1.128394837019675	3
0.14051365650582132	4.603750012030507	94.1785740616364	0.00895997111768495	1.0682022987095716	3
0.06804373285202213	3.8993952986172746	95.0813269685788	0.0052247858925637105	0.9460092140593495	3
0.18876034928362515	7.5234182670981005	90.14374568711813	0.013706862035106926	2.1303688344650356	3
0.04565423861857403	3.6877268927633446	95.56263933624969	0.00374663742600442	0.7002328949423893	3
1.6753561634761858	22.544484814864386	62.95434421767345	0.07938483836873131	12.746429965617246	3
3.188235035541192	13.194862159361762	76.88865404788447	0.06955309823836285	6.6586956589741995	3
3.9122301422203596	10.081925901496543	81.42578154344355	0.05271350698652813	4.527348905853025	3
5.837599192543145	20.901948278721076	66.57602495545002	0.09095042699491189	6.5934771462908435	3
3.113600554613174	21.769815169964282	67.71392906714567	0.10058910648136797	7.30206610179551	3
8.094203810612322	29.80586082519895	35.61758261505704	0.26507070059306304	26.217282048538625	3
4.796304768110872	27.714122790765344	55.164908387815004	0.2691177919287794	12.05554626137999	3
8.503147777385688	54.61573922267057	26.375071135782687	0.8734083217406725	9.632633542420386	2
5.902372839674846	41.039226987144914	37.693940030279485	0.8234628611191265	14.540997281781637	2
17.05612995874431	56.28170996088511	14.054788648450659	1.2947633679970696	11.312608063922848	2
7.84902229189889	58.895869595756714	17.302200746640313	1.6152015703135607	14.337705795390518	2
11.230633042240704	55.55101429140172	18.135585787762594	1.7164457824091242	13.366321096185835	2
2.3385810507211278	92.89139203126315	1.4452931364427057	0.737410940329748	2.5873228412432545	2
1.778306630776524	93.00513461023165	2.1207786755199654	0.7130392451852633	2.3827408382866246	2
3.1326858951532324	85.16002363372064	6.716054611342585	0.8632217142985062	4.128014145485035	2
2.5141316559373705	77.262504937095	16.5734926371332	0.4769205701645088	3.172950199669908	2
1.8054870559564093	61.193612739420246	32.15457366156434	0.38113973732939116	4.465186805729606	2
3.1691956719363543	69.0713136012332	21.936758988044055	0.3828455261490022	5.439886212637417	2
3.3206605228175494	32.57330873717562	57.39846637718129	0.4579157590710579	6.249648603754478	3
7.913049416795201	39.38453181044547	5.747078807521215	0.3042192991561233	46.65112066608198	0
10.023524837358396	46.33599134553798	19.834525412635674	0.27146411810299376	23.534494286364964	2
6.448188388222229	38.72668753334897	42.357348868983436	0.21737934827767658	12.250395861167704	3
10.844710359103434	37.105462867168285	24.438592812038802	0.18019986049560033	27.431034101193863	2
11.609555332839234	56.53971333756845	8.991786347809356	0.28931300426169615	22.569631977521258	2
11.848879985625643	45.71163101821182	7.2035020652333515	0.596964351940502	34.63902257898867	2
10.100842895336712	41.40279109979057	10.04787318869742	0.32495446157855895	38.12353835459675	2
8.378133660677243	18.18370676146798	17.930767210002532	0.3145433613810648	55.19284900647118	0
9.56891960280554	13.835366127595842	4.481644478530568	0.30571405144605235	71.808355739622	0
17.39400733638702	55.986824841832906	5.910010385926847	1.097410016167801	19.611747419685425	2
7.8607864561213745	46.627116713975674	31.31104883279366	1.4340352544940147	12.767012742615275	2
7.1148153956043085	82.59221788533459	1.2132168519800204	2.3015107958561565	6.778239071224915	2
10.414007131597607	66.47908412891461	6.472709743298697	5.405319232157586	11.228879764031511	2
6.620987027069249	45.36897122469254	38.17320809862865	2.8729866023216406	6.963847047287923	2
3.5799909310683344	36.765292076998094	43.912798239703065	1.737444055124944	14.004474697105573	3
9.70153922405195	59.3570481916237	18.726623925614945	3.865142323689575	8.349646335019825	2
4.603157461440166	82.68583738574227	6.829633525634595	1.7296610725491077	4.15171055463385	2
2.49245554241718	74.5699081774596	16.997388693033237	1.5080101734275069	4.4322374136624685	2
4.816947335053515	57.930698233711176	14.774999981667433	1.4060348222484689	21.071319627319397	2
4.719061223416218	33.68561277810957	32.49915094745965	0.6713018160737521	28.42487323494081	2
14.195250888670968	38.74832337675919	10.350736895910357	0.7939012092557136	35.911787629403776	2
7.590041314503209	65.3011088055194	7.589109803708228	0.6135713507124045	18.906168725556764	2
11.101272040211002	49.13508195948441	22.271942387685545	1.2413154096071102	16.25038820301194	2
7.612701771973832	51.466120848183635	25.171909564748773	1.5469397633923685	14.202328051701393	2
4.867063293970527	26.307002257134226	1.821477006859024	1.5304622678538857	65.47399517418233	0
10.028464135057964	62.607361299753386	4.3005940618413385	1.792425036249368	21.271155467097945	2
9.474746769892056	58.1344819345305	3.888549710264118	4.121149910459068	24.38107167485426	2
4.319992144699626	85.76973191820069	3.943295935134324	3.556135533315056	2.4108444686503168	2
8.30089600592505	61.38707618174302	3.4548355029811475	4.803605365848144	22.05358694350264	2
5.80125339432475	55.53138218811878	25.79323417442629	4.572038495572908	8.302091747557265	2
7.555263136834818	57.38720838126632	8.471525555455681	6.847422016774978	19.73858090966821	2
10.06946332791842	32.42408717786982	1.8760413197010823	3.4718113559342583	52.15859681857642	0
12.731454535748107	58.871416744378514	2.636416254382973	5.521305799214581	20.23940666627584	2
7.51172405689287	62.68236720453363	11.237946766499004	4.1598836976626625	14.408078274411837	2
7.776623842350011	74.87131322834247	1.826202004784875	3.4945624140438483	12.031298510478793	2
19.817019580304578	34.29152020027628	2.680994354859618	3.0854763684597706	40.124989496099744	0
14.186324768876382	56.154125217334126	3.6857977171461025	2.8533078076353897	23.120444489007998	2
5.775044061636252	84.73064593136725	1.5013217480204712	1.8672179810895462	6.125770277886487	2
17.23755152844919	53.53819377705441	12.107445207729658	5.21919657455333	11.897612912213416	2
2.3894262272520983	81.2231049993676	10.0057116774685	4.166731130904209	2.215025965007571	2
3.2361078588331247	79.00034686487761	9.781285534247054	3.543628135784118	4.438631606258089	2
4.118247760152955	74.38895551603818	14.68895670236259	3.6851894874050584	3.1186505340412274	2
4.506669891392497	71.58612201873648	8.057595150599347	5.356070306320728	10.49354263295096	2
0.8043461142421259	33.01090756876698	63.42665187058971	1.6616080181669908	1.0964864282341886	3
1.0206319639400596	46.973529981930504	47.080028294321636	2.701925149305904	2.223884610501908	3
3.2563542299044306	33.84396147701722	46.187840587320814	10.461374650608997	6.250469055148542	3
4.587368370699485	53.28694200360583	8.581371349075994	22.968216006408245	10.576102270210454	2
7.499722392612082	54.19785778320666	3.9986634461683095	24.257876960355794	10.045879417657154	2
7.002653855625182	36.467516437707765	2.5676736268819527	49.06377926154323	4.898376818241877	4
6.277061859818421	26.55659709887304	0.0902874071436639	62.9276187643452	4.148434869819676	4
6.072420939850643	14.59720594366282	0.02250846742275762	74.98675304095872	4.321111608105066	4
10.913488464117188	13.778590721119366	0.17341909350150303	49.85446826478467	25.280033456477263	4
5.727120021939671	18.867568821872595	0.23053530102371558	73.09344390598716	2.0813319491768802	4
5.222688153782226	8.033672600033482	0.007779063039389713	82.96130303786542	3.7745571452795015	4
4.153525370161461	12.027068452659396	0.02192301794197639	81.18996829138521	2.607514867851964	4
3.9607523902436355	6.977450702492086	0.026207736857566874	86.22615520953624	2.8094339608704737	4
5.686378334168751	7.9403739519828225	0.040135654614550945	79.11898920660995	7.21412285262393	4
5.128522501083829	9.521292986822981	0.1344490492746967	80.7756735192968	4.4400619435216875	4
6.000693746044303	12.404616556251383	0.022854783305350207	76.51911938828394	5.052715526115017	4
4.651312894281072	7.134994635897369	0.04516592073073087	77.18213626881034	10.986390280280487	4
6.02142706538388	10.611026211424154	0.03591569887658289	80.86382989948004	2.467801124835362	4
4.527837461858682	3.481064692128253	0.00979049472226426	90.0266560804071	1.954651270883703	4
