N1	N2	N3	R	W	anotaciones
0.0016425431332569495	0.003576259978829634	0.0006556809163414957	0.0001577896393851406	99.99396772633219	0.0
0.007651597973618855	0.014466925348645694	0.001704403520434693	0.0003259547485042133	99.97585111840881	0.0
0.006176523796305409	0.0052793480932042825	0.0019470305818208565	0.00014388925690588772	99.98645320827175	0.0
0.004241593721487484	0.00779159915014405	0.0012091234524374452	0.00010235409366702229	99.98665532958226	0.0
0.025341083234399507	0.006702797656455773	0.0017180199509921714	0.00011686248828025685	99.96612123666988	0.0
0.005923602318410967	0.00738006647629926	0.001739122249204854	0.0003004690893386411	99.98465673986675	0.0
0.004387418253365508	0.011648400519432122	0.0015825820873082274	8.720744311027676e-05	99.98229439169678	0.0
0.018724940949781773	0.01574088824569778	0.0027668242292275343	0.00032870982667311245	99.96243863674863	0.0
0.004067776161386565	0.0128106192436729	0.0017774808847526914	0.00011819757756798487	99.98122592613264	0.0
0.001815475877523468	0.014895763676736323	0.0018141019308290428	0.00012108339698631058	99.98135357511792	0.0
0.021596367600366765	0.013046238432007994	0.001588825303112905	0.0001377317985731511	99.96363083686595	0.0
0.01570270889452512	0.0195065421852585	0.006486207822863701	0.001378384851406391	99.95692615624594	0.0
0.07154472546998467	0.007225523679097622	0.004910011334595599	0.00203569195950993	99.9142840475568	0.0
0.14311939096574816	0.025178829254660327	0.007510858542552316	0.0022560089282718577	99.82193491230876	0.0
0.029123560029864014	0.023117295355046866	0.006621517130976575	0.0009034407768211287	99.94023418670729	0.0
0.03873484631200772	0.03256574685930054	0.005919352217188653	0.0017736076283971127	99.92100644698311	0.0
0.016171709875029642	0.026268035081018874	0.0033675964743295397	0.0008424497949812344	99.95335020877465	0.0
0.01186265865745705	0.06356924944000344	0.0014752975149929298	0.0013931679542447922	99.92169962643331	0.0
0.06697315012365594	0.1695943550830752	0.010535090084235128	0.006064163612771272	99.74683324109627	0.0
0.0565698899554125	0.2175485253229894	0.004460354302589089	0.004063550034406673	99.71735768038461	0.0
0.031151439006025648	0.3464959230991161	0.010116030298097224	0.006376625439620606	99.60585998215714	0.0
0.03198753752048937	0.37721111532356716	0.007111966990915394	0.009903640150336493	99.57378574001469	0.0
0.007334525713418468	0.2130496261862535	0.0063145114494740084	0.002736463525469418	99.77056487312538	0.0
0.07375989201457701	0.20674726202504207	0.004741226814573343	0.005245872574424834	99.7095057465714	0.0
0.01303793696424955	0.11038553901541741	0.00557776059156494	0.0023814452962842973	99.8686173181325	0.0
0.014082876125819226	0.11346590654954666	0.006527080233747699	0.002392480858078243	99.86353165623281	0.0
0.015490337487545063	0.06564622855605912	0.010241419487851677	0.001276260614939322	99.90734575385359	0.0
0.006906670335174587	0.013597638329881107	0.0025993006844113927	0.0004943657877303505	99.97640202486281	0.0
0.012113149716450698	0.04002085937596456	0.002443679532104487	0.0007902404827796479	99.9446320708927	0.0
0.01856313923603379	0.05307327126361767	0.004327838066434978	0.0031270948303999077	99.92090865660352	0.0
0.02432361744412109	0.0349854169263747	0.0015364023817183421	0.0011693558548668797	99.93798520739293	0.0
0.018230501317064596	0.09554270543851626	0.005916195473337243	0.003229943712552372	99.87708065405853	0.0
0.02252131858665287	0.03726175635159039	0.0043531312469414106	0.0019255034256204164	99.9339382903892	0.0
0.020845754421541778	0.06957419052483817	0.006099073093959326	0.00343322459004042	99.90004775736962	0.0
0.020825663634319057	0.04158788906878356	0.0037965487959715494	0.004551257815729919	99.92923864068518	0.0
0.023873998686446005	0.0173633174270254	0.004642599122235035	0.00034469041980175595	99.95377539434449	0.0
0.01620430923826406	0.01195575377373361	0.0025821238156128667	0.0002444843929388501	99.96901332877945	0.0
0.00782761001725928	0.00801633983675647	0.002031016122098451	0.0002886806259935325	99.9818363533979	0.0
0.014345864256224502	0.017812749137478677	0.0047830513375512725	0.0008597546113641778	99.96219858065739	0.0
0.01787632415791733	0.020862822029068667	0.001671376968880896	0.000609746078483353	99.95897973076563	0.0
0.012185708163697987	0.01071051555487571	0.0018184599275640396	0.00031796658003608604	99.97496734977382	0.0
0.0037316932443970264	0.010454624661952915	0.0007623436424464071	0.00012492652062061693	99.9849264119306	0.0
0.014379498584293755	0.020956966909458138	0.0032876312812940124	0.0007771247843202183	99.96059877844064	0.0
0.013730195647595932	0.021614980271300134	0.002440022695577611	0.00017396222621019627	99.96204083915931	0.0
0.013569413559142087	0.012528597829525149	0.0016423491270804945	0.0007413561530027385	99.97151828333124	0.0
0.011266279454669204	0.0076483507367750125	0.0011393142266299674	0.00024105694607367615	99.97970499863585	0.0
0.00738595644457189	0.0024733225874173626	0.00049162592204308	0.00020593909954234348	99.98944315594643	0.0
0.029875972227926574	0.020171514201090677	0.001277378627739824	0.0009146557163886013	99.94776047922687	0.0
0.028654488428713886	0.01478592980804949	0.0008262848476885931	0.0002419203740206976	99.95549137654153	0.0
0.02473967130749267	0.012902835453971763	0.0012131064247748327	0.0003846655144576741	99.9607597212993	0.0
0.007202653273030615	0.01207519901563299	0.0005224117959344271	0.0003290853998111695	99.9798706505156	0.0
0.025994624798049128	0.021997056116134662	0.0012945237471859864	0.00032630644027155457	99.95038748889836	0.0
0.010634056651306944	0.021842735605072564	0.00104147856385586	0.00028751211193432376	99.96619421706782	0.0
0.010847351350867085	0.024915002599344004	0.0016498445094052776	0.0006539320209149034	99.96193386951948	0.0
0.026823072757484218	0.05011312119444219	0.004433829716980328	0.001509863158715682	99.91712011317239	0.0
0.05943419331698326	0.14219846833441363	0.005522656967920039	0.00200760008110126	99.79083708129957	0.0
0.01888361663572815	0.07863026263681999	0.0028752258996589215	0.00042598290888819435	99.89918491191891	0.0
0.03761535772922746	0.10429401212181501	0.00403015421146175	0.0011504168837609286	99.85291005905373	0.0
0.05880921251492614	0.15259337774779674	0.006412659918310705	0.001528552140629465	99.78065619767834	0.0
0.14161983941550468	0.11803884948280449	0.005716051558098272	0.002107811756999038	99.73251744778659	0.0
0.026582756729996757	0.06263617760836364	0.005445215157979494	0.0009105668157664594	99.90442528368789	0.0
0.03809091540063802	0.03405040661821764	0.002939227071460305	0.0017523076967695327	99.92316714321292	0.0
0.08536062888407785	0.07358363228452092	0.007142398804899209	0.0029672804892643704	99.83094605953724	0.0
0.08952787148881766	0.12228611788263895	0.005343037615940792	0.0019439551330713185	99.78089901787953	0.0
0.03834357895303715	0.10239043748458158	0.004809903003683394	0.0013379508591510696	99.85311812969955	0.0
0.07616956390697183	0.09288930295837312	0.008899577128941863	0.002132987952543826	99.81990856805318	0.0
0.025038748192151357	0.04347907177086958	0.02258197842609498	0.0026626224579719216	99.9062375791529	0.0
0.01950947454958043	0.008145894964830555	0.00835766547601392	0.0006119820225712826	99.963374982987	0.0
0.024197485922527635	0.001995528270614854	0.01071782156829121	0.00048341047334709354	99.96260575376522	0.0
0.03684592133147844	0.005018658568122451	0.0018213358783591893	0.0003370432594150251	99.95597704096262	0.0
0.02189349709834191	0.0029006282258537616	0.0012242499985462083	3.3345335356900276e-05	99.97394827934191	0.0
0.021573817411850948	0.0016652143941176696	0.003104717830929503	8.839670363624475e-05	99.97356785365945	0.0
0.07115648971032172	0.005271425236928295	0.033986279210727555	0.0003151044679984924	99.88927070137403	0.0
0.023955002084428224	0.00335391194362849	0.006158061901369401	0.00020559763991990614	99.96632742643065	0.0
0.08997173364781544	0.09184107359145335	0.005487471178812704	0.01186285590717691	99.80083686567474	0.0
0.05191400591108704	0.05732993034980114	0.009534920838891759	0.014536660538308151	99.86668448236192	0.0
0.1932413202563169	0.18146454076599652	0.017215114055512085	0.01408019704102692	99.59399882788115	0.0
0.7298757973886697	0.2830428610265699	0.042593367599749576	0.0272712744152594	98.91721669956975	0.0
0.20456863120414662	0.37603517855639024	0.022152047259675102	0.024004901982491042	99.3732392409973	0.0
1.2210468187896177	0.9129046320502728	0.009335911036914727	0.03470608923192882	97.82200654889127	0.0
1.4160017288302453	0.8433443692213201	0.021513407956517117	0.07333502885719535	97.64580546513473	0.0
0.28557263341122935	1.258364220087389	0.011277432628473959	0.045497472902729645	98.39928824097018	0.0
1.2066604408351338	3.3063383506126085	0.01051832002511232	0.10489398195996139	95.37158890656717	0.0
6.420522763404496	3.639152424305727	0.026445300608944265	0.3280666021355986	89.58581290954523	0.0
2.3232121987983656	2.2154214926103606	0.010608786993339519	0.05365074345196553	95.39710677814597	0.0
4.802602801876991	2.71713308953701	0.017367766006263566	0.0931231908605383	92.36977315171919	0.0
11.978372262596688	4.829503015556185	0.06613425877508446	0.2762508122585291	82.84973965081352	0.0
6.002274421502986	2.3625300672136804	0.01911606249652697	0.08595079890746198	91.53012864987934	0.0
3.0721738197483934	1.0788241075027443	0.05574773646768798	0.08412470991490635	95.70912962636626	0.0
3.984187464696703	0.7519673810388322	0.03364406700529923	0.10472585761379306	95.12547522964537	0.0
2.9064335010049196	0.8450825694268838	0.009791609114034216	0.0564440058394298	96.18224831461474	0.0
6.6079087515941906	1.940235338634292	0.012294488795092451	0.06881484750245928	91.37074657347397	0.0
3.081901436746317	2.1084456035436667	0.00777294816470028	0.0518134323921619	94.75006657915314	0.0
3.372238319166062	4.297116063118426	0.020864252050435492	0.10061443223941917	92.20916693342566	0.0
6.563306543794292	4.159111784803887	0.018711334544324533	0.11608425178584292	89.14278608507165	0.0
6.779879298350718	3.666623433635289	0.03035273425157599	0.274405206597057	89.24873932716535	0.0
3.967785185691195	2.6060193132669998	0.03587335246042899	0.09658573425039907	93.29373641433098	0.0
3.6128923096173007	0.6887489244201764	0.020861324769685868	0.06670921210432747	95.61078822908851	0.0
0.7116849682691763	0.23143679476610263	0.012176615205379692	0.020620522995959165	99.02408109876339	0.0
0.6676182639676234	0.4686503855162668	0.03221178243589196	0.03322912076796766	98.79829044731224	0.0
1.2887614946143675	0.253199358226829	0.04110621281735708	0.025711759327543236	98.3912211750139	0.0
0.9437455544227761	0.23140852659137182	0.030769795205779604	0.03914320359684431	98.75493292018321	0.0
0.6039770061138252	0.23192514075833764	0.042392834613614254	0.08679870856240053	99.03490630995181	0.0
0.0465569577328618	0.024687431882995475	0.006150597218108136	0.0004551376128631125	99.92214987555317	0.0
0.10950367872722762	0.05458286761241849	0.023068219852579983	0.0005035327875861073	99.81234170102017	0.0
0.32273742862538896	0.017178038823829133	0.00825886643065131	0.0009234793886344775	99.6509021867315	0.0
0.023570556573116155	0.030715659070725074	0.0052476970891760805	0.00019581538521294716	99.94027027188176	0.0
0.06886625563961815	0.019615795408921954	0.0048903476603395475	0.0005752093276401884	99.90605239196347	0.0
0.24383619152933494	0.08437867682625651	0.032880286569480846	0.002094444853047298	99.63681040022188	0.0
0.12983637942986637	0.12456905440339906	0.01466232124858117	0.0016919895943650896	99.72924025532379	0.0
0.9402765102724339	0.4626830666511237	0.03154413034391781	0.009694822011866307	98.55580147072067	0.0
0.4621056244405627	0.24951757955555676	0.021901699381447468	0.018452344590725915	99.2480227520317	0.0
0.3608725691839872	0.3110445381177641	0.007591591757917173	0.013491723787718676	99.30699957715261	0.0
0.40518041767376317	0.4086634303405336	0.02319331693720465	0.01707270765308653	99.14589012739542	0.0
0.8371601710638823	0.2672603557583486	0.047982256268538935	0.018747392815404936	98.82884982409384	0.0
0.2328140034076384	0.1139107143200614	0.026975154385552483	0.009361891665189486	99.61693823622156	0.0
0.26692636455015223	0.06922849394097995	0.007161210437078049	0.013069036015114284	99.64361489505666	0.0
0.5817650228133118	0.09840589322669513	0.003951876567510562	0.007602923349979668	99.3082742840425	0.0
2.3285543839381657	0.706593449774436	0.014594602688165292	0.06811887387946973	96.88213868971977	0.0
3.4806841319158552	2.9664580333007766	0.04235514493390083	0.09188829888254176	93.41861439096692	0.0
5.064190718296008	4.424530343392209	0.048259975901898726	0.15815404154087964	90.30486492086901	0.0
3.361624307028794	3.479798891552146	0.03587681623309424	0.10301330922897975	93.01968667595698	0.0
2.779771460170959	5.154552772439304	0.039338792275642694	0.13778307005772478	91.88855390505637	0.0
2.6191376725622737	3.380687107400429	0.0398973123527951	0.16459734741283738	93.79568056027165	0.0
2.4287971285114733	3.1431879460944043	0.0379518416568089	0.19067849726146863	94.19938458647584	0.0
3.04445326922499	6.254278434839177	0.05689684658451138	0.2613187205941266	90.38305272875719	0.0
1.6497762884865552	2.7093233498542566	0.019357800236200498	0.12600284588964591	95.49553971553335	0.0
1.2264337867443627	4.137249840031744	0.02106689301315865	0.1273269412899967	94.48792253892074	0.0
1.80401090743028	5.940703539615258	0.033954787978282795	0.11871975559223161	92.10261100938395	0.0
1.8068457497789043	5.812564855969811	0.06071109545601372	0.11202809829405211	92.20785020050123	0.0
0.43972415148537175	0.9886444948521542	0.013783516191075908	0.03702917501842511	98.52081866245298	0.0
0.41377808000351557	0.6404465369114648	0.008993444616680502	0.046287156801323795	98.89049478166703	0.0
0.36609887707118455	0.47457033150932026	0.007993516024094037	0.042278608233705404	99.10905866716169	0.0
0.31725971983316725	0.5671430670864515	0.009658490653551701	0.05572064055855403	99.05021808186828	0.0
0.12505666318719427	0.3699551213872148	0.0042104714316926325	0.020385916404934916	99.48039182758896	0.0
0.21453854143798587	0.6782814695995663	0.007305694659221758	0.0552925442970262	99.0445817500062	0.0
0.47773902207317337	0.7012578762582419	0.009322719154045242	0.07252401336721581	98.73915636914732	0.0
0.24023307712920192	0.2756512663175201	0.021649542035301738	0.030878037363579535	99.4315880771544	0.0
0.04200788864241088	0.013621835949255048	0.004963237710656963	0.0013769697271146992	99.93803006797056	0.0
0.007971332399914691	0.005168177545592597	0.0011331258454088209	0.0010084024870092524	99.98471896172208	0.0
0.029746859230681336	0.013714399459518575	0.003243219097199739	0.001974402207344046	99.95132112000526	0.0
0.06661572489449046	0.04711412492237541	0.007246654508093648	0.005080771077861208	99.87394272459717	0.0
0.10373352135088067	0.23255381497191524	0.004842281361029495	0.022270043093265628	99.63660033922291	0.0
0.03097377882669743	0.04009010045345474	0.001535677144951394	0.005883555659784228	99.92151688791512	0.0
0.09522484479917097	0.19814857174679706	0.006335904641208635	0.02143317068144995	99.67885750813139	0.0
0.39276035580241075	0.19801493676466003	0.0075010902452997685	0.012837793645174555	99.38888582354247	0.0
0.03404514142973121	0.05304855336202291	0.003991215739845738	0.0029885951809890217	99.9059264942874	0.0
0.4126786348926199	0.544248422186298	0.06101032517363007	0.028201077692743007	98.95386154005472	0.0
0.303976441039587	0.37558202914645505	0.00772753402016445	0.03676381053325262	99.27595018526054	0.0
1.1318256037740346	0.6475592757031906	0.00993466939624258	0.024484208691066087	98.18619624243546	0.0
1.0714120324640908	2.8744717062113816	0.01321296895989028	0.06223614184270582	95.97866715052193	0.0
1.84277217132917	5.230506545730054	0.0457468874573287	0.2501837520592469	92.63079064342419	0.0
1.8893131366322948	4.240396947953009	0.045112576386466464	0.3959362547193021	93.42924108430893	0.0
2.128215667740981	2.4212341543074207	0.03486567229825634	0.17088744855385668	95.24479705709949	0.0
1.8561056715123843	2.742211864181079	0.04497824025171608	0.24183819415117355	95.11486602990365	0.0
1.7477241254064833	2.315997202561868	0.03546387816331267	0.17699659225524964	95.72381820161308	0.0
1.1939634422053167	2.9970609352746096	0.014067933806293976	0.20621824226248828	95.58868944645128	0.0
1.2199632895449508	1.8850318270965922	0.009956716190324535	0.25628359911441706	96.62876456805371	0.0
1.6737285637218986	2.029238881338248	0.007789568842354214	0.19659652766801228	96.09264645842947	0.0
0.9676729220336345	1.535807760776434	0.01674977176784612	0.1230137416166374	97.35675580380546	0.0
3.65394125659047	2.6644709072610326	0.02911863913526697	0.37527904904741644	93.27719014796581	0.0
1.4243367700192175	1.7188380375736432	0.018645311797471347	0.3001644189541726	96.53801546165549	0.0
0.3791221912632735	0.5698833442189968	0.00871306767398146	0.2264840871491783	98.81579730969456	0.0
0.7420467906632008	1.0581905010519719	0.007778454828386545	0.6550486496034601	97.536935603853	0.0
0.8087183647047086	0.4961511522146942	0.41516124330141285	0.24413866727995592	98.03583057249922	0.0
0.33460869082006883	0.12683845174368608	0.012986722437803735	0.3958310434034782	99.12973509159497	0.0
0.052173316003700725	0.08473161901902122	0.005854656978141487	0.07290456402537841	99.78433584397376	0.0
0.4983784814987434	0.22863075910280173	0.018006605467671633	0.33040538768546057	98.92457876624533	0.0
0.5775816187214112	0.4596616294645331	0.012364027287238748	0.6728798318058232	98.27751289272099	0.0
1.4103723146734017	0.9656263613609861	0.006417266093564825	0.4818996752592292	97.13568438261282	0.0
2.4705453516927878	1.2747245072019717	0.012803158401058603	0.5043284996486649	95.73759848305552	0.0
1.7167503508546362	1.1011460767733077	0.007122682451891004	0.2527122319300402	96.92226865799012	0.0
1.94300779315157	1.299523958605413	0.010264404269386126	0.40819591529623483	96.33900792867739	0.0
2.03229373926914	0.7810579929495629	0.006773023293178452	0.7031827314012039	96.4766925130869	0.0
3.4660043171135753	1.5500421682895476	0.010471592677567598	0.31444713644015376	94.65903478547915	0.0
1.0111099662093657	0.8652639100821843	0.004810207792819874	0.4549887305967007	97.66382718531892	0.0
6.140463760952336	1.0128211178616282	0.007847949264491885	0.6397488402018725	92.19911833171966	0.0
5.0221677764717425	1.1872825055754843	0.0037829061833624398	0.4254301164069067	93.36133669536251	0.0
1.9002796234215773	1.1447017240027721	0.010461673705226512	0.4039908022091373	96.54056617666129	0.0
1.0558128647908378	1.1178681770090966	0.01810219830752754	0.3254218449906242	97.4827949149019	0.0
0.25875965366772147	0.19877458796965777	0.0027877941544233007	0.21269010251346873	99.32698786169473	0.0
1.8304349655323355	0.22112631497841545	0.013549232769650421	0.10471963978999729	97.8301698469296	0.0
0.7696366668008346	0.07474506101675107	0.0037144461731050266	0.13422970814323218	99.01767411786608	0.0
0.3583897677357457	0.08937088358518265	0.003086552543395906	0.04796969385832171	99.50118310227735	0.0
0.5001024158711015	0.1866175870760395	0.003758592212553079	0.08438636401012274	99.2251350408302	0.0
0.8222645730267634	1.0984892342408867	0.008567021373320988	0.5227531398881772	97.54792603147085	0.0
1.2160873652211563	0.6503028450121527	0.012441280256286527	0.2408145090909231	97.88035400041947	0.0
2.1765995266065703	1.1572676125995456	0.01168158959004251	0.12876585453191308	96.52568541667192	0.0
1.201996864123086	0.933334149917338	0.009607741588150427	0.14992697382554082	97.70513427054588	0.0
5.495594164617886	6.986712008753364	0.053188477345520076	0.6339724816583608	86.83053286762487	0.0
1.5377707677240018	1.6545309622763067	0.009194392168252906	0.2397536324314049	96.55875024540003	0.0
1.9151333268140183	1.7551759795471418	0.025401119847977233	0.4247300975402407	95.87955947625063	0.0
2.2364876056513356	1.062645123742482	0.005678878527387364	0.29279640267039647	96.40239198940839	0.0
5.1486976348339715	3.386821249608205	0.02254799364488857	0.78125079441588	90.66068232749707	0.0
6.102905779086117	5.228365406150273	0.01946109378716859	1.604740325285706	87.04452739569074	0.0
5.198097313557623	4.505591369990288	0.02286781742178071	2.545987630675495	87.72745586835481	0.0
3.5453221172907474	4.2473188370481365	0.030849273051644036	0.877942235845864	91.29856753676361	0.0
9.658732300262809	5.875874686936154	0.02814813048926018	1.9796087242589997	82.45763615805278	0.0
13.70780819260624	23.284051194904016	0.048999150989775364	1.9149655470176403	61.044175914482324	0.0
6.428447037736721	12.243003874719205	0.06163959020562364	0.9751988272569098	80.29171067008154	0.0
9.907574432023294	30.204306978048695	0.11478789359425491	1.5370379453991843	58.236292750934574	0.0
6.463286867339823	28.05722488047997	0.22033396624483334	1.5996264347591906	63.65952785117619	0.0
5.29130832741151	34.10161769829658	0.41364345229955074	2.028257585690022	58.16517293630233	0.0
2.8827480179136726	7.722991380002632	0.03777427271469315	0.2409050942794629	89.11558123508954	0.0
2.1395127745796327	3.5194582687137337	0.02897948864725861	0.14510128883050719	94.16694817922887	0.0
2.3981745548076225	1.5954124058618728	0.015194931525982946	0.2591556111784005	95.73206249662613	0.0
5.021374751353188	4.724946398428729	0.018453822687717888	0.44914312447645816	89.78608190305391	0.0
6.434102093337455	3.2376970388051824	0.020397928066064268	0.49487046039935306	89.81293247939195	0.0
3.334153960181822	8.1874561996769	0.0441506661589059	0.524366001525225	87.90987317245714	0.0
2.4088818789394546	4.739799292190347	0.07738458889188442	0.6093007043433905	92.16463353563492	0.0
1.2111709001857782	2.8887543351584397	0.03619824314137547	0.8152885882236675	95.04858793329075	0.0
1.2149239688979323	1.9590162773980888	0.041439356102359444	0.6532685283892897	96.13135186921232	0.0
1.99999571365002	4.390104960192512	0.07118719443666637	1.4292762881995957	92.1094358435212	0.0
0.8364482063831091	1.3578303840180639	0.02114150999296663	0.6938022705317527	97.0907776290741	0.0
1.2615015966568948	0.7231576096765614	0.017386770052097825	0.47605961620929804	97.52189440740516	0.0
4.60827801032512	3.2995937481198494	0.010636353350022878	1.0058427998909112	91.07564908831411	0.0
11.610056530795037	3.566154400098213	0.048157487111333656	2.380866991162577	82.39476459083285	0.0
3.490351268512292	1.72739400506995	0.014944513393582392	0.949593210191732	93.81771700283245	0.0
1.9957161212167462	2.577520434134213	0.021258539174199526	0.6275244756124794	94.77798042986237	0.0
3.5249075411424275	2.124844825352738	0.012860295298168425	0.7905595455990838	93.54682779260757	0.0
15.395261920555706	4.798282318589556	0.08079052551510692	2.1610255128710354	77.5646397224686	0.0
6.710634210877663	3.943227326578312	0.049774309244685684	1.4723987724817726	87.82396538081757	0.0
1.1292893819955576	0.4340236564905434	0.016647404294180757	0.1894152404044545	98.23062431681528	0.0
1.228014288700042	0.6114605337120329	0.05619478958976321	0.3177207331449664	97.7866096548532	0.0
2.508311717548082	0.5189349467438057	0.012828436789650146	0.3146508471140341	96.64527405180442	0.0
5.741906757480704	0.6299609263421377	0.008091999999956277	0.32374908922979456	93.2962912269474	0.0
4.624989474073683	2.11879912793863	0.005097452595106777	0.9764148377851276	92.27469910760745	0.0
18.68588969081232	10.471581781878227	0.06434117251138419	4.3730516286248635	66.4051357261732	0.0
11.208944774933585	3.9866356937658263	0.006360390646077746	1.0849702339132252	83.71308890674129	0.0
35.57108061572094	8.635783381781813	0.019523743223565423	1.7913480394041268	53.982264219869556	0.0
16.858697511308687	4.620403766215253	0.015323999087959669	0.7136237186286563	77.79195100475943	0.0
7.171458132160367	1.3919580477378675	0.00743809233115116	0.4338782252073542	90.99526750256327	0.0
15.902509800761663	4.7267425141486585	0.02285366241585713	0.775677711271171	78.57221631140264	0.0
10.965251427594982	4.417413540478935	0.037712148848289294	1.0876244320961892	83.49199845098161	0.0
2.4097083718862624	4.583261714509269	0.019332688540760888	0.9663842030914283	92.02131302197229	0.0
9.601044782330922	7.232768687881773	0.04225909881509456	2.8668709031122592	80.25705652785994	0.0
7.733834819437689	9.199461371298831	0.09258709336119318	2.217575853847879	80.75654086205441	0.0
6.97734466879308	19.638049536245408	0.45197348421684747	2.0502418712252712	70.8823904395194	0.0
8.321395218148025	41.54452176760623	1.7224424778915934	2.1771315564546416	46.23450897989951	0.0
3.223026952436653	42.796736290024015	0.8268236504854608	1.1414716397529043	52.01194146730097	0.0
3.0708689970221275	27.03550858687817	0.5513022530570589	1.324239502737318	68.01808066030532	0.0
3.1177047584049644	49.28906612604963	0.7521780140046799	0.9219344697230611	45.91911663181767	2.0
1.9196241147695452	46.56908198304423	1.082053307258452	0.4650240737789869	49.964216521148785	0.0
3.4935154041941927	40.232669713267086	0.8444851369674927	0.8923709753884059	54.53695877018282	0.0
1.8137562003072598	30.350689773704566	0.5262056042952785	0.3047399589800135	67.0046084627129	0.0
8.92669421139621	35.98611884038866	1.2973919599983188	0.7171611494121878	53.07263383880462	0.0
2.880594853358421	25.025735511298308	0.14024328362966992	0.4140360658238959	71.53939028588971	0.0
4.2231426454305225	54.10726650484911	0.5648279776250035	0.9886608223777423	40.11610204971763	2.0
2.633072498954017	22.637369466469863	0.33298785340250997	0.5875742898758549	73.80899589129774	0.0
3.579923804213387	44.35230038491804	0.36010866166280975	1.0608388102126263	50.646828338993146	0.0
2.741471190338006	28.4913347613444	0.08886072038587084	1.3423746380308448	67.33595868990086	0.0
5.134354548840027	30.81633617678537	0.23276117886812026	0.6473199350242953	63.169228160482184	0.0
4.554125355784955	56.945381379581626	0.40374047758599213	1.7260168453191171	36.37073594172831	2.0
3.507132334073894	64.983789130481	0.4112060472406303	1.929351689885307	29.168520798319165	2.0
1.2196859916763088	29.74705857856655	0.20775241715760345	0.7307741861568273	68.09472882644272	0.0
4.967055050705445	30.000629010393936	0.0995023221949783	2.3539665740844815	62.578847042621156	0.0
1.2552572762147658	34.6621010613162	0.06214252094716308	0.4558330821221754	63.5646660593997	0.0
2.8424443123757017	15.885277666971723	0.03209334851629602	0.5743533146445388	80.66583135749174	0.0
7.812470917895354	48.75959276286822	0.13890998642194566	1.373219323378534	41.915807009435945	2.0
6.700500574827722	42.381517083868395	0.3155600155928354	0.8013590829122811	49.801063242798776	0.0
2.418610703088882	44.358178615188635	0.30856438589149393	0.8180300875352838	52.09661620829572	0.0
4.8670068330362914	35.37550992085197	0.37658247811717466	1.1738212895383084	58.20707947845627	0.0
2.8544654644258354	10.865227590774328	0.06690616245238291	0.6141828783915808	85.59921790395587	0.0
5.015209060420983	26.27768012318747	0.2868123026405239	0.5397392914272628	67.88055922232377	0.0
2.4750632856962627	22.386636316472583	0.15261384548115095	0.34844337714890544	74.63724317520109	0.0
4.444130212765401	15.83731456077119	0.09415912377645122	0.7015828873407454	78.9228132153462	0.0
2.699652516144501	40.82049132513016	0.6088049770925625	0.45649013779783165	55.414561043834944	0.0
3.8305436383277143	59.591514693291245	1.2150216019073041	0.4661184468864408	34.89680161958729	2.0
7.995618019928691	47.459924887411866	1.2361888670380792	0.4320361574138799	42.87623206820748	2.0
2.3935449117806975	60.29018353409759	1.4974701624923294	0.7953303534493774	35.02347103818001	2.0
1.732400791180886	58.390432072966206	3.3197441254316167	0.5398021078149595	36.01762090260634	2.0
3.476629148246111	33.89974891550552	4.4482730669317005	0.7232600772776708	57.452088792039	0.0
3.546803222968197	46.17778576493832	5.176084507931832	0.8132026311335367	44.286123873028124	2.0
2.995646720647984	41.867407194632335	7.36706551367382	0.3550649721285981	47.414815598917265	0.0
4.132059767983363	35.37001179075806	4.7950957780522145	0.5585610179750702	55.14427164523128	0.0
5.077710238786941	32.69517909254436	4.357245957036357	0.36311241178302917	57.50675229984932	0.0
1.5392416402013542	15.22638454567638	16.4025853260706	0.12013646164633894	66.71165202640532	0.0
1.4715022061725067	2.938140942738671	0.35526566569351514	0.06600649255308293	95.16908469284222	0.0
1.3098992155679712	3.8358026017674645	0.605917411946465	0.09402932388110002	94.154351446837	0.0
1.090520543418043	7.056989546212233	1.0733866585136744	0.10203231807405083	90.677070933782	0.0
0.6836677382708807	6.672178544022136	1.1076157455761397	0.13590270176297603	91.40063527036786	0.0
0.2956694350440087	3.99554056025072	0.8363478524847603	0.042296003687982496	94.83014614853253	0.0
0.5523738660526949	6.2097597178260076	1.4420158767226294	0.0726219093193198	91.72322863007936	0.0
0.320680183244621	3.9115287977523914	1.1566576552629235	0.042188016996741816	94.56894534674333	0.0
0.209445875819293	1.8357938378777399	0.25023302120715507	0.07454189680784715	97.62998536828798	0.0
0.12577405304088243	0.6183078578403403	0.2579889489786754	0.019884442602753467	98.97804469753734	0.0
0.23617580461798537	2.399375753964311	0.5193157277239538	0.051012186254430256	96.79412052743932	0.0
0.28652056862768654	1.8282664431280866	0.7353339408073135	0.04416301957344909	97.10571602786347	0.0
0.1632434284757857	2.1368775979719543	4.192400349988148	0.023752784025517115	93.4837258395386	0.0
0.3304240884039164	4.506239815567556	10.802993770817928	0.09688967542214938	84.26345264978845	0.0
0.18475879670389636	2.0395648343496613	3.5382067890333047	0.036919008632348184	94.2005505712808	0.0
0.27652236071184155	2.685245061058061	6.162466639794952	0.03843187995067886	90.83733405848446	0.0
0.2699312685424537	4.894921269126411	60.364572450960615	0.025180568908716214	34.445394442461804	3.0
0.21811951673117486	7.512331175909595	7.968835055129896	0.031747672880256234	84.26896657934907	0.0
0.6481855509508376	3.3512306702398957	9.390593997526766	0.035880688103487234	86.57410909317902	0.0
0.3797058783429903	3.0332830416658387	6.5690103735464325	0.052517569830647995	89.96548313661408	0.0
0.31627144875622587	4.238558889022669	5.024733061850846	0.03066157647885135	90.3897750238914	0.0
0.5230954944259615	3.7309879675820077	5.886323780086	0.05780061881980813	89.80179213908622	0.0
0.26840683560114253	5.383824809880277	6.237564753741437	0.056936418635231405	88.05326718214192	0.0
1.0632954268211974	15.29953024515916	7.990154926728074	0.054860141321769584	75.59215925996979	0.0
0.5356559696555743	4.7613182254291	8.353385737724944	0.06214368050882601	86.28749638668155	0.0
0.789204280307317	10.812080456234852	21.72305155353383	0.06980157113412837	66.60586213878989	0.0
0.9256002911532187	7.493710374045983	4.325541004024714	0.06628297336517948	87.18886535741092	0.0
0.5893872874634873	6.774587164012328	3.1389868347789998	0.06958079128581282	89.42745792245937	0.0
0.632479849689955	4.5341266106238205	11.123160964738528	0.13381390821310143	83.57641866673461	0.0
0.6082159624218194	5.957557103204768	6.379309770181482	0.12085319834735933	86.93406396584457	0.0
0.3104030728039787	4.930077712618968	9.380229946967525	0.09529822283406943	85.28399104477545	0.0
0.46955637663367966	2.2110949386384915	1.7240464361670205	0.0868186749209119	95.50848357363991	0.0
1.4343281729918909	4.656278597112502	3.8309636970238987	0.07116426529428374	90.00726526757742	0.0
0.7920786051473064	2.7609832222232797	1.6127999480497355	0.06478124728870896	94.76935697729097	0.0
1.6316506150241006	3.106780612140828	2.5478184525093805	0.04693678472983055	92.66681353559588	0.0
1.318967117717787	6.076067354685707	5.524084121140866	0.10299607609484983	86.97788533036079	0.0
2.140866991280652	3.1600579791585335	3.653539899256221	0.0568991102923408	90.98863602001227	0.0
3.2447928715240493	4.436172760849636	8.431670702106933	0.05746113953530614	83.82990252598408	0.0
3.0930091675653784	2.0590016532793376	4.179439614442938	0.02824365213896081	90.64030591257338	0.0
4.05837266138675	3.6692485859737625	0.48511121682102787	0.11097880435651716	91.67628873146194	0.0
4.1710122459224035	2.4604064361067266	0.11735017872113117	0.10175693411314313	93.1494742051366	0.0
1.9400927114166928	0.6661073056890974	0.7491592925576279	0.030011042615719	96.61462964772086	0.0
0.2584292512030047	0.3354125524391864	0.02375512030580299	0.02182079143397014	99.36058228461803	0.0
0.2604365580554674	1.2079197859998736	0.030855375121738783	0.046137202485357506	98.45465107833756	0.0
0.609416798116088	0.9021972360291931	0.009029087846464896	0.015281168651793364	98.46407570935646	0.0
0.0414051841525149	0.13054023124894593	0.00591638869886519	0.003932816646582491	99.81820537925309	0.0
1.517099452411486	1.5069047005074967	0.08272417911855967	0.0809873163558939	96.81228435160656	0.0
0.16028544735159586	0.30483631130397476	0.009551419637958854	0.02835910801385823	99.49696771369261	0.0
0.16592578441262273	0.47271992150289754	0.0024657113490785024	0.027876352925915632	99.33101222980949	0.0
0.3193259951950632	0.10903275297530078	0.0026434822608104795	0.00965671489915725	99.55934105466967	0.0
1.300514499070235	0.48830325531823443	0.0156385970102973	0.03143191262000805	98.16411173598124	0.0
0.4058330760575976	0.04687234691655422	0.0008891157224473298	0.01169349882411179	99.53471196247929	0.0
0.5186239376970568	0.23084037365302487	0.0031424040940282666	0.114500557014771	99.13289272754112	0.0
0.4030781774760088	0.2279192383903086	0.003824255116313854	0.022029368789057126	99.3431489602283	0.0
1.09988633300017	0.5829804568130686	0.004801694670457866	0.03393001005382279	98.27840150546248	0.0
0.8779853352971727	1.3827011851152529	0.01173794424867497	0.2047041153858526	97.52287141995303	0.0
2.239392041456574	3.994986201594041	0.02535297940006069	0.5129108946730203	93.2273578828763	0.0
4.428642365135526	3.0480998874749434	0.034968948662809286	0.4709710247191158	92.0173177740076	0.0
4.032200002604409	4.006107085154489	0.05071011946501046	0.6177167296518021	91.2932660631243	0.0
4.457195693299633	3.88111391648082	0.0393249979439961	0.5749594100343222	91.04740598224123	0.0
1.9794220649688055	1.7334303181911215	0.02370571716944129	0.9871611656697818	95.27628073400085	0.0
9.910659836027175	5.2670995095873705	0.03119922785564831	0.96665997141828	83.82438145511153	0.0
4.767036040366443	3.0322332574497426	0.011738539144907148	0.6079601185002862	91.58103204453863	0.0
9.709304973213582	9.941586475585336	0.024616622228187675	1.8921833950615536	78.43230853391134	0.0
6.809224440409123	7.637469263123877	0.03858812039570375	2.2367560464614518	83.27796212960985	0.0
6.191466245247887	14.62346424815426	0.0696024463588861	7.5350053891194	71.58046167111956	0.0
5.445786515253873	12.351625599919853	0.08645096388768723	15.108135146095009	67.00800177484358	0.0
1.6651945054146406	5.936560198336412	0.01876085082861148	2.9893063687252073	89.39017807669512	0.0
3.6683836021568794	11.693952126824767	0.12420940994039668	6.040079639453368	78.4733752216246	0.0
8.423728412776414	17.176330090485102	0.09216193286021979	4.774911450551138	69.53286811332713	0.0
3.066237631347683	10.479576063835907	0.05318877574493826	2.534781929926125	83.86621559914535	0.0
2.9251838810210296	8.546913849661378	0.08071933399503631	2.9506195045592825	85.49656343076326	0.0
4.189726504318884	12.622189580340553	0.08080515057020639	2.5743606063157167	80.53291815845463	0.0
4.757644151155384	21.874885604427565	0.16463043859119747	4.150564328179976	69.05227547764589	0.0
4.863305684770324	37.32651895933496	0.30453107172260213	6.761488547738267	50.74415573643385	0.0
2.776319386225712	25.75847857884139	0.1299488128654421	2.981782942385744	68.35347027968172	0.0
4.984911455291073	39.96451618512891	0.09055801278735008	3.920003269795918	51.04001107699675	0.0
3.215860310145179	57.82595330148411	0.3953619798970172	5.381836333273006	33.180988075200695	2.0
3.9474695730969804	10.798450978025134	0.012616025994175743	3.3751031573478327	81.86636026553587	0.0
7.327444985396507	30.632143047935557	0.20042597499621112	8.411379456878997	53.428606534792735	0.0
3.3054139670424525	38.915944252830016	0.4814314330402368	7.401427626918503	49.89578272016881	0.0
1.2838993068585887	8.458064501544078	0.01700082980637993	2.9417313407424452	87.29930402104851	0.0
4.841908449047527	17.540404819551654	0.07819596610854314	6.840842285854463	70.69864847943781	0.0
4.65929671304856	17.23980599583308	0.0435707237772736	8.821549561240614	69.23577700610048	0.0
2.6036272174803097	19.75356657500976	0.04062121235017482	3.5047769970740825	74.09740799808566	0.0
2.638784096141751	22.14795643642092	0.1331896694023082	2.811152507759856	72.26891729027517	0.0
6.912559396006065	8.328651005751695	0.04836204701982337	3.4187147322856846	81.29171281893673	0.0
2.659111329258489	58.440425721898926	0.20938010441951152	2.067022006945154	36.6240608374779	2.0
1.7144436805784296	21.721611566203453	0.06370163730054317	1.3309768051798063	75.16926631073777	0.0
3.105578536560847	24.555714068001265	0.48180346429952126	1.8811983123895326	69.97570561874883	0.0
4.30222832779684	21.777314473203717	0.15482560573276727	2.138144833863211	71.62748675940347	0.0
4.697644332089539	38.10880260224432	0.5436599934882334	3.180033277006575	53.46985979517134	0.0
4.212607937802507	17.65442534753656	0.04050522667245004	1.3974280112761461	76.69503347671233	0.0
7.05460667513311	20.71840963267878	0.12206071352607845	4.812662865317148	67.29226011334488	0.0
3.1826732774583864	18.495045850287816	0.24394853797650873	2.233642413174626	75.84468992110267	0.0
2.0626327744999378	14.946476373811887	0.08277717951842406	1.3243872623913033	81.58372640977845	0.0
3.129305695685842	32.96529017809902	0.8599139053740774	3.833269269693141	59.212220951147934	0.0
2.2453033970708316	14.36363805994875	0.061168641182186824	1.2304518636682622	82.09943803812997	0.0
4.180555284157419	17.959346677527073	0.15739163604790082	1.996036017324606	75.706670384943	0.0
2.9158377401650797	15.215300099261158	0.13221756727960096	1.5394719207474163	80.19717267254674	0.0
3.148222844106676	11.925445648495732	0.15373486034191086	1.4516218489983517	83.32097479805732	0.0
2.6122739772029884	15.780343887222203	0.29487851256102865	1.3326468000231682	79.97985682299061	0.0
2.50758294549369	8.145533331014873	0.10496544340550239	0.753247121420859	88.48867115866508	0.0
1.805784570748957	10.37675527196864	0.16541614723527281	0.4120593371574839	87.23998467288963	0.0
2.9335826223783443	16.02218136217609	0.16163331416569768	0.445907973205955	80.4366947280739	0.0
3.600964402674266	21.87972123492998	0.5061280289441532	0.5192724317862397	73.49391390166535	0.0
1.9636660345475854	9.80455375976397	0.15330543274054198	0.3962529225871326	87.68222185036076	0.0
1.4002217370313723	6.92813836565285	0.07344742099220793	0.18683695873239173	91.41135551759118	0.0
3.872255437263345	30.485847704877113	1.2630690179668331	0.738756318029794	63.640071521862914	0.0
3.112361792305926	15.32514483981499	0.14720551419686173	0.35408257294114875	81.06120528074108	0.0
3.6482788371205483	18.413215414890722	0.3067246546981157	0.5504542628252621	77.08132683046534	0.0
3.109206909614766	16.960271094319314	0.5520249095485554	0.42504168569822093	78.95345540081915	0.0
4.274944883486289	18.665548585810058	0.3518089397261974	0.3307308300828689	76.37696676089459	0.0
3.290688009285772	29.98254673206454	0.6768242462486984	0.36914702602439387	65.6807939863766	0.0
2.5356801395559283	15.35496745592034	0.49111404774388656	0.10761961053543845	81.5106187462444	0.0
1.6012021167252244	19.076296563396014	0.450030859383194	0.14079392862387258	78.7316765318717	0.0
0.7141884887197871	8.95598967965122	0.3498369726599667	0.06267251900766081	89.91731233996137	0.0
2.722652809500738	14.51507135812849	0.38936164850854416	0.13071241615295115	82.24220176770928	0.0
1.3709789119051279	11.378901954468247	0.7419887126204642	0.15420751515766312	86.35392290584849	0.0
4.089845720038872	5.099918131034364	0.1605877162625536	0.23258334225576316	90.41706509040846	0.0
1.930227324780457	9.220970685112597	0.5854646852328154	0.3536537413429784	87.90968356353115	0.0
2.622182651824527	3.931274244404295	0.07314695152448669	0.28601754263468065	93.08737860961202	0.0
