N1	N2	N3	R	W	anotaciones
0.01840895039899991	0.033293893971504215	0.005556133385566387	0.0014714196740722753	99.94126960256986	0.0
0.019346165753730018	0.019703997084543682	0.008898120196031966	0.0008856865572720191	99.95116603040843	0.0
0.011210149762902246	0.010454794762565854	0.02750692284668127	0.000652068609662465	99.95017606401818	0.0
0.015305187163683261	0.03142357692719095	0.08467475978696443	0.0006905461994767707	99.86790592992269	0.0
0.00705817067548734	0.011342246825958874	0.003635327257596272	0.0001114183742116258	99.97785283686673	0.0
0.019197076601735377	0.008703037818961217	0.005310032294589958	0.00011847409939194441	99.96667137918533	0.0
0.005900051400144293	0.010488191022011708	0.004774410638871127	0.00015127084129026356	99.97868607609767	0.0
0.009163840082574504	0.008921663008719253	0.008474938847119643	4.825979452864794e-05	99.97339129826706	0.0
0.02037109332127097	0.011586366700114191	0.005227433993814372	7.746451848205554e-05	99.96273764146632	0.0
0.011785254313884358	0.011789492824469018	0.0131669532959896	9.719819860128953e-05	99.96316110136706	0.0
0.18168530283113213	0.04485999698774567	0.0032363408954758826	0.00021486471504188038	99.7700034945706	0.0
0.07751556044134358	0.06572030633465342	0.0035860907783501466	0.0008506860629597198	99.8523273563827	0.0
0.02586075868703874	0.02545444635911893	0.0019032689486570438	0.00022315036639997398	99.9465583756388	0.0
0.15061437224261506	0.09376171677005048	0.003324899979708737	0.0030478105765746662	99.74925120043106	0.0
0.21986406799631059	0.10233691784183503	0.0018455437135098754	0.0011449431464843278	99.67480852730188	0.0
0.40958134153579356	0.12642031525812528	0.0006366505029261259	0.0006539219325470117	99.4627077707706	0.0
0.9543520999387763	0.26092558350787404	0.0007373096537409549	0.006746347074033807	98.77723865982558	0.0
1.2869938253485333	0.13784876638446328	0.0017422599991648744	0.00863037354310184	98.56478477472473	0.0
0.6759120582151554	0.2687241608598348	0.0007174287379251398	0.017332592753391603	99.0373137594337	0.0
1.0214370441210978	0.2149039960038031	0.0015040813124514226	0.007124464878952171	98.75503041368368	0.0
1.6897362537771299	0.1712915716234921	0.0005701904817582046	0.007500888924431753	98.1309010951932	0.0
1.0992729716099463	0.6837398834686313	0.002348880745230001	0.016454254498676477	98.19818400967752	0.0
2.547243983198235	0.36444155359348207	0.0018082591315907541	0.019254491361528105	97.06725171271515	0.0
1.5056813825608462	1.1561154779380984	0.002892377987259949	0.03202022202164883	97.30329053949217	0.0
4.385761765973002	1.1475884894046888	0.00598327462033537	0.10147286051049381	94.35919360949148	0.0
6.2199116082079415	0.6242529736980136	0.002661065543167478	0.08303111681256056	93.07014323573833	0.0
4.1082779884396725	2.062551867311876	0.003808002057808091	0.11791628803499235	93.70744585415565	0.0
2.5616248779726107	1.1785343224579643	0.004022570368586103	0.25478217674078096	96.00103605246005	0.0
2.860450533513334	0.6978323685914574	0.0020335651068063634	0.3902342859385135	96.04944924684989	0.0
2.5659387925194186	0.3007387812754008	0.0022270992889962186	0.23740105055264799	96.89369427636353	0.0
2.37072619084483	0.720805781631607	0.00651865610182526	0.5078423330986058	96.39410703832313	0.0
2.350865318370965	0.44183445481707007	0.006097166767368497	0.19988240154286407	97.00132065850174	0.0
1.245309846840382	0.41635035205452975	0.0012369641042050408	0.09429288969111078	98.24280994730978	0.0
1.067687806371178	0.357826078475938	0.0013352946688567696	0.07906159207213377	98.49408922841188	0.0
3.4005652796566914	0.48789520138713316	0.0006329087301853469	0.02507185997091227	96.08583475025509	0.0
0.7379629242782737	0.10143047450275429	0.0234553381262762	0.014672183693023203	99.12247907939967	0.0
0.22329454183943526	0.026981850284683608	0.0007518731001876931	0.0043365000713638125	99.74463523470433	0.0
0.2374862285346301	0.09678699460586328	0.00266922831871827	0.0031062725753238677	99.65995127596547	0.0
0.26072040258339635	0.06852225184243607	0.0007735485268750859	0.007197382148575417	99.6627864148987	0.0
0.45474737450947583	0.08522593861746221	0.001185212762620086	0.012926871256389498	99.44591460285405	0.0
0.7505428587873875	0.1416650533743523	0.0024646951239366845	0.03431176476805089	99.07101562794627	0.0
0.7666318123271023	0.10249877103996302	0.00040472334691090436	0.01139018433981286	99.1190745089462	0.0
1.370057379996779	0.40003638208669395	0.001157833971032735	0.029936606937865574	98.19881179700764	0.0
2.3067342325671434	1.1047320601427606	0.006475269490986158	0.038397975645724364	96.54366046215338	0.0
5.365923570770749	1.8186478672776902	0.009546319525584579	0.04004612552136108	92.76583611690461	0.0
2.2846339862280884	0.2985595384880527	0.004559325791088708	0.020415056665235038	97.39183209282754	0.0
5.079955842876192	2.4457748757690254	0.007124174521695121	0.06523336585894209	92.40191174097414	0.0
4.109129027381179	0.8371438631453068	0.004603719591861767	0.053235360574912224	94.99588802930674	0.0
5.631140248264085	1.6194517128624801	0.014103536840188379	0.12570338074828907	92.60960112128495	0.0
6.2880380201544295	3.3823813553009745	0.023424617359159735	0.6972577526098277	89.6088982545756	0.0
3.7200420651220463	1.767909348674268	0.007829675001016325	0.304747863220435	94.19947104798224	0.0
7.101876634877723	4.253979543336532	0.03560952443580051	0.5566543255797323	88.05187997177022	0.0
6.5135610454726445	8.301749627272144	0.0394718479950345	0.7895643824365315	84.35565309682363	0.0
7.405891505126114	14.874948725897458	0.03871520298542586	0.4425311263684372	77.23791343962257	0.0
3.341135836245047	5.590034318059662	0.027382118734881222	0.18401166640449587	90.85743606055591	0.0
4.710043432738191	5.562513547024757	0.026040566424677457	0.19638842592212463	89.50501402789025	0.0
5.3097260470919485	7.26591092335061	0.05096488808071892	0.24650524587256623	87.12689289560416	0.0
5.458435559620467	12.032365247506146	0.03818416193369629	0.6083259469433555	81.86268908399634	0.0
1.4633901080578124	5.510439162734587	0.02807230488215924	0.29537568055471397	92.70272274377074	0.0
2.7545103922336565	7.1009105821102745	0.027423566985839847	0.8292691354312104	89.28788632323901	0.0
4.0908123424482055	9.357848784612678	0.06708781974772449	2.0929342878474944	84.39131676534389	0.0
3.7824271471138524	41.29637293351967	0.10903006024500211	2.7847586121222827	52.02741124699918	0.0
4.756404812266467	5.561899425034788	0.06377797287100449	0.5939919438384188	89.02392584598933	0.0
5.608374357631493	15.058168425801934	0.04315506374416295	0.9908434030843596	78.29945874973806	0.0
3.428392047964751	11.985177420949105	0.07898633049489334	1.4402475716605074	83.06719662893074	0.0
6.851737649003904	25.95373215831161	0.18426059273713025	2.362867608192024	64.64740199175533	0.0
9.364433547541996	13.732956309475094	0.061821262701983064	1.3598498038540316	75.48093907642689	0.0
5.750184824817271	7.982826957089601	0.023714700361423736	0.9593643290976995	85.28390918863401	0.0
1.5907092761723074	1.78146661802086	0.006720911619312361	0.17565437749433632	96.44544881669319	0.0
5.666092101897857	1.0519420567696687	0.00766988836778554	0.060835579542743726	93.21346037342195	0.0
6.330228402948783	2.55102852508926	0.026172889953460492	0.05148254452820021	91.0410876374803	0.0
2.8789172133157206	2.553431741174898	0.023165766620496405	0.06353237574328385	94.4809529031456	0.0
3.637238983718262	3.050265436807043	0.07669215281674716	0.08739869341410078	93.14840473324384	0.0
4.522664511779869	16.111509700995185	0.11304232373307371	0.129372579446883	79.12341088404499	0.0
4.93271511965218	12.669076535593618	0.11965416263016661	0.11981745319866273	82.15873672892538	0.0
2.363539087818839	15.944402322853069	0.24417428888947185	0.11571522758152533	81.33216907285711	0.0
3.3674755768160343	43.10145671916345	1.0616876346025097	0.29493799614905186	52.174442073268956	0.0
3.623097280477943	67.04486839193213	0.4902230791636211	0.17035522611317125	28.671456022313137	2.0
3.7823242353455857	44.49183660435005	1.100369338213253	0.3684662062593427	50.25700361583176	0.0
6.692288994483213	59.87762552762938	0.9422980342710993	0.2134543365047081	32.274333107111595	2.0
5.197545205429708	46.6924002948318	2.0070404302812053	0.38196387847270474	45.72105019098458	2.0
2.6851349481525273	78.05423150073749	1.140107393188253	0.3718472574907037	17.748678900431045	2.0
2.034587351647119	69.48694058967753	1.8559783529249312	0.20945283443734442	26.413040871313072	2.0
2.8240332212552155	72.84071439847698	1.9571260533670536	0.2747176047347727	22.10340872216598	2.0
2.8680684917877675	69.4302808858863	2.332812530386001	0.22474475037027103	25.144093341569658	2.0
4.578707636775147	10.056930580844865	0.1648741435722142	0.09051159224271363	85.10897604656506	0.0
6.885290335010846	13.986316749217407	0.21662486446783372	0.16818029152600844	78.74358775977791	0.0
8.698579488619712	56.502857649300985	1.3206915997364872	0.1969524750475854	33.280918787295235	2.0
6.528397220941217	22.534377028516317	0.6614951071972894	0.14125922126644302	70.13447142207873	0.0
5.868120171487365	53.00269657626433	1.5426292799179846	0.2119394816250611	39.37461449070526	2.0
1.5239369995035337	52.55514954879572	0.8684898464467818	0.10096530764109439	44.95145829761287	2.0
4.135532095941242	52.94491623846144	2.699443029540433	0.21416187987873403	40.005946756178155	2.0
8.309409417800245	36.295563350588466	2.582766664394895	0.3779718141925121	52.434288753023885	0.0
8.618395234348418	31.533606545069993	1.5507927707636067	0.2050113448846622	58.09219410493333	0.0
1.6185861569931965	63.107934423346364	2.3760993192546023	0.09892868672448972	32.798451413681335	2.0
1.9452844621406526	36.413511691846026	4.091486864169125	0.15437267575054736	57.39534430609364	0.0
3.446873593612393	38.50171205793138	4.74585935708867	0.17800509808091397	53.127549893286655	0.0
4.914848334643725	40.730140018959766	6.872931556955857	0.5803239821911299	46.90175610724951	0.0
5.036953998707268	23.76836515626934	2.4696270625271826	0.21111531363174332	68.51393846886447	0.0
4.7685946469398255	19.69286380626841	5.403785064791127	0.3666002946606664	69.76815618733995	0.0
2.3612227878620917	22.901424132051055	2.283720534130774	0.23147574343187183	72.22215680252421	0.0
1.2815651689676415	1.446342189873147	0.07607998339518632	0.02994419602611686	97.16606846173792	0.0
1.433423155345963	2.130491895384995	0.09553510034235192	0.027826668300309332	96.31272318062639	0.0
1.4649908005111443	0.9280764603452474	0.02508822425526612	0.015402286517839876	97.5664422283705	0.0
3.9117833980153685	3.924093320578845	0.01654409988303861	0.2077917524354224	91.93978742908732	0.0
1.861937482067233	1.5013521845414353	0.008191793967665372	0.08692731437748495	96.54159122504619	0.0
4.7938252952066485	1.9298577649284436	0.0018083974371825957	0.21669230995007768	93.05781623247765	0.0
3.43588045048825	1.9836770784325264	0.004951325172022175	1.3974941312751752	93.17799701463203	0.0
0.9796445839334108	0.23539170581978577	0.01168070221885689	0.10034672398773407	98.67293628404022	0.0
4.286743615820227	1.2394966623070738	0.003632437301571348	0.6379256542769473	93.83220163029418	0.0
6.0098261996645785	1.3404677386159234	0.002311806041499315	0.3519452916865899	92.29544896399142	0.0
10.00670208664924	2.843237223067719	0.006363527143206311	0.28457288695475097	86.85912427618509	0.0
29.23164015098824	4.719080318627145	0.012866879261994188	0.8124555083105653	65.22395714281205	0.0
9.90230121404869	6.450014087429731	0.010343502765212679	0.5603539984171468	83.07698719733921	0.0
15.288183217310788	17.83885483570459	0.09299190290020722	2.479268990857184	64.30070105322723	0.0
13.192774316651047	17.13771265124286	0.093856651777389	2.1408391624951424	67.43481721783357	0.0
11.579875773290176	25.614146817801046	0.06750573071969412	1.763771438336632	60.97470023985244	0.0
4.595756755701739	21.909273870653436	0.14455366305239584	0.6806386956405188	72.6697770149519	0.0
4.5265534601903274	12.354056190231287	0.1438833024764437	0.967128556386394	82.00837849071554	0.0
3.622571906107007	42.93870525598384	0.09847869387433815	0.4805334942341306	52.85971064980068	0.0
4.692438487244233	49.45480733135047	0.16618645010767066	0.20933420913337628	45.47723352216425	2.0
14.409245146626267	21.57950540315853	0.23949512986803848	0.2068347559733176	63.56491956437383	0.0
4.1151608074977375	18.366369296210816	0.3141780568287067	0.11532309050669748	77.08896874895605	0.0
3.982046358728152	21.29187650066064	0.19528757559213378	0.10096359511126336	74.42982596990782	0.0
6.080934722485374	28.121378172284217	0.32558093564219753	0.08683035198156645	65.38527581760664	0.0
4.081889155736991	25.188546658953886	0.4519829864051873	0.2023485820102374	70.0752326168937	0.0
5.203722336915407	32.837262949842724	0.6714548675600612	0.16520054992860342	61.122359295753206	0.0
2.477565367054956	39.326555170172945	0.6011833579486597	0.13324658088207053	57.461449523941376	0.0
6.811070924743187	27.797132404914436	0.40533491396759674	0.2379141097787646	64.74854764659602	0.0
6.3088194680452485	19.266163776559605	0.24763531788237048	0.15472397274388383	74.0226574647689	0.0
6.842857769608063	28.68234010110937	0.39979780757982314	0.13360944314050321	63.94139487856224	0.0
7.062428227409316	43.871557435250466	0.41020294231255783	0.20893559319062746	48.44687580183701	0.0
4.376517968010014	24.975988201038213	0.251852483100694	0.2289541165041225	70.16668723134694	0.0
3.3564516647860447	41.043125858414264	0.34664979015501757	0.16594462714384867	55.08782805950082	0.0
6.41025980702778	41.90669067713592	0.6800759826355912	0.35743885279570686	50.64553468040499	0.0
3.398078115369544	59.61258360473066	0.7600258409199343	0.27264540158556666	35.95666703739429	2.0
6.1868935204743485	61.335537468055065	0.6684783224520086	0.4752550862446966	31.333835602773892	2.0
3.510418592266351	42.312577895415934	0.6823389582253367	0.20890408823344525	53.285760465858935	0.0
2.841313209585392	34.00322396274141	0.5663762781271637	0.1563012928439347	62.432785256702104	0.0
11.486827695565989	52.46235686367927	0.4875232140526952	0.42465406572861386	35.13863816097342	2.0
7.630307991608995	33.70355472777187	0.7301520273056763	0.38769695974130536	57.548288293572135	0.0
4.843773435104179	36.03752715893666	0.5573108545308924	0.15754989977861286	58.40383865164965	0.0
9.401241507850955	44.374649307990325	0.39874524523745664	0.4492142402462442	45.376149698675015	0.0
5.932323170534014	28.763070229759553	0.36394783892427496	0.1751404546195691	64.76551830616259	0.0
9.202126523812066	11.862989167089298	0.3458185357941137	0.28326196957332866	78.3058038037312	0.0
2.556250320412753	10.281076439925787	0.07446588624841564	0.18292168683577367	86.90528566657727	0.0
8.788016942429586	11.239018046409862	0.06494967794867594	0.35605940597435587	79.5519559272375	0.0
9.268611027226111	13.142436924918355	0.13071711793826143	0.588902081003606	76.86933284891367	0.0
4.164514151149158	4.480646748064642	0.04323810098147595	0.12253400191106281	91.18906699789366	0.0
4.009707557382128	2.065997852215169	0.04702427619002285	0.22757316239378741	93.64969715181888	0.0
1.6521430650855016	1.7273380589482932	0.013782948216292286	0.30508593065317674	96.30164999709675	0.0
0.17883633745802574	0.1932266174506525	0.003744735597676214	0.01893735398323472	99.6052549555104	0.0
0.29765356110559554	0.14825881489226422	0.0045355331575566175	0.019547610853679502	99.53000447999091	0.0
0.4332322969020868	0.22992126618773187	0.0028670066128867744	0.021672303659410853	99.31230712663788	0.0
0.34684519972952366	0.07048730429020206	0.0009716229778808744	0.046428287344919515	99.53526758565746	0.0
3.5167412330348204	0.9005844002651352	0.0039414061015043	0.8039519037114349	94.77478105688711	0.0
17.27566746151004	10.059883912197307	0.008309540604043522	3.9130465784756443	68.74309250721298	0.0
13.726270969345292	5.308914540439542	0.0293518939993835	5.221351213760326	75.71411138245546	0.0
20.914892689446145	3.766137939844559	0.011179083222937895	5.737619610544578	69.57017067694177	0.0
13.879273627775069	11.12478192346235	0.028632780344820377	11.946543727797957	63.02076794061979	0.0
24.12071401262722	5.315414783358058	0.015104510602066593	8.64253355711369	61.90623313629896	0.0
17.69686177753625	6.614053225891854	0.013705063483814022	3.412979193570489	72.26240073951759	0.0
20.865689254721676	8.844740351308022	0.025950841016787386	9.722428427762294	60.54119112519122	0.0
19.13796033598262	11.73152130945771	0.032575930135126815	9.534217909350085	59.563724515074455	0.0
25.70693893194045	14.67122647478105	0.038715631466305196	7.03165058356441	52.55146837824779	0.0
14.827655571022516	14.791380112945207	0.03641947400792993	14.076697954631934	56.26784688739242	0.0
14.810925681309472	19.64398657870817	0.09523950803098144	9.260907822728496	56.18894040922287	0.0
10.630498534971956	17.307701823689687	0.13698822321196027	9.596055988923426	62.328755429202964	0.0
13.099677783842859	21.728796883566524	0.054319694964105915	10.43331947845638	54.68388615917013	0.0
19.691735252562346	28.534346000482145	0.1307554465370484	6.61864614257541	45.02451715784305	0.0
5.0410026433470225	13.045538302843276	0.055979906270052275	1.7241103060533316	80.13336884148632	0.0
6.170332728358916	9.312116998211751	0.02688405178932642	1.5632832591767363	82.92738296246327	0.0
9.493262432894847	25.62596716432909	0.08129301426497941	3.1647056395063657	61.63477174900473	0.0
9.81057145282627	35.91478225916896	0.133026637286	3.471343595238549	50.670276055480215	0.0
20.99638800536583	22.720890135815797	0.2086321606345621	5.117218153719713	50.956871544464086	0.0
2.462946563178384	71.29702401722884	0.24599766423635555	1.8531684776013329	24.140863277755084	2.0
2.372943992406957	65.25605514174315	0.12236087720719664	1.347502360696967	30.901137627945737	2.0
3.184424637890536	27.112297914846938	0.1623109844787793	1.6773500397261436	67.8636164230576	0.0
5.463817247775171	45.040985374934095	0.3059923151456712	1.7104990341394504	47.47870602800562	0.0
11.0653893908422	55.895575122967664	0.4105207250623184	0.831928878309584	31.796585882818224	2.0
1.8273148146583873	71.44176698853192	0.17914937863872457	0.20675294218183435	26.345015875989137	2.0
3.3866984667321973	80.33293545355507	0.19500807781703655	0.29389194215471426	15.79146605974099	2.0
1.421303032006409	92.58371493696222	0.9513842580974099	0.20844388499523048	4.835153887938728	2.0
6.029185773248895	76.87800766190234	1.3788062709390383	0.7177840701359103	14.996216223773825	2.0
2.7573449068933775	59.16698831148736	1.5746407604427581	0.286970175038605	36.2140558461379	2.0
5.370080449969169	58.806905960930756	0.5470534490406985	0.43253332256133237	34.84342681749805	2.0
4.607914252090519	39.034450376294764	0.8619024386885136	0.4536273464839964	55.04210558644221	0.0
5.873174552294349	33.7782120371869	1.2568805015076936	0.313701667634242	58.778031241376816	0.0
1.0270804194032264	5.859683921624729	0.15795090800072528	0.0624640578341928	92.89282069313712	0.0
1.330644050373638	3.7122259570200775	0.30227739920688124	0.05863520313921631	94.59621739026018	0.0
1.5449402534130872	6.72158393546184	0.34044108367990933	0.12075120508934761	91.27228352235582	0.0
1.2092470131484316	7.706125141494399	0.5253744527800477	0.08012267730533995	90.4791307152718	0.0
1.3268969489500257	23.659349437139944	0.5138820622298738	0.14507767986153705	74.35479387181861	0.0
2.459706114952861	12.08435495738238	0.6621018061224463	0.12640998944500975	84.6674271320973	0.0
3.4195572018951097	15.563951659450769	0.5725670699206489	0.19494758577857624	80.24897648295489	0.0
2.6150442613011524	24.090140734401288	1.4483368969624253	0.09736687771591801	71.74911122961922	0.0
5.72524824316023	23.65974898783061	0.6082599765193101	0.08929269130500847	69.91745010118484	0.0
6.385368938706339	23.743764994943163	0.6029196842722294	0.13707083266532097	69.13087554941295	0.0
5.307881199984894	61.70532656499596	1.981826687544332	0.2000928026665618	30.80487274480827	2.0
3.7019542492511466	36.67695441392612	1.6796670073623041	0.10094192389115528	57.84048240556927	0.0
2.8110018873120852	61.90613238263476	2.4442177910281644	0.22159485687839564	32.61705308214661	2.0
1.4614221690157807	54.82551436456685	7.291383998284383	0.2997766875943463	36.121902780538626	2.0
2.4461350715480834	31.841115472852366	18.527947162945296	0.33090708495822296	46.85389520769604	0.0
5.382261339309183	40.651749646463166	16.8596969124395	0.3073633082575708	36.798928793530585	2.0
3.4817984042961596	36.51817168268365	20.39245171471447	0.1846411935354813	39.42293700477024	0.0
5.584877620075994	40.11492995244276	18.67804004545809	0.14326460355208523	35.47888777847107	2.0
3.0401711080885385	31.53297634513985	14.882000403704785	0.1038071862236556	50.44104495684317	0.0
1.8485215547942981	27.42023780162257	4.933970915795543	0.06614101668122747	65.73112871110635	0.0
5.564476337076357	32.81036815789965	8.616181874342825	0.1761845675489976	52.83278906313217	0.0
7.0303090251630636	25.641321591231165	14.968684342291597	0.10376086541698985	52.255924175897185	0.0
5.269687634263413	32.60516052626619	14.975802001670239	0.06556999994629582	47.083779837853854	0.0
7.196714761819687	29.281070324065617	17.428958675353147	0.07133944639972106	46.021916792361814	0.0
7.029410199796321	19.392494906747093	7.589386837198984	0.045351601816178894	65.94335645444143	0.0
3.930201315561821	19.158069924379653	7.508628602927183	0.06254147737251782	69.34055867975883	0.0
4.04607967968649	29.189416719050516	22.2146174201076	0.10785821651041688	44.44202796464497	0.0
1.0612052397355685	19.114152964159807	22.132242701965723	0.05697093625268867	57.63542815788622	0.0
0.9121372495629619	14.38718684708649	15.158390747740706	0.023100312782512022	69.51918484282733	0.0
0.9724392064859387	6.022471814316633	9.384460580262665	0.06274713172492584	83.55788126720984	0.0
0.334971918903257	6.32520358883199	2.2806499141197967	0.043103728112470714	91.01607085003249	0.0
0.4417171286843642	6.068317605547457	2.1798223770974188	0.06511363856878019	91.24502925010198	0.0
0.35988042661086533	12.06951797225225	6.187558541545672	0.12996711165468292	81.25307594793654	0.0
0.23106082214703955	5.111439734859574	5.622377527373381	0.05109695379788647	88.98402496182213	0.0
0.2075917372805263	8.670551181769751	2.319377606745629	0.1243476415420251	88.67813183266206	0.0
1.7245655949508265	3.5590337181642875	2.581338843824717	0.013356847429871909	92.12170499563031	0.0
0.05473646511609167	0.5106494338192549	0.06983947827703156	0.005887583332278002	99.35888703945534	0.0
0.09923100376937719	0.6348301385783374	0.060667437394970096	0.007764516854861819	99.19750690340246	0.0
0.5129541928927881	1.1353366147005934	0.03400157218224503	0.022979934376135724	98.29472768584823	0.0
1.0459529006891506	2.1184688625621617	0.03239038411976984	0.05390921437247537	96.74927863825646	0.0
0.8712870815022274	2.998914549577957	0.030894168055466825	0.05840453600556083	96.04049966485879	0.0
2.0786558325939346	8.85954214741824	0.039462413524884436	0.17676107608756259	88.84557853037538	0.0
0.40179995860053785	2.896344851283461	0.029764565513276112	0.32562679864635174	96.34646382595638	0.0
0.7024021998297009	1.1312796359073265	0.005834225264795559	0.06764641396884301	98.09283752502932	0.0
0.5453486217227965	1.1395171356831695	0.003888459354925736	0.22079928168040738	98.0904465015587	0.0
0.8667035554863832	3.832297990107852	0.008559507468839123	0.11862521807198406	95.17381372886494	0.0
0.9104628970829621	0.4236343137993233	0.024837493378440694	0.018441792256449607	98.62262350348281	0.0
0.5489060089021088	0.4057361475940039	0.01250492626006595	0.01123792049479163	99.02161499674902	0.0
2.105352432018135	1.1495733758342221	0.11077451510923658	0.04465132183798154	96.58964835520042	0.0
1.3498030025613161	0.6934723824182569	0.21910862498523576	0.018440296049457527	97.71917569398573	0.0
1.291306283526491	0.6848503806002082	0.038254292015116334	0.09576951438866736	97.88981952946952	0.0
9.622611578764433	1.2234859206826614	0.052371670684674146	0.2704305209221786	88.83110030894605	0.0
6.4380827954906765	2.4242422049020678	0.07723870403308844	0.4289865108820831	90.63144978469208	0.0
4.707921470254918	2.616835459577987	0.015057581399294424	0.4088331388792561	92.25135234988853	0.0
9.250278367056456	8.02157822857654	0.05943370434765316	1.5539853109556876	81.11472438906367	0.0
11.210432071726377	13.761043346022554	0.09715288300673225	5.96344095834634	68.967930740898	0.0
1.7756434536429635	5.926489803771048	0.01942582895993793	0.9936318283433758	91.28480908528267	0.0
1.5935772889716555	6.780618239949073	0.01353183908327916	0.7767879670622525	90.83548466493374	0.0
6.598915572762501	3.217206788567973	0.022424549874931542	0.2332446959706436	89.92820839282396	0.0
8.705768268511138	3.276725737666106	0.02848328456050595	0.1809666937204746	87.80805601554177	0.0
15.78952460342396	10.219829734745169	0.11251480237357112	0.4590146105139607	73.41911624894334	0.0
9.138116584789826	14.812750511485376	0.23882841053876977	0.9361196500621939	74.87418484312384	0.0
13.280950544945147	18.087785801222978	0.11648756214204879	0.9611867249565851	67.55358936673323	0.0
10.036997034747229	19.658306244337858	0.2659176702101967	0.9052906884480725	69.13348836225664	0.0
3.661129198292469	5.159844640159128	0.03323527133127738	0.2387571154751503	90.90703377474196	0.0
3.765473678396145	4.9447929665408825	0.06227089660408877	0.12189946852370459	91.10556298993518	0.0
2.710747588899256	3.3121631518451897	0.06061476299177512	0.097160783851557	93.81931371241222	0.0
1.9365042605129026	1.5851744522470377	0.04062213259839681	0.053571998290425304	96.38412715635123	0.0
1.3194438958705903	1.3171141240975002	0.013374616787283113	0.01553939112706891	97.33452797211756	0.0
0.29269651405965746	0.43763602204129337	0.055043520355119946	0.02579238737333653	99.18883155617058	0.0
0.08884899368408725	0.14879736674335914	0.03205126009639884	0.026392526067805566	99.70390985340835	0.0
0.028204932977250362	0.09059760873236355	0.01732425923560127	0.012347034271105364	99.85152616478368	0.0
0.12896343861967013	0.08977714483297752	0.041782303363800094	0.005253865638953735	99.7342232475446	0.0
0.4556629350686172	0.1422220987970302	0.0017112305070693704	0.030328642567252657	99.37007509306002	0.0
0.5870205120164238	0.11658505334478864	0.0023291828256203177	0.1478908296785955	99.14617442213456	0.0
1.265813566588517	0.7447266086851813	0.009134132783386291	1.2107339995432866	96.76959169239964	0.0
1.321169466683631	1.1037940586043125	0.00430806275675126	1.6852358688263915	95.8854925431289	0.0
2.446635895514389	0.7830725201706076	0.005455177984732543	1.905716699057777	94.85911970727248	0.0
1.6793645719394936	0.7274625221251347	0.0042995722378533765	1.8751627816156606	95.71371055208186	0.0
1.4530536767491222	0.7230012925071141	0.0053448308604675775	0.6486109953343273	97.16998920454895	0.0
5.87795530893184	2.47945521047865	0.013170672595735802	4.821709735515205	86.80770907247857	0.0
7.344806328648702	3.792240305246189	0.013731802636760286	2.9540753952498697	85.89514616821847	0.0
6.584164611270064	8.084453654374274	0.07646382190383036	3.92418462565783	81.33073328679401	0.0
7.016155484377028	6.121651135887821	0.059777815659832714	1.572648465566804	85.22976709850852	0.0
2.548999668046379	16.78308890871634	0.09351477953460577	1.48820476267069	79.086191881032	0.0
1.019202186448897	2.7411817928629456	0.041540421605783584	0.7241927003264952	95.47388289875587	0.0
11.616817356516759	56.11137036041385	0.3887356928023488	2.0917764725043004	29.79130011776273	2.0
25.881813389825066	30.729065019432422	0.13184798395101274	2.514161783571125	40.74311182322038	0.0
11.40310021047912	65.75032164448471	0.17538577293736202	1.6629033675805889	21.008289004518204	2.0
5.9709169166855105	84.54551769992372	0.12578549605984934	0.788496682695929	8.56928320463498	2.0
4.300960392174209	81.8986944207563	0.09928268371855885	0.5050010137151189	13.196061489635799	2.0
4.29036898087869	75.85070899851881	0.26734534848095887	0.31473099921953257	19.276845672902006	2.0
5.887107869604529	60.140694601765865	0.4866381487887366	0.8418490224752613	32.64371035736562	2.0
4.025437634668176	53.7280870456439	0.9399008426201982	0.8207505904216233	40.4858238866461	2.0
5.449394902609937	58.367811218617774	1.1246623618060139	0.6093912544219534	34.448740262544334	2.0
6.231373638959065	66.86605065092121	0.9996549977602538	0.9805941134864872	24.922326598872985	2.0
6.316113234883473	52.08847335538063	0.7808849031893765	0.8389157127742183	39.9756127937723	2.0
5.7340059528794995	62.69537976419722	0.951910227738985	0.6560852168745077	29.96261883830978	2.0
5.763810510953791	50.23075739844506	1.248885007435327	0.93515203349514	41.82139504967068	2.0
4.713559069652898	41.029340375405496	2.595287978296016	1.6377238686476214	50.02408870799796	0.0
4.878938525827146	33.93423843716404	0.5423091635029642	1.199929286222894	59.44458458728295	0.0
2.241313333496587	16.749777098664165	0.4465915885218538	0.8666859897496583	79.69563198956774	0.0
2.141880293666572	15.194516554170942	0.23694273384942624	0.9064402281771714	81.52022019013589	0.0
1.1824535431118741	10.59091707256057	0.2127089160717832	0.3544971017566782	87.65942336649908	0.0
0.8215003749322133	4.749107065146522	0.0310396309495424	0.8206421398854923	93.57771078908624	0.0
1.0812728647063194	1.9282325784589254	0.027045010629042687	0.35598150197268186	96.60746804423303	0.0
8.981503531728883	8.168877163287132	0.07046386954694236	0.6047454069736881	82.17441002846336	0.0
5.119088569113985	4.153221205435206	0.02898931883003534	0.23029809914964497	90.46840280747112	0.0
7.475329528087252	34.78368655078968	0.13154716241905975	1.3462916648659504	56.26314509383805	0.0
4.21759906076485	45.29743607467946	0.34861166468539284	1.6876307657419678	48.448722434128335	0.0
4.401733787934706	79.13414037648167	0.5003330576800121	0.7286233290854873	15.235169448818148	2.0
5.2308776231944725	62.29367519252945	0.3118106338236462	0.4895397112010356	31.674096839251398	2.0
6.93240804354717	76.76462528216683	1.559917689757762	0.7064619706538052	14.036587013874453	2.0
4.030813969079707	71.37079120639531	0.8552803577541682	0.49100298530753705	23.25211148146328	2.0
4.354121381221339	56.15852911442517	0.7958621313194606	0.38389000692395986	38.307597366110045	2.0
4.06650811159747	78.8530094433658	1.303370830555497	0.2232615304606733	15.553850084020556	2.0
6.717402521465904	68.2763025084746	4.983844363655589	0.3353952510106172	19.68705535539327	2.0
3.1721552307742247	77.87422304677568	3.3371365795311996	0.2566053372193508	15.359879805699556	2.0
3.1975070082875208	56.56941862952183	7.6583283914210485	0.3539022094381407	32.220843761331444	2.0
2.1629822221592723	63.56187599370627	9.470192546703414	0.2777844370898257	24.52716480034121	2.0
2.111546953303114	64.51425282965974	2.5343037400809494	0.4237718060039748	30.416124670952204	2.0
1.5525965050237112	56.99971277979503	3.988511545779536	0.5208271467590432	36.938352022642675	2.0
1.3752598041220592	40.23746805078277	2.4224808008628607	0.3392437334337006	55.625547610798606	0.0
0.7502998867570722	29.346287868483472	6.284666795200534	0.0801081500451121	63.53863729951381	0.0
2.876794337132502	39.809792125516864	3.280125837943991	0.2322439469770949	53.80104375242956	0.0
1.1305984512308203	22.942793753644136	1.662034148283088	0.2761136321383712	73.98846001470359	0.0
0.8344475641305936	41.32692096813194	2.5390750697722337	1.101171498071456e-12	55.29955639796413	0.0
0.7124599136626714	28.415866344597557	3.4556231882469217	1.170017281696424e-12	67.41605055349169	0.0
0.24105972445757812	9.834034879283111	1.2326985474145724	0.11604744455603291	88.5761594042887	0.0
0.25215160001947495	10.524021885291745	2.3568787928957455	7.750102320669386e-13	86.86694772179226	0.0
0.0728344020686406	2.3108199684912156	0.7631151666905532	0.03344734859436241	96.81978311415523	0.0
0.19922893482338155	3.575915728064568	1.066329700148096	0.048155533424239	95.11037010353972	0.0
0.13379943357762017	3.226090675195306	1.4775748622919946	1.7639876623697088e-13	95.1625350289349	0.0
0.14824354270917486	3.351970321860837	1.4436111724582663	0.02154212975305708	95.03463283321867	0.0
0.40954731251174514	1.4630302856594926	0.5734973973372987	0.03956122682069761	97.51436377767075	0.0
0.700049307258482	2.1128497254814147	0.7869240466628779	0.22936853640472643	96.17080838419251	0.0
12.319894031976354	1.4164605843223799	0.12092565146280504	0.13385624440374416	86.00886348783472	0.0
1.0787468242927123	0.2559927625540104	0.015773397051961527	0.009776245663673225	98.63971077043765	0.0
0.09603109201180603	0.13053442301992205	0.0008479196396944699	0.0016362672311990474	99.77095029809738	0.0
0.21565660460110933	0.3083809219409607	0.019785447515422584	0.012714344243551915	99.44346268169895	0.0
0.3183666274572552	0.3994650739029317	0.00845277043489566	0.008549766988220813	99.26516576121669	0.0
0.5934211060547329	0.7221783535893469	0.006387736486682401	0.025124272332834725	98.6528885315364	0.0
0.3723214339114103	0.3625971220793523	0.006281422674122359	0.009862009856737592	99.24893801147839	0.0
3.8305582411564663	0.9832065174067176	0.00477196578631869	0.055748677133057194	95.12571459851745	0.0
3.703378423965941	0.976746329999012	0.015522452334858486	0.09410067132292706	95.21025212237727	0.0
3.1600432395299394	1.8017265847708686	0.03249508388711506	0.10448632374637791	94.9012487680657	0.0
3.1601122199594744	6.350306512348028	0.22236888500569993	0.5664516587562523	89.70076072393056	0.0
6.486807551435058	8.656385954567163	0.4325400110352854	0.39934779403100407	84.02491868893148	0.0
5.7320679267626415	37.31421374155392	1.1435791033208018	0.6707796189845006	55.13935960937813	0.0
3.8268725177453415	60.78092393702481	0.9782141292423777	0.4611043605381433	33.952885055449315	2.0
2.2143715382642757	68.8201949597877	0.26009585110394856	0.4146206829993927	28.29071696784468	2.0
3.9977229789816375	71.32674944433171	2.718928197483667	0.6728485088681978	21.283750870334792	2.0
3.561648263539132	66.36876933960298	0.8024776328969995	0.3089877892468914	28.958116974714	2.0
1.954729672831226	82.10155144380762	0.38630821267995996	0.16921581054334145	15.388194860137858	2.0
2.9274982634113433	43.748254995647585	0.9831532793963321	0.282492041002127	52.05860142054263	0.0
1.906355756285262	34.19665153968119	0.6715634511306171	0.2790221137802701	62.94640713912266	0.0
2.072777095950617	34.72163959231882	0.9837697133916291	0.3786243499063646	61.84318924843257	0.0
0.8722937704463066	35.73272577522859	2.263798763346964	0.41274028557547127	60.71844140540268	0.0
1.2772376464194035	40.92571859006082	3.0779954791055095	0.6959727679518004	54.02307551646247	0.0
1.166374441773693	31.29727896823944	1.3335625225822363	1.2903141930501012	64.91246987435451	0.0
0.4891863783613895	24.26542377893196	0.8749431825573558	0.5579966770644611	73.81244998308483	0.0
0.8175977719256102	35.17742581656901	1.4527778059719805	0.6036699952810637	61.94852861025233	0.0
0.6886469322629813	34.07481811600255	1.6787099072418838	0.18413698109739468	63.37368806339519	0.0
0.7556335996003621	44.272890943195826	3.8401337109950404	0.23464749644688238	50.896694249761886	0.0
0.2109198038381859	17.645072348039328	1.4814266566165328	2.6134748940993687e-13	80.6625811915057	0.0
0.22062608014867413	12.060698891404813	2.2416478429368123	7.283047827380078e-13	85.47702718550897	0.0
0.21921889298034516	15.285786744168748	2.0447746670721316	3.266969370972506e-13	82.45021969577846	0.0
0.12173406277676553	13.063006323534418	4.335604732487855	4.2069443756292024e-13	82.47965488120053	0.0
0.09532857163520024	8.09839231918027	2.333609541023873	1.0816560007716311e-13	89.47266956816054	0.0
0.06073035747923609	5.3490487269788085	1.795887664460838	7.400232096419994e-14	92.79433325108104	0.0
0.08229279624514688	10.648775697349258	0.9401194481094345	1.0963148073069393e-13	88.32881205829605	0.0
0.07291317402376957	11.507017536406574	3.1587001803717354	1.3500496580690688e-13	85.26136910919779	0.0
0.1092909721361541	11.497502958703235	1.0446612540666367	1.9612407585544208e-13	87.34854481509379	0.0
0.20549760018182062	15.464359144471587	2.7356810895262136	4.419916784567623e-13	81.59446216581993	0.0
0.6397016310298917	6.453822510134501	0.5611017167948169	1.549021718619623e-13	92.34537414204064	0.0
0.512172700792134	4.1686599843640195	0.4022136897763353	7.014382165933901e-14	94.91695362506744	0.0
0.07352618580321674	8.27059064176177	0.316915024747641	0.021926193872147264	91.31704195381523	0.0
0.2594280649222452	8.099826200189062	1.1544605636181346	0.0617450307812775	90.42454014048928	0.0
0.10509346562050567	11.69337818982037	0.9087142149009316	0.03801750918046798	87.25479662047772	0.0
0.17471559893179453	11.161126447592798	1.2619646232985442	0.03381541653817679	87.36837791363867	0.0
0.06991617961935931	5.5096834866163755	1.0030376214706505	9.96650272424603e-14	93.41736271229351	0.0
0.11488634568276072	9.264800720128727	0.9210476459264257	1.8898735584449826e-13	89.6992652882619	0.0
0.09960315826872833	4.245871873168954	0.6527008738631135	1.4736428079202344e-13	95.00182409469906	0.0
0.08371137160000379	5.772961204623834	0.8251958054425708	1.6060524527369513e-13	93.31813161833344	0.0
0.16356174722090439	1.4602371329904922	0.1752552982190541	5.209395100426294e-14	98.2009458215695	0.0
0.4661615465497873	2.9965656549770463	0.31402964052612137	1.1591111487404352e-13	96.22324315794692	0.0
0.192443493018679	1.901801930878771	0.2625572956883651	4.272764654878706e-14	97.64319728041413	0.0
0.12842566422828777	0.9977114927618993	0.12744153416375043	2.5404651248132212e-14	98.74642130884604	0.0
0.2883243719340413	0.6660807466477062	0.15722890329481284	1.903733785923723e-14	98.88836597812343	0.0
0.6824475633653382	3.4792805107739797	0.23261267800145455	5.029273933716306e-14	95.6056592478592	0.0
1.388439324262233	2.7974908784004335	0.22817051874708016	5.586207670953428e-14	95.58589927859019	0.0
0.5485258911745674	0.8490929576560228	0.1446230809201877	7.140187227001856e-15	98.4577580702492	0.0
0.6078913687834643	1.7264312689347459	0.14903912357002608	1.976063196094702e-14	97.51663823871175	0.0
0.6375612143646388	2.1935773042876203	0.5214840996955183	1.981736992906956e-14	96.6473773816522	0.0
0.2513866880573551	1.2642858891036541	0.298301956975904	8.545977008335924e-15	98.18602546586308	0.0
2.014371001179596	4.344366010310632	2.101539468113981	3.892935796530855e-14	91.53972352039575	0.0
0.7010667570922873	1.7157453741884698	0.3086902506014661	9.641500667275465e-15	97.27449761811776	0.0
0.34890710440714295	1.3083930073894265	0.1709897077637736	5.2067274009566135e-15	98.17171018043966	0.0
0.6335453624101006	4.242035120131229	0.18529212182242472	1.257546266600813e-14	94.93912739563622	0.0
0.6796594713755927	1.5701844279380748	0.9517587790652603	8.489406641991823e-15	96.79839732162105	0.0
0.21010049792247473	1.2978046609536802	0.31141415355667756	1.7174702838355963e-14	98.18068068756715	0.0
0.9145126148632072	1.856883638274997	0.38060801277351786	2.0031513888467405e-14	96.84799573408826	0.0
0.5173944232435366	0.8122449512536825	0.35054143925875014	8.607413566415198e-15	98.31981918624403	0.0
0.2930525503251216	0.5020810954667667	0.09283827890884198	7.045536635777415e-15	99.11202807529925	0.0
1.5558282136675547	1.6884921019571892	1.0917733468886597	2.2058443819471733e-14	95.66390633748657	0.0
2.2228373448788674	2.445806562800687	0.6544556673284397	0.01223714975518355	94.66466327523682	0.0
3.3765920001055445	3.2605522080959646	1.322737481857303	0.00773415419787682	92.0323841557433	0.0
0.20874428859684502	7.7656859154167925	0.09569312173819632	0.016463514226680676	91.91341316002149	0.0
0.2057775945946993	1.1667655663482621	0.3816099883186222	0.019395024105165602	98.22645182663324	0.0
0.38332587168020166	1.0297887300651283	0.2678642442877915	0.01732686828529829	98.30169428568158	0.0
0.5070843990965899	1.9794806426658582	0.12222878559243813	0.02364231531494892	97.36756385733017	0.0
0.39270555630529075	2.3331542578127484	1.8382011553843818	0.02783852870029639	95.40810050179729	0.0
0.3124113529457722	3.1300297007493114	0.5369015164360721	0.022461604697427487	95.99819582517142	0.0
0.7369792633017289	4.955637569164619	0.7053633662141617	0.026999849215688286	93.5750199521038	0.0
0.4768686668735905	5.926495783538708	0.7549097221971731	0.07700988829668451	92.76471593909385	0.0
