N1	N2	N3	R	W	anotaciones
0.3328452226115595	0.2076656537543001	0.040130440369125296	0.01558481724921209	99.4037738660158	0.0
0.025803378209544453	0.07857118916366139	0.007430912471039377	0.0034868862114617607	99.88470763394429	0.0
0.02272886823791741	0.006216719388722175	0.014048012989258143	0.00036487440695108725	99.95664152497714	0.0
0.007538379148328944	0.004974347249586559	0.006941792410778318	0.00019977553733473762	99.98034570565396	0.0
0.00225262069321995	0.000977343902615187	0.0009206836444380117	0.00010199486929580247	99.99574735689045	0.0
0.0015126469740149012	0.005242324678351129	0.004981301458852002	1.0736785114753714e-05	99.98825299010367	0.0
0.00428218500782867	0.010233766143460287	0.007150805554233765	1.2878727233375312e-05	99.97832036456724	0.0
0.018696381104160796	0.03613970405396268	0.025423147269082215	5.141182862645264e-05	99.91968935574417	0.0
0.002842543266512641	0.006685963458596787	0.0010741976340331296	1.4453148043695206e-05	99.98938284249282	0.0
0.003816607007273419	0.010923784805687495	0.0012708449167887464	2.1514003267962074e-05	99.98396724926698	0.0
0.004727669119781203	0.006627565287797291	0.0018704871104378768	6.940936414765417e-05	99.98670486911784	0.0
0.007162578086487136	0.015898392314073626	0.010877756947143723	0.00011906514138591465	99.96594220751092	0.0
0.004532021482814337	0.008412209576224232	0.006742617976530431	0.00012847776364612382	99.9801846732008	0.0
0.012848489332126949	0.019388256380208392	0.009455964855850004	0.00015284989637220694	99.95815443953545	0.0
0.03603931534017056	0.025369199474941897	0.032745490275876823	0.0003133896735496135	99.90553260523546	0.0
0.0822186286549918	0.04340854069973049	0.00581768729433336	0.0006262623214141757	99.86792888102953	0.0
0.06390760122027442	0.024662824085255435	0.0022250094913374425	0.000348863193614634	99.90885570200952	0.0
0.04230527030216461	0.018452965065018957	0.002180614780866604	0.00021249908262370852	99.93684865076932	0.0
0.0148665780799019	0.013631086690049032	0.0019483887362931062	0.00018923701682931933	99.96936470947692	0.0
0.019147787019857917	0.014318254743498363	0.0019155428909919474	7.403196622569233e-05	99.96454438337943	0.0
0.06812424947062767	0.020056418610331514	0.007629975834832519	0.00013363315172363582	99.90405572293247	0.0
0.12629830114726395	0.07829867644874802	0.004256231044301485	0.00023547942549575953	99.79091131193418	0.0
0.2736734390281595	0.047080515354605314	0.0029186837054579746	0.000166017205396089	99.67616134470639	0.0
0.14138861953580337	0.10456361089571523	0.007766597092407749	0.00017166798894142213	99.74610950448712	0.0
0.08363577454661232	0.055578193236125506	0.003034518432679702	0.00010280405210042986	99.85764870973249	0.0
0.04514547630679363	0.036409562216970615	0.0025490894057675086	0.00011207846439238817	99.91578379360608	0.0
0.04389775477752709	0.018780581669246576	0.0014946388730813027	0.0001011988279460396	99.93572582585219	0.0
0.03199717794210197	0.023441212263958587	0.0028696206688820754	0.00015841031044437493	99.94153357881463	0.0
0.08379406677632767	0.022566090522023453	0.010847467841006882	0.0001815414458941913	99.88261083341474	0.0
0.006274557634154918	0.005563212693443086	0.011062927427763181	0.00016899052713280574	99.97693031171751	0.0
0.00937782540635047	0.007119946714189398	0.006982453400118034	7.646173785812674e-05	99.97644331274147	0.0
0.04712624252150546	0.007723717937151107	0.0011350479796889508	0.0002117697290291195	99.94380322183262	0.0
0.22199815232986403	0.047421841501517695	0.003146200351261891	0.0006839190221614632	99.7267498867952	0.0
0.21681019021395193	0.059550167548951566	0.006578950453763122	0.002603239984068685	99.71445745179925	0.0
3.8600824440855948	0.4880526047457858	0.0035659901509409475	0.06958695732019042	95.57871200369749	0.0
3.772106985409631	0.3713131494398238	0.0015532092091318367	0.04086564919336171	95.81416100674805	0.0
3.379362632920734	0.9710836813929936	0.0020396435234907324	0.07770653232289171	95.5698075098399	0.0
6.955029979842752	0.7620191608231431	0.0063721154179072455	0.14482637435012405	92.13175236956607	0.0
5.180325240442352	1.938056794940024	0.0028633592378125403	0.12211848592080117	92.75663611945902	0.0
5.569613302948614	2.0638460552889186	0.0036027714495611212	0.141287423897416	92.2216504464155	0.0
11.96589600848815	2.0888093752134362	0.008699128261317754	0.4380933012489068	85.4985021867882	0.0
10.36598195579855	3.96379444624044	0.018458055643303904	0.3721824749485279	85.27958306736919	0.0
12.152898681168736	9.325166979578011	0.23518430731837314	1.6650082982346586	76.62174173370022	0.0
7.204723055947142	10.287866537619497	0.12981001546762053	1.3263847578987142	81.05121563306702	0.0
4.707294267361765	13.216423761586102	0.22258136724121355	0.5664303447455361	81.2872702590654	0.0
5.808712864307189	12.789153021696073	0.1488362017194511	0.613605221913378	80.6396926903639	0.0
5.836998026745175	5.928985848248128	0.2309735387221094	0.3658316585759276	87.63721092770867	0.0
7.324245222996336	12.29350707921606	0.21263545920056723	0.28447513644303524	79.88513710214401	0.0
9.35631923298206	10.454809524026244	0.21701233138641451	0.30127284251794406	79.67058606908735	0.0
9.234683200921582	9.220957028546954	0.1676248811451544	0.08355497953151804	81.29317990985479	0.0
5.074382319620029	9.273595106469703	0.41670434930143857	0.048720617797934164	85.18659760681089	0.0
12.258448865824482	21.42133124333999	0.5653856679757747	0.059014473291924975	65.69581974956783	0.0
10.524106824444612	11.619393732178507	0.6092482292068898	0.05531741834862706	77.19193379582136	0.0
6.2899828823898	13.956591475307444	0.4680454543981564	0.06556478830361961	79.21981539960098	0.0
5.455688496814759	17.679710992226138	1.2502054424494413	0.08911163238951134	75.52528343612015	0.0
3.954561422075367	35.24809746349898	3.915519668679627	0.14597547201560004	56.73584597373043	0.0
5.40074020703679	24.77876249527592	1.1028505538202111	0.2485469901125051	68.46909975375458	0.0
1.735824344140572	5.463510447287797	0.17497388408578318	0.036213830882366314	92.58947749360348	0.0
3.1136903247086316	19.60342437679901	1.3337119112259506	0.06392373747675276	75.88524964978967	0.0
1.677690272405722	18.569214746961357	1.9319963439010606	0.0281446722589692	77.79295396447289	0.0
3.437618091756975	19.543050576635245	3.1571111388518607	0.045475633762657015	73.81674455899326	0.0
3.8604463004125957	23.39779854941571	4.059345370286787	0.07798672108376657	68.60442305880115	0.0
2.548646096995256	13.39195264146702	1.7047012888634854	0.016869902656330364	82.33783007001792	0.0
0.9079087711134872	25.7315065023849	2.7865143590966954	0.010956295350619458	70.5631140720543	0.0
1.7558561042759269	10.463306743439588	2.282646644033113	0.017707313440294383	85.48048319481109	0.0
2.5754388974558275	30.203872894580147	13.005937325335465	0.035049408838758775	54.17970147378981	0.0
1.0310370540779923	32.49281225450582	11.64490270658515	0.01575482182528462	54.81549316300575	0.0
1.5045710981792118	33.012668307386114	9.37625888719753	0.016668830028692187	56.089832877208444	0.0
3.2674618762709198	23.03628461389761	11.564346567988006	0.019190877323561437	62.112716064519915	0.0
2.953395482405144	10.74698768689209	11.271423191568505	0.020594659280841112	75.00759897985341	0.0
2.324862635597173	26.155876160940572	25.338815961936866	0.02523430342716934	46.155210938098215	0.0
1.1624459430773775	12.714540187104454	15.479185436572521	0.009090560230919493	70.63473787301471	0.0
1.695801506985703	10.700152800668441	9.48262979706263	0.008632052695703284	78.11278384258753	0.0
1.3233795612245034	12.131974968074317	20.793421257538565	0.0030878766234224593	65.7481363365392	0.0
2.423784891858186	14.239574280657855	18.822842618130878	0.003992832007208811	64.50980537734587	0.0
1.568625763834833	12.68761322938135	36.30100964163254	0.0040503380140570625	49.438701027137206	0.0
1.816120555081572	9.659009409191578	22.484156133988492	0.003926810157244276	66.0367870915811	0.0
1.35536972541825	13.43051866471141	13.353435656029204	0.003939252042252267	71.85673670179888	0.0
0.7778718160137144	7.131207631719253	20.16978359795065	0.0011927673294963527	71.91994418698687	0.0
1.4753384909263871	11.919654107670139	17.949119743033524	0.009268834185428926	68.64661882418453	0.0
0.7117831663999331	11.437490595129066	12.138399537814614	0.004257009778819484	75.70806969087756	0.0
1.0113148216125059	12.721556908168374	13.95036037680977	0.005138287383580175	72.31162960602578	0.0
2.0904077339258493	11.53330206796098	11.193616325546124	0.006309111220170118	75.17636476134687	0.0
1.2678668349969557	16.663719456634126	18.237272178519888	0.01066945191802382	63.820472077931015	0.0
2.6825042551349916	8.910838937238266	10.549510738003478	0.013224605707763735	77.8439214639155	0.0
0.27547077346342486	1.2590190797309813	0.16515457497023991	0.0016583151511260512	98.29869725668424	0.0
0.3958350298094472	0.9190108654383435	0.11070142658770943	0.002951492271550125	98.57150118589296	0.0
0.5214404344089428	1.6022967579744543	0.07616738722079092	0.00530970057601894	97.79478571981979	0.0
0.8627586447796394	6.188295253130966	0.1294171464786597	0.02142359990775479	92.79810535570299	0.0
3.2753367017325132	14.938465001005824	0.6798272521623161	0.11474281308220655	80.99162823201715	0.0
2.664420874877147	15.791689471415928	0.6271336999736207	0.113047042856711	80.8037089108766	0.0
2.260097121582186	21.17841471513163	0.41071553401470995	0.12529149445637067	76.02548113481511	0.0
2.910914710594429	12.922558839658812	0.2962797382778448	0.1423460171435961	83.72790069432531	0.0
2.783099179143434	22.507272910274036	0.3933925689955732	0.2735257645515526	74.04270957703541	0.0
2.1643817452343534	6.802254354897784	0.1570940584561319	0.12393006627442964	90.75233977513732	0.0
4.712956348488554	9.559104600953857	0.16346818917881825	0.1894366389555933	85.37503422242317	0.0
4.7275047621888335	16.806210553340012	1.188077123885512	0.28227234088158676	76.99593521970407	0.0
6.3303238010184035	31.04781077501127	1.8857807933013888	0.41018007736123296	60.325904553307694	0.0
5.48705159886171	16.125437940643327	0.5452402013199332	0.29335196679629927	77.54891829237873	0.0
2.053788982600628	12.126333527890417	0.2447341187225193	0.09239345821697868	85.48274991256946	0.0
4.444007204287741	28.474944916466505	1.321547869644122	0.13056347494759973	65.62893653465403	0.0
2.6709910759773146	25.7014761654425	0.43957184067500327	0.07361692475100277	71.11434399315416	0.0
4.027771717654259	26.326120742767838	1.4351199875593688	0.07527792349626071	68.13570962852226	0.0
6.179607821955364	26.080868037003167	1.1984312827276093	0.09530047568422191	66.44579238262963	0.0
6.55561962537138	27.468832266280618	2.123075421288008	0.2013622312930044	63.65111045576699	0.0
2.8607682364506797	23.387092738229263	2.7249530524112875	0.14917296375899824	70.87801300914977	0.0
6.788673159972934	28.47397990041354	3.442633478377586	0.16714153772404086	61.1275719235119	0.0
3.325487570934728	16.406894796366107	2.436501676291597	0.10633263014435751	77.7247833262632	0.0
3.7573506267757155	54.88515448305935	3.059219234069439	0.1085018108723055	38.189773845223186	2.0
3.075340046340163	38.65736453575986	2.858364708264954	0.09862527334952788	55.31030543628549	0.0
0.46824951180851326	3.5031917665900942	0.16264256395100285	0.009226318849240711	95.85668983880115	0.0
5.530498188113409	4.287000394588312	0.25764805959675535	0.034560038386882805	89.89029331931464	0.0
7.649873303196348	4.6464233033011135	0.3212108423357801	0.03215351925640952	87.35033903191034	0.0
3.720472740263921	9.206467158587065	0.5119158469024403	0.02325017076743735	86.53789408347915	0.0
17.133576367594213	22.19376249437715	0.44230593650355354	0.12526724129466185	60.10508796023042	0.0
12.409300800940738	12.545911236492834	0.5582868517160834	0.05058655709525873	74.43591455375508	0.0
5.022229275397573	12.696788076374599	0.8060763145733477	0.059644175487683346	81.4152621581668	0.0
1.8917743814854404	17.274240345899226	1.504938601838196	0.02618720410873356	79.30285946666841	0.0
1.1356099287203876	3.7856011502010136	0.6755095652225653	0.005653031022145298	94.3976263248339	0.0
2.496974916304654	36.119187546831775	2.7902967364814892	0.037813335927913014	58.555727464454165	0.0
2.0674065140830415	17.781299484716925	0.8339644382583882	0.018692269951420006	79.29863729299022	0.0
1.834094558247834	10.690039618575238	1.6610673169415595	0.02643304711461985	85.78836545912074	0.0
0.9905324496537092	26.576713805704426	5.632627655941852	0.022244033200783383	66.77788205549922	0.0
1.188109490249728	26.965533854494144	10.902716275930386	0.01872983481762249	60.924910544508116	0.0
1.081986232185597	6.448212077102536	3.7675331177096933	0.007149681883139669	88.69511889111904	0.0
1.9792662078336003	15.764878389960696	7.3521496185553925	0.015093492711131687	74.88861229093918	0.0
3.2984179165100893	28.342091863181818	10.73655943077637	0.012027220141509936	57.61090356939022	0.0
2.179291904707928	19.920711253825928	21.16915360282384	0.007564437354319609	56.72327880128798	0.0
1.9514538434946098	26.742590829652773	20.122291855915446	0.008542168295869311	51.175121302641294	0.0
2.3158152507182903	22.37933427409127	28.437590600951346	0.01992025438015737	46.84733961985896	0.0
1.5118373329051473	21.096096555247172	28.585143945349945	0.019443196894473574	48.78747896960327	0.0
0.9181014246733326	20.99725697139557	14.144875290449498	0.04190457719737176	63.89786173628422	0.0
0.9288858452905968	20.977496410117034	24.416387532059858	0.040744251024456106	53.63648596150807	0.0
1.0670864416814287	25.521655861185984	17.185342103855174	0.04070178357079171	56.185213809706624	0.0
0.9773875363973457	26.845736026852624	13.604513775698008	0.05762012908070391	58.51474253197132	0.0
1.1947349686228295	25.741144795263732	10.632175343954417	0.09163963885060833	62.340305253308415	0.0
1.2234383930756587	19.96305679761626	6.6596889600149325	0.13691741954499015	72.01689842974815	0.0
1.464230586516459	26.393695625187497	18.49477138943698	0.14190687109625896	53.505395527762786	0.0
0.874698147130498	13.238364788961047	9.486790391957616	0.1320722168268079	76.26807445512402	0.0
0.27520314512889515	6.967380034436927	6.29172973117496	0.031863154517042025	86.43382393474218	0.0
1.072301470406249	16.88698296914442	13.278047130731228	0.0670328269762277	68.69563560274187	0.0
0.943019156173879	19.782702643671808	16.2096151260061	0.08844685211435699	62.976216222033855	0.0
0.48002553389738895	13.176981215740376	17.220206074729198	0.06935291132623732	69.0534342643068	0.0
1.1968735933523256	16.007116343178936	29.695804314379124	0.09194482569032192	53.008260923399284	0.0
0.6886136162411766	18.5290083730421	12.5310596236295	0.07490179594081822	68.1764165911464	0.0
0.8264739414714062	13.964885492593238	15.048938184502047	0.08910122287876591	70.07060115855454	0.0
0.7202967932550656	16.083749786349124	20.996295775923937	0.08084869310813131	62.11880895136375	0.0
0.641450220088274	9.589376217650274	13.126335423911295	0.041748638268479944	76.60108950008167	0.0
1.2502514254438235	22.903354939478547	33.019129372930465	0.1364135883508069	42.69085067379634	0.0
0.9950022062879945	17.798605792573536	22.055194956408148	0.06716711301091005	59.084029931719414	0.0
0.6639436170986407	11.498257094270777	3.8217522343736183	0.04734627618179774	83.96870077807517	0.0
0.6173993965165543	13.872395229094861	4.2566932571224525	0.061435374106736815	81.1920767431594	0.0
1.0108121420255276	21.29818087942438	8.035227805930063	0.08275436860953056	69.5730248040105	0.0
0.9427101361194944	25.036034126744454	12.52952192098765	0.10525467066553079	61.38647914548287	0.0
1.444521678542863	22.41206781730537	15.022504683580054	0.10444055968466726	61.016465260887045	0.0
0.4824344474019172	9.812044479535349	3.625990176538917	0.06605034195309395	86.01348055457072	0.0
0.7393203202012816	10.65278853776942	5.8244222164710315	0.1630105279245251	82.62045839763374	0.0
0.839969764696293	9.706694044297812	2.2093590474280944	0.2350726119955227	87.00890453158227	0.0
0.8211445898879538	4.832942775013841	0.42854685465832343	0.13851903770631202	93.77884674273356	0.0
2.0413879334848284	6.691008107601855	0.7699752136771046	0.15365206032995737	90.34397668490625	0.0
4.510281258222434	9.9138869886022	0.9789361589171017	0.1568987892626608	84.43999680499562	0.0
3.7602040657161995	8.958584130346095	0.2797505247339506	0.09418936304532971	86.90727191615842	0.0
2.914190347709269	10.9792634996446	0.6899790295365038	0.05113187761796318	85.36543524549167	0.0
3.1584432710532786	17.83454726826612	0.7646014683679762	0.05754846374726755	78.18485952856535	0.0
5.214678094480679	18.02811594627301	0.6926836351055794	0.08795886520961253	75.97656345893111	0.0
6.0221212842180245	22.276077745706953	1.6997115082121175	0.09257771585765465	69.90951174600525	0.0
5.4472678163904185	27.038680166939333	1.31329987796154	0.10699809786490573	66.0937540408438	0.0
7.651087949102065	16.959932271239257	0.4015988371270309	0.08603850495179016	74.90134243757986	0.0
4.100324054604621	11.058808600738956	0.5311230529645691	0.22785303618058383	84.08189125551127	0.0
3.578962242138769	10.207173799561561	0.10195276158743534	0.09667609943862789	86.0152350972736	0.0
9.912517447572657	8.379864493287753	0.3036026818307012	0.13804686500602845	81.26596851230286	0.0
11.007518910056579	5.607163076725039	0.08651195416020065	0.23938000621994593	83.05942605283823	0.0
6.381300572440702	2.5883793729274616	0.12053955373288444	0.3201668383221219	90.58961366257682	0.0
20.806804076357654	13.267432353474417	0.5813960644626474	1.2665171560012725	64.07785034970401	0.0
7.3371065656544605	16.48681402307349	0.9377727990660041	1.4496801997670141	73.78862641243904	0.0
12.626789538822328	12.811044350428224	0.8957723463534576	2.7628561486365717	70.90353761575942	0.0
19.387080682781384	7.250150505551672	0.16539919082028165	1.6227771878789852	71.57459243296768	0.0
12.930754211180428	7.62014776638188	0.12551529566641645	7.8054205013560045	71.51816222541528	0.0
16.81969255743218	10.462687235554977	0.12335173274977167	3.8809776809034893	68.71329079335958	0.0
17.45833281216447	11.687214927452622	0.06647390975010452	4.544786898864668	66.24319145176814	0.0
15.048911109170081	11.115419534640218	0.04797671687641273	7.728200244768879	66.05949239454442	0.0
22.337562178666328	16.68565405122398	0.09950345356236716	14.212257900818482	46.66502241572885	0.0
15.997616695106787	12.240126731103167	0.030679996966556836	20.613024842801345	51.11855173402214	0.0
11.36423511157433	7.36202077689776	0.026171779029648935	37.09537032471645	44.15220200778181	0.0
6.9148171720869565	10.609245803685594	0.027357628605104062	27.82687738410231	54.62170201152002	0.0
15.763694114070766	13.361332001145065	0.048355139006127736	19.673982316975643	51.15263642880239	0.0
13.428441009110283	7.859857508966875	0.04288339001283623	28.00009384392885	50.66872424798117	0.0
19.88732223013601	8.782938659694784	0.06866495629009252	28.573643614237792	42.68743053964131	0.0
18.685521066426812	6.874316496702221	0.05231925765649167	22.934946400203504	51.452896779010985	0.0
8.594980444840731	8.485579999123296	0.07064363855322396	23.15981391476478	59.688982002717964	0.0
9.123229272167325	12.155165068694906	0.07832314420924802	20.569500469332862	58.07378204559566	0.0
8.884709696845693	10.224659481295948	0.08518526326333802	14.560515863085174	66.24492969550985	0.0
4.780530571179717	7.157414924747578	0.059022131899141926	22.055747479257484	65.94728489291609	0.0
7.697252943064119	4.402129972501459	0.05815224940412658	6.638207763638168	81.20425707139212	0.0
4.268189707039404	3.7876539656988846	0.013565050118462558	3.783799558165605	88.14679171897764	0.0
4.320619788288563	6.852268679280055	0.02338706718615059	2.934933481175659	85.86879098406956	0.0
3.6754461013841997	2.4032803145917274	0.007531242212570348	0.9379560650865357	92.97578627672497	0.0
4.976774464676895	12.2458629940747	0.025805817591941775	3.5920855673194447	79.15947115633702	0.0
3.518112974859572	2.476815103748204	0.005021104066978365	1.0926861047678564	92.90736471255738	0.0
4.140376626998219	2.8002487480685314	0.05234494896846247	1.0799124602918149	91.92711721567296	0.0
6.138068999040944	2.8327981508896953	0.01192434537514669	0.918554721995676	90.09865378269853	0.0
7.850175600195024	5.171329157275706	0.0074229666485403556	0.5232535086323762	86.44781876724835	0.0
3.4139505787993225	1.7395165016704053	0.052457881411536234	0.11605466744267035	94.67802037067607	0.0
4.348693355932103	1.8359605010644355	0.03086241799296792	0.08387369177212525	93.70061003323836	0.0
9.592287727212522	3.5985074230712497	0.06702591850782676	0.14950178809318118	86.59267714311522	0.0
9.228097247985577	1.7460799757268621	0.0470158647014074	0.033688082657427	88.94511882892873	0.0
24.752178123407916	7.919509988162836	0.3148010688545976	0.047784881443796265	66.96572593813086	0.0
19.091964205139703	10.337910859056972	0.3836339852231749	0.04756858377097807	70.13892236680917	0.0
15.688132460862949	6.4906643714799035	0.3933042777415569	0.07247855809722319	77.35542033181837	0.0
10.969044701877243	9.259053587528598	0.6706810325309255	0.053589570521405186	79.04763110754182	0.0
4.862455031883702	15.306326368986301	1.9825416295477707	0.06982260967052474	77.77885435991169	0.0
8.89825003740951	11.102727590227378	0.734883469692261	0.0325127087108252	79.23162619396003	0.0
11.39284380580539	12.873420180675737	0.5407452759192151	0.054536759354407584	75.13845397824525	0.0
5.302193377296619	17.658318693924937	0.6358864019973642	0.06021364464514798	76.34338788213593	0.0
5.21585141436796	8.361519524987662	0.4053582949758161	0.05987216463280634	85.95739860103575	0.0
8.968154338043208	12.293006548643412	0.839534268176413	0.03667601903241345	77.86262882610457	0.0
6.883383822832265	18.242305461072498	2.213625463185041	0.03415506385543841	72.62653018905476	0.0
4.399456480226838	9.208238944077788	0.5185337874679097	0.015974612893121125	85.85779617533436	0.0
9.3476571929982	6.1443245179262505	0.5885341457174593	0.04065538741575671	83.87882875594234	0.0
6.505147093497243	16.646317306916856	0.7877367556356528	0.016235070733580444	76.04456377321668	0.0
5.45491966892854	10.979298538931866	0.8003095421961173	0.060372830917202296	82.70509941902628	0.0
8.612548557598075	9.292229099389626	0.740983476728452	0.04145064577562911	81.31278822050821	0.0
4.701993682467245	13.17841906941567	0.714259451080205	0.06339086939823406	81.34193692763864	0.0
4.76231991237293	12.740749081799951	0.9979009709065878	0.043900236198491524	81.45512979872204	0.0
2.250375825005855	10.250160998457563	0.7285517892446941	0.049909505807650134	86.72100188148424	0.0
4.851789605515283	8.83200284073034	0.4432814295883925	0.01886270130925469	85.85406342285673	0.0
3.2806387735988123	12.64590575063799	1.498453564787524	0.041383274903107885	82.53361863607257	0.0
1.5524552160346359	16.53707008791861	0.4850838309082253	0.038490171700969036	81.38690069343757	0.0
4.2061916436033355	20.67184296886115	1.0000566841110634	0.046577279474027615	74.07533142395043	0.0
2.140827109991664	17.274829174374666	2.1657954188509203	0.05623637058565535	78.36231192619711	0.0
2.3498846060343994	18.054440534554423	2.5710805315564853	0.05408519217662871	76.97050913567807	0.0
1.2678705164770292	30.048005644671598	3.19631623447922	0.03505214015727195	65.45275546421489	0.0
1.43911271325567	20.55144067908199	1.2308742230682768	0.052952250054246724	76.72562013453981	0.0
1.3465608924924461	16.553911687187522	4.541376199902976	0.03960794404830597	77.51854327636876	0.0
1.305984547242243	12.67587450035845	4.070373222786089	0.030377798451076608	81.91738993116215	0.0
1.8545872930359266	18.60005696556292	6.038011635144248	0.029319691461893796	73.47802441479502	0.0
1.7610748618462524	18.733461704965656	8.461568841698043	0.04934484670674585	70.99454974478331	0.0
0.9508892396726155	19.38477992489734	7.855889145163336	0.05094692258053236	71.75749476768615	0.0
0.6876230240908104	16.406953640927394	3.753392027961732	0.026888827612733947	79.12514247940733	0.0
0.7312349752381967	19.22455802472416	4.51543616694398	0.03845804077381952	75.49031279231984	0.0
1.4005686290344104	19.646866695066855	7.928311915713344	0.07826028592937083	70.94599247425602	0.0
1.639515996724052	23.39597655756157	12.10837740999108	0.10790707241291636	62.748222963310376	0.0
1.815607654186022	19.123419869410363	13.23949734478652	0.10982333321343576	65.71165179840366	0.0
1.981378546799765	33.00720512150651	12.589533557040003	0.1333258373949023	52.28855693725881	0.0
1.485974503504212	25.295572861932996	8.77191596364157	0.1781128286266367	64.26842384229458	0.0
1.2140168721318423	22.73024693832736	17.966380781470548	0.18814177811993169	57.90121362995032	0.0
1.206354438757858	24.271180821193177	11.008592345119565	0.31173888209384604	63.202133512835545	0.0
0.9934980369043266	21.77717945533143	10.432033257461756	0.21505920932225167	66.58223004098024	0.0
0.6378240514428999	10.12313874269945	3.9296776465471	0.15425185519438508	85.15510770411616	0.0
0.6941996607910372	9.68343728633562	1.7753085418902943	0.12097890659740539	87.72607560438563	0.0
2.4911423444114176	19.91956989033233	3.7550797604646746	0.20864272864441757	73.62556527614716	0.0
0.6497846503302079	11.235779454055752	1.5499837301286181	0.11827338682734727	86.44617877865808	0.0
0.5822913505329789	4.996284793329407	1.4046263979839289	0.197389550354745	92.81940790779895	0.0
0.42999325310344555	4.90107903862877	0.4830680358274408	0.1592805828621155	94.02657908957823	0.0
0.032051633153321116	0.10459515212852336	0.008419971649754563	0.012275546506427303	99.84265769656197	0.0
0.00475467521926045	0.035653591888192164	0.003067910287078847	0.042084408172420415	99.91443941443305	0.0
0.18639257454875752	0.11471699462730896	0.006662264075780661	0.11359531459944515	99.57863285214871	0.0
0.46816870142509187	0.11791712865308057	0.005688866269922338	0.16750055375040399	99.2407247499015	0.0
0.3809472324596336	0.08299387647773536	0.006664658553085617	0.30779669923267033	99.22159753327688	0.0
8.325677683280706	2.0192385270381124	0.02684114702840988	2.637214166112484	86.9910284765403	0.0
6.015287752750356	1.71162537357697	0.07250029840467186	1.3532764371196095	90.8473101381484	0.0
0.825618920080641	0.7658454978822572	0.010841047974522367	0.6739295810102736	97.72376495305231	0.0
6.992123599486702	1.9604778624168187	0.10971595472543522	0.9542306377922041	89.98345194557884	0.0
52.050218351817875	1.5089034620848991	0.032895476838964634	1.3029912496254985	45.104991459632764	1.0
9.70336350133446	3.178436381867131	0.22376246042951947	4.570159995027193	82.3242776613417	0.0
17.06955498273695	2.5232700680017253	0.5436599148791463	1.2390843284162194	78.62443070596596	0.0
1.1111422314401254	1.1114332386017676	0.034932567991703516	0.21900398376714872	97.52348797819927	0.0
1.254252000128542	2.1471013368543646	0.03355156823528691	0.2197387054412583	96.34535638934055	0.0
2.953976683983724	2.3526092092920314	0.1407670675890944	11.382244051275995	83.17040298785916	0.0
0.43822998436159205	2.3183144364091723	0.07213895281012925	0.9248672697288737	96.24644935669023	0.0
0.18505229479366594	1.1877773224162287	0.013760205316294667	0.69117907955362	97.92223109792019	0.0
0.6981551830102883	5.0921315930943605	0.044706535422093234	0.5669051912676998	93.59810149720556	0.0
1.0513247953118836	0.721315869332171	0.03693365021847581	0.255310252200286	97.93511543293718	0.0
0.8391821508910824	2.9110437001774794	0.05412887298912648	0.6869625663066641	95.50868270963564	0.0
0.9350486117892862	1.0996990614610178	0.10047755251573959	0.0943225497574561	97.77045222447651	0.0
0.6571471450226777	1.3704296961773703	0.119131314419525	0.11822419572628817	97.73506764865412	0.0
1.7781814233450863	1.2233970221359745	0.04791785184176914	0.19727845617107834	96.75322524650609	0.0
6.634265298668245	2.78371566547159	0.044690098934297214	0.3088884511250015	90.22844048580086	0.0
11.359139592930575	3.6015429789564304	0.14094686407349727	0.46039656517618155	84.43797399886333	0.0
7.596272455275881	4.003616226590874	0.15523775701181078	0.18581431852607513	88.05905924259537	0.0
2.7147942824006974	1.3836656334513613	0.04617189145426192	0.14361823601430046	95.71174995667938	0.0
3.412186721282604	1.7360806519646457	0.07107329887716568	0.16643694833997502	94.61422237953562	0.0
1.2696503335891363	0.6022482750554294	0.016316610185291784	0.046280865395415705	98.06550391577473	0.0
0.7839576469749384	0.9042683769679171	0.042899204325023164	0.051406388927208946	98.21746838280491	0.0
1.8309788436062506	2.278519415344279	0.08814401135982039	0.14374200506217547	95.65861572462747	0.0
0.358737330517278	0.2187257918847809	0.0035327991608271577	0.03969018310272257	99.37931389533439	0.0
0.20052055943317434	0.5967472627304699	0.007834336918119222	0.029218011394519995	99.16567982952373	0.0
0.14598348878907566	0.23276578376688423	0.0339132390401581	0.02347462538699041	99.5638628630169	0.0
0.9370535537412773	1.3340162285496857	0.44675452973112023	0.10151230268662323	97.1806633852913	0.0
0.2921920343901139	1.1964807868521268	0.4891949639143559	0.07162119563432061	97.95051101920907	0.0
0.7194356640906294	0.4024952525284532	0.1774602589840132	0.19963566874397057	98.50097315565294	0.0
1.775270199871909	0.3052245208263152	0.21776169771781634	0.17649887077464457	97.5252447108093	0.0
6.795443140727218	0.9771675292913365	0.2534235055584497	2.1756115357740784	89.79835428864891	0.0
4.000126671223982	2.275525980484263	0.10098751687707976	0.5910230024819355	93.03233682893276	0.0
1.6191301949046029	1.126873752795906	0.038689035851909324	0.5947392483323991	96.62056776811518	0.0
4.298051678833056	3.000164899262757	0.17134960492521806	0.8618550835420923	91.66857873343687	0.0
6.153555401304447	13.119139089923854	0.09481810311907192	0.5492072289148409	80.08328017673779	0.0
6.977989475729775	5.989725100354933	0.060978045463572134	0.9430885509767963	86.02821882747493	0.0
16.925336078541907	14.489438843776947	0.30342837640005693	1.0222433546966951	67.25955334658438	0.0
16.623614181724992	12.275623808849625	0.7872396502052955	1.608558012825068	68.70496434639502	0.0
8.396768309814354	20.776662833241282	0.6844456766901944	1.0736276597491223	69.06849552050505	0.0
13.412891229439051	10.436944933084131	1.0350483104187511	1.5082527738150522	73.60686275324302	0.0
10.40999557409807	27.100889161955095	1.3918908909429404	1.9921719462634428	59.10505242674044	0.0
16.075652484243868	16.823989177916104	1.7275664989543231	1.0679729385420815	64.30481890034362	0.0
9.091740124811071	16.611187980484992	1.560350483281382	1.9920641451901238	70.74465726623244	0.0
9.881607093033134	17.892943911195466	1.3047656863514143	2.176572564811591	68.7441107446084	0.0
7.570006663321722	23.718097700665634	1.0630379556628398	1.3245165681606663	66.32434111218912	0.0
12.849786205647392	25.912540518355907	0.6991003178235794	1.0469961406122437	59.491576817560876	0.0
19.223686554166935	16.554486571310488	2.4354532596022205	1.2106345333904671	60.57573908152989	0.0
6.810405690167134	33.91889073099145	1.58105127290167	1.2357471562550897	56.45390514968466	0.0
14.65456075980164	25.367404878292067	1.1144248616835344	0.7002788526547775	58.16333064756797	0.0
11.135892912798212	29.112745901124843	2.922761916598313	1.1018021819769506	55.72679708750169	0.0
8.40663513604735	21.514690318697284	1.8120819755401654	1.2785214194211576	66.98807115029403	0.0
11.075131316981345	21.939250469099246	1.0245526651336545	0.8641082494082988	65.09695729937745	0.0
8.386522789136466	23.491172236130424	0.831787233767251	1.3915750834884735	65.89894265747739	0.0
11.84596487693371	27.160391862294503	2.010586062557771	2.2000444488513655	56.78301274936265	0.0
11.031616397296766	38.85821372584135	0.8825383841781335	0.9685939126901019	48.25903757999365	0.0
15.938856376162356	29.972880420000074	1.7146852826979229	1.0073927548674106	51.366185166272246	0.0
19.67948338119215	27.430828813535406	1.6678515379867414	0.9386196424290333	50.28321662485668	0.0
13.447610451381145	45.902215025187196	1.942197381756905	0.7175731695894442	37.99040397208531	2.0
9.744999354269563	42.124510126256794	0.5674873300133244	0.4043534537032093	47.158649735757116	0.0
7.410107745989296	65.08597968384692	3.072605261992984	0.3541517063922415	24.07715560177857	2.0
10.010970146601407	39.24918318315448	1.7905083023890513	0.7081190467122492	48.24121932114281	0.0
6.381238112814735	74.43256456836397	3.9195805856458237	0.37146081133919623	14.895155921836265	2.0
4.636460399535275	51.32603638274483	5.581910659829585	0.5369912967993616	37.918601261090934	2.0
5.287858073480784	61.87253549060062	3.0640547009670644	0.49551313285451076	29.280038602097008	2.0
6.567406723863475	47.05103495953738	4.484957737476215	0.33785980403758503	41.558740775085354	2.0
6.538811389431443	63.7737018163866	3.542674625806967	0.30228056892636335	25.842531599448627	2.0
5.240026851478016	66.32661245126283	2.0661605154766964	0.533983644071569	25.833216537710886	2.0
3.243388203094206	50.15315287045675	3.595405953698557	0.3889369321304492	42.61911604062004	2.0
4.03226298343721	48.395352007739675	3.490335425363927	0.29017651293114655	43.79187307052804	2.0
6.702087525532152	57.62502730967112	3.412557268617623	0.2981216071226999	31.962206289056418	2.0
3.532310521068211	67.7563530069883	3.6927703324285597	0.3336713634474682	24.684894776067477	2.0
5.177927175712136	49.51811957579904	4.799664437029148	0.6652787774480494	39.839010034011636	2.0
3.679622308262416	71.85760238191908	3.9076165971550663	0.5234933700668797	20.03166534259658	2.0
2.992220334673288	78.12391724116682	5.22588573376883	0.4119149990974951	13.246061691293546	2.0
4.569449807022946	66.12689344177916	2.6829601972431996	0.9751972048574354	25.64549934909725	2.0
4.96766044454933	75.29339044377338	3.111298374511666	0.3811353085791387	16.246515428586488	2.0
2.913608581688611	81.10338910329284	4.585356610127377	0.37147474321821666	11.026170961672966	2.0
6.604976107075906	55.18869520500965	5.200452879029291	0.4917468884833103	32.51412892040183	2.0
5.859571049253264	57.35601591326072	9.248079740838802	0.37791897096780913	27.158414325679402	2.0
4.760102493561232	51.25783491671668	2.8828037171764005	0.5291023253859463	40.57015654715974	2.0
4.19425435321291	73.5774763314974	8.72075158542877	0.13021953462479516	13.37729819523614	2.0
4.348165835589433	70.36099480734876	5.439814893096873	0.28212989585968545	19.56889456810524	2.0
2.897109964275129	84.17984563415453	2.058043996365523	0.2653797889386527	10.599620616266147	2.0
2.733515886622735	69.70002487348356	4.191313634758069	0.3495069100162069	23.02563869511943	2.0
1.648007593849252	77.63346644093954	12.544674071234077	0.13022555862580248	8.043626335351332	2.0
1.3121870035755043	80.20387624252349	9.28097558521383	0.20365626831614891	8.99930490037103	2.0
1.103140249897545	73.1177481729361	11.781802731274906	0.24032161393979312	13.756987231951673	2.0
2.5484217831866585	49.43666917139882	24.384923109128973	0.18187750550912393	23.448108430776436	2.0
2.4892768621939823	46.03000225122957	33.02891648408056	0.0972094917561293	18.35459491073975	2.0
1.702703291191076	31.68064416464637	37.935339330986494	0.15980618284369985	28.52150703033236	3.0
1.4168918595183566	35.56275393948184	38.22493161261063	0.18082834863452368	24.614594239754645	3.0
1.5341167794281014	45.359705031120576	31.448142488794705	0.16625078492018994	21.491784915736435	2.0
1.8919190064042044	32.42023981854712	46.32743155031777	0.18001501269795545	19.180394612032945	3.0
1.2596311946115166	43.2361005819327	31.055383015697412	0.12420888120195227	24.324676326556403	2.0
1.078350713968703	31.05750356974578	49.79050225369271	0.08105668124483004	17.992586781347967	3.0
0.6466202348450921	39.7096592846666	44.08070241734098	0.06730916207778903	15.495708901069547	3.0
1.1959450737093824	34.13219265112023	20.125995452098902	0.08809478819577343	44.45777203487572	0.0
1.290064463595972	43.99898143636419	28.24544496607455	0.08814961017905014	26.377359523786247	2.0
0.6428975321175824	45.1409839915783	30.845771814426342	0.07762999012585087	23.292716671751922	2.0
0.462913753167854	47.41877785548007	35.18978751835608	0.07251365179138007	16.85600722120461	2.0
0.8588137726491276	37.7657550351593	21.584556362741715	0.08189179161900112	39.70898303783086	0.0
0.46890945122648786	35.95853553517054	32.29126215951949	0.10673385674263057	31.174558997340846	2.0
0.3233805411387991	30.032731177185855	48.74205511349178	0.0638703686331585	20.8379627995504	3.0
0.7490872117525406	35.44441654433116	20.263677891918245	0.18583901444865805	43.35697933754939	0.0
0.7336773499139826	32.950162454274526	39.428338312196246	0.15692085407135425	26.7309010295439	3.0
1.0677396686879215	46.08696933601178	27.15049210818729	0.17722329931335587	25.51757558779964	2.0
1.1288238700093112	45.08844746377218	22.911961063840693	0.25495759551561004	30.61581000686222	2.0
1.2582114497953716	51.512881485055516	24.016802345340672	0.30261903734947204	22.909485682458964	2.0
1.442690070188276	33.82284213376977	31.853497932175333	0.4417195585007342	32.43925030536589	2.0
1.687777658696032	45.70355913868912	32.12885977517033	0.9309709827529605	19.548832444691566	2.0
1.05446346098335	47.453134917928246	25.825950797137253	0.20781860313607	25.45863222081509	2.0
1.750814587502365	48.760574395365595	25.812226939296163	0.7978537926477661	22.878530285188127	2.0
1.6076644654478092	48.510875469345045	33.242622257216134	0.4827921618186951	16.156045646172316	2.0
0.8463240420830502	44.35691693492306	39.905789167343556	0.22797917931489017	14.66299067633543	2.0
0.7348167797420966	49.48524645071613	31.388689075492092	0.3422537246539777	18.048993969395692	2.0
0.3962432429195332	40.1026239730846	34.44296795229834	0.6838530449450468	24.374311786752482	2.0
0.48639247921434103	43.99407853216009	38.31084656560728	0.4373508855816173	16.771331537436676	2.0
0.6202610056729784	43.74073988441322	32.124442018259	0.8581555205841607	22.65640157107063	2.0
0.6782741184739406	39.77716701824901	44.203156895380694	0.4366979188304507	14.904704049065911	3.0
0.7370751085666394	39.18173135597671	30.98539521785228	0.4824210650609083	28.613377252543458	2.0
1.244390383412127	40.20967863584509	26.042617181533323	0.4566465586180548	32.04666724059141	2.0
1.2820964767207261	41.70062264250906	33.77698093601178	0.5769456593270005	22.66335428543143	2.0
1.3277833672928532	41.72202177269359	39.295343343362745	0.45796148519225155	17.19689003145855	2.0
0.6181568793172457	45.95803909595911	34.67936401497896	0.6087303066004579	18.135709703144244	2.0
0.5243208104967818	39.813674554875874	41.12161790160152	0.4566515656599973	18.083735167365816	3.0
1.2992360884649379	36.69775437890635	28.08566417322294	0.5834680901510381	33.33387726925472	2.0
1.1369830533536782	46.7320794791331	27.333497808371682	0.47587073848048494	24.321568920661058	2.0
1.1724468550525753	31.389713373583778	32.85277741114403	0.43113399455317586	34.153928365666445	0.0
1.3988550913370934	45.88982463721095	32.754856809533386	0.3759142972402281	19.580549164678338	2.0
0.834053114789653	45.86809939097002	32.490129078836304	0.6220535156498653	20.185664899754155	2.0
1.608108591429782	39.952521364274844	21.922098884038522	0.38641645341903474	36.130854706837816	2.0
0.4800971275648409	38.90117582859033	21.221805856259067	0.6322463768419649	38.7646748107438	2.0
0.7491567367742398	49.9248523400761	21.633154499712465	0.5087612600992589	27.18407516333794	2.0
0.41970135997418156	46.901910714969716	32.11010191097205	0.2996873038176989	20.26859871026637	2.0
0.4750487487121068	38.674317710198075	18.693485710479404	0.36651509410403366	41.79063273650638	0.0
0.29532341729090245	39.78245742938557	41.98504965705756	0.22541611995149474	17.71175337631447	3.0
0.6456905234679636	45.25442175583002	22.636764269777235	0.4801249580947786	30.982998492830006	2.0
0.523084414505867	42.844016746488464	18.568718106769612	0.2433130863466429	37.82086764588942	2.0
0.41335627828413674	43.8435534714938	34.3784336065803	0.2312431553850955	21.13341348825666	2.0
0.593261166424268	31.990331643466046	31.495177324162306	0.31997356306505187	35.60125630288235	0.0
0.7745639831745115	20.45103005387139	26.37423540295759	0.2035551787535219	52.19661538124299	0.0
2.981589027228703	27.649782918835164	23.655565553364312	0.21189818422399695	45.50116431634781	0.0
3.2288223934808165	20.43671619638308	16.842928904361237	0.253326063748729	59.23820644202613	0.0
