N1	N2	N3	R	W	anotaciones
0.004967508685917943	0.0040575435898884925	0.001597620658258981	0.0044479092801489	99.98492941778578	0.0
0.018915319639361897	0.01616307110290628	0.01924970675814697	0.003046557958974285	99.9426253445406	0.0
0.0028934661439400378	0.0033755735386680878	0.0010725834720656273	0.0007823523604106218	99.99187602448492	0.0
0.01733820691591805	0.0043073802793477944	0.0025581766332848166	0.001555218164521714	99.97424101800692	0.0
0.012435060798374146	0.004132022054379586	0.003074296841832105	0.0018639342389040702	99.97849468606651	0.0
0.0092306952705383	0.0026529431340987894	0.004912574069314204	0.0009534919288592434	99.9822502955972	0.0
0.03697021745004155	0.013152139597295952	0.014989518626389146	0.0017648083634780932	99.9331233159628	0.0
0.06559650221599099	0.028269704531966106	0.010801503242326042	0.0026686013361363527	99.8926636886736	0.0
0.020554573804185208	0.01558741444443671	0.018062897936171284	0.0025445361818716324	99.94325057763332	0.0
0.02065131433920918	0.04445754953570483	0.015551115634223034	0.004142550586242826	99.91519746990461	0.0
0.03347863512048791	0.026499319261885184	0.00539746060373576	0.0014709937909622277	99.93315359122293	0.0
0.17777585128050313	0.05522492673773456	0.003938750892030584	0.001453440379231359	99.7616070307105	0.0
0.283120805967817	0.02330533645740785	0.002930231821392315	0.004444823140891871	99.6861988026125	0.0
0.067311050402889	0.01957841493748734	0.0061205947894479844	0.0022966046881216437	99.90469333518206	0.0
6.832228532198564	0.6055271531329818	0.10328527099590706	0.03246698865427281	92.42649205501827	0.0
2.6679275585163307	0.5336009352981879	0.04656945376600726	0.03260868389631007	96.71929336852317	0.0
8.131783059706484	1.3111739858195637	0.2301781352289919	0.08947338079012052	90.23739143845484	0.0
13.910706846842032	4.424337462922899	0.18200410150858065	0.13972300039722538	81.34322858832927	0.0
2.4339091449298698	1.1165035446481173	0.4803929215767202	0.039439267960416	95.92975512088488	0.0
7.012793676909217	2.063658529725585	0.24686443252940823	0.08435973712502377	90.59232362371077	0.0
4.603196907462088	2.0133127967505957	0.13896373863755512	0.04418162683587272	93.20034493031389	0.0
1.4358131711898259	1.1672813694175483	0.13941285670317013	0.043458716695474124	97.21403388599398	0.0
0.38435184223076324	0.4280863877071943	0.074971460787332	0.02560347911556089	99.08698683015913	0.0
3.0901905224899386	2.6896174052779913	0.12354755024428371	0.04448064908336216	94.05216387290442	0.0
0.25487190759585315	0.32281314834753433	0.06155184760061869	0.011680892796317115	99.34908220365969	0.0
1.2273830469326257	0.6109954156747733	0.21592587565394025	0.05799233848677957	97.8877033232519	0.0
6.353442123418961	3.105549777739551	1.754492527105062	0.4158323790004856	88.37068319273594	0.0
2.6203490438483046	2.1372000002518066	0.291664237197855	0.19333050099797763	94.75745621770405	0.0
13.15106469424168	9.280891419141968	0.3314295257392331	0.20630427460245968	77.03031008627465	0.0
1.4428873993554219	8.0956918953448	0.1832600047288116	0.18387528038667572	90.09428542018429	0.0
0.9469646952761923	8.45869681627115	0.09965070769970194	0.19025429095576837	90.30443348979719	0.0
0.46163370110534924	4.71534860524085	0.11572772724390683	0.10608023125849722	94.6012097351514	0.0
1.3155684033133253	6.732183484554803	0.07496388176651979	0.13366892507003153	91.74361530529531	0.0
0.9398281879167646	15.192205828809968	0.07356528179072461	0.14527888358786137	83.6491218178947	0.0
1.1342636830995578	11.087402260648659	0.060083030198604045	0.23405849436952114	87.48419253168366	0.0
1.1546036838941893	9.611551040266862	0.06880272149639642	0.08684137258277316	89.07820118175978	0.0
0.22679575001459018	2.18073520451134	0.18903517303206302	0.0375854497756631	97.36584842266635	0.0
0.35575398661063495	2.482515630941572	0.019674347823018776	0.15321182132500283	96.98884421329976	0.0
0.8958445382394009	3.0814959379865092	0.10678362769458813	0.22196482371330406	95.6939110723662	0.0
0.2759520152932199	2.241068572101615	0.1212103284691444	0.08769483919448468	97.27407424494154	0.0
0.23674775611959822	1.845334637050372	0.23955368998222945	0.07236344544077172	97.60600047140704	0.0
0.06826612854152099	0.35287457278379714	0.07940554240174605	0.034704862949702917	99.46474889332325	0.0
0.03549221637502132	0.0662097100125149	0.005977950645483372	0.006528214470485165	99.8857919084965	0.0
0.06307537779386423	0.04403358132254143	0.008968758269106411	0.01878705553346016	99.86513522708103	0.0
0.049802174954425335	0.09020578829057044	0.01793031515106793	0.007239671574197565	99.83482205002973	0.0
1.0931153002038876	0.17783108336303885	0.034618160597872066	0.026799561705263108	98.66763589412994	0.0
0.134988839413709	0.4832584835271333	0.03423569395838177	0.005854919678644809	99.34166206342213	0.0
0.040703152738599355	0.05363923612073477	0.003060874109850051	0.005072862428814839	99.897523874602	0.0
0.12553371679625805	0.12863602819761644	0.010979486395303837	0.014914240341158352	99.71993652826966	0.0
0.3139039168583313	0.13092375672415832	0.011599728434217884	0.018061519919350937	99.52551107806393	0.0
4.4292657218494025	1.329995587728977	0.09589801957840074	0.016972597346298447	94.12786807349691	0.0
0.9251342723802914	0.6836352243345897	0.018891156344948246	0.009485100222908745	98.36285424671726	0.0
1.5553694949950807	0.7524916559393533	0.08644830437099912	0.021902235103376872	97.58378830959118	0.0
2.2512600997251635	2.3709113252171856	0.11488307983870874	0.05514156936654022	95.2078039258524	0.0
1.3896852056588285	0.8456951450845139	0.20149657431858264	0.020775361271011435	97.54234771366707	0.0
0.8255318339136378	1.439886927996552	0.1940382459313648	0.01682991450052918	97.52371307765792	0.0
1.8256864484557347	1.3713898598889636	0.3403090528746243	0.05214064532212895	96.41047399345854	0.0
0.4655027348160679	0.6622995991423677	0.17732514124309692	0.02505368970358267	98.66981883509489	0.0
0.10234225737301064	0.2534613086671187	0.7882900925152108	0.042348636201298764	98.81355770524337	0.0
1.332104984523539	1.14041992777441	1.4803751443088244	0.03348547494993705	96.0136144684433	0.0
0.33334579737792247	0.1547277430966722	0.02898579554597289	0.018263956369290384	99.46467670761015	0.0
1.3373892529397746	2.005839099636611	0.20949047267658483	0.09608528628919696	96.35119588845782	0.0
4.215448301334599	4.540936600835364	0.13445819656329897	0.08055636975223965	91.0286005315145	0.0
5.7180422375748385	4.143790802217176	0.3543641038650518	0.1277469365732946	89.65605591976964	0.0
0.25770619646544646	0.3507139461406266	0.06524208233820233	0.0028915731949709575	99.32344620186075	0.0
1.2542308308608565	0.3638313555933825	0.10797762733810042	0.0008709091826605101	98.27308927702501	0.0
2.5014806493039363	1.8941837920818765	0.3751089882643083	0.0027153924606193097	95.22651117788925	0.0
5.7464094091178595	4.900215178643295	0.41850208872706585	0.0033795083666422914	88.93149381514513	0.0
3.372382059980663	7.078120051335699	1.9941404808581535	0.029692366592300953	87.52566504123318	0.0
3.13185616265498	2.4174127801191707	1.0826145247245693	0.06789781151072369	93.30021872099056	0.0
1.3196139366389084	6.632324516615029	0.5111689473840023	0.012658459025135151	91.52423414033693	0.0
30.24807643139767	14.639321176054388	0.7528205260356836	0.07281446740350819	54.28696739910875	0.0
1.5097776152980007	4.403598634716957	0.6110848728664858	0.40231367275587193	93.0732252043627	0.0
10.070442299123354	10.641295879079872	0.8712810693943742	0.1838621573850068	78.23311859501739	0.0
5.709629929775148	26.50672991161623	0.9215548487079289	0.25117879949886973	66.61090651040182	0.0
4.616936595957999	32.12884247454484	0.4988396529941043	0.21326092797146107	62.5421203485316	0.0
9.376914455510494	18.98781521912516	0.695405578292808	0.10205342803169237	70.83781131903983	0.0
0.31648331381860345	3.924242907054449	0.09335986859775079	0.022898071595440106	95.64301583893375	0.0
1.0183065300729062	6.3156473296763815	0.1537684787632972	0.0549784449203419	92.45729921656707	0.0
0.5947853465255235	5.512338972414679	0.980442784401898	0.07042628182345559	92.84200661483445	0.0
3.8971416761112447	5.815972495056373	0.4687284775277327	0.14050420881488246	89.67765314248976	0.0
0.9947137644810979	2.16475470742798	0.3597490923199718	0.023296311213137945	96.4574861245578	0.0
0.9487384202758086	2.41419538336665	0.2115229794905504	0.0350373283840863	96.39050588848292	0.0
1.4517342786836074	2.9484427110902725	0.3250853079707658	0.021255010109292222	95.25348269214606	0.0
1.1977703580655665	2.239974588870233	0.2658786102243798	0.024263764235133888	96.2721126786047	0.0
1.559297468053689	3.6232371649659707	0.16971722551309218	0.10543682632359165	94.54231131514365	0.0
0.9621526299760002	1.1078602290351534	0.09344748488900846	0.04647186820398867	97.79006778789586	0.0
2.036646636192846	2.8745491488177155	0.0991598301923986	0.05480461087932356	94.93483977391773	0.0
0.4449385195877413	1.6893632540501358	0.10649678333458557	0.021513630225996113	97.73768781280154	0.0
2.789733487522197	5.269689253769334	0.5582748274638114	0.0419423574058312	91.34036007383882	0.0
0.5036693076516303	2.3278521385151416	0.4356061634717537	0.03537244186885383	96.69749994849262	0.0
1.2123117006569706	3.3057084615230816	0.548891027327905	0.030565326249079254	94.90252348424298	0.0
1.0471020309729286	8.449967624934091	0.7872373347335516	0.022887165520677818	89.69280584383877	0.0
7.172378105983633	13.410159570294649	15.321008458535415	0.03173411019352964	64.06471975499277	0.0
3.9339613658182766	7.691535263230005	1.4247633164000928	0.017392218574007325	86.93234783597761	0.0
5.043377786533676	12.739467817660746	1.0985603340215628	0.033244077965367394	81.08534998381865	0.0
2.2812334014493714	4.790456180829347	0.4460698854817594	0.01858006811410237	92.46366046412543	0.0
2.471263137755711	2.891243882331365	0.35655329826388465	0.013659014569334877	94.26728066707972	0.0
1.4790328522756655	6.714134442201909	0.31194772851537816	0.006446000911973482	91.48843897609507	0.0
3.2204566297220176	8.014085794250898	0.6365671924192938	0.008497341831766484	88.12039304177603	0.0
7.688104519337906	15.134141278082852	1.0775749020980907	0.016791314525439808	76.08338798595572	0.0
1.5574439019785882	3.117884574203694	0.17501759192798755	0.009175679299370304	95.14047825259036	0.0
1.1270539798882213	2.8939632817594	0.0968069028802978	0.009398771855677683	95.8727770636164	0.0
3.7179729327222883	9.676386189482681	0.5018960494752528	0.041571993378363946	86.0621728349414	0.0
2.6645497647628225	6.8848319012478125	0.08722382726055945	0.03307336981072975	90.33032113691807	0.0
5.801360240152633	20.51276276824097	0.6816949973853391	0.18921941008047824	72.81496258414057	0.0
3.0515354119297884	12.286046326410185	0.3082540911229747	0.03250906636900189	84.32165510416804	0.0
3.481350309197906	12.97026488724424	0.14511322636704668	0.13605923261604622	83.26721234457474	0.0
1.5752758825767432	4.292018399297547	0.05554879227370954	0.04909124211259194	94.02806568373941	0.0
0.3809071590265345	1.5358683004592673	0.01272420891237847	0.03969108976695514	98.03080924183486	0.0
0.531926201667992	1.531977432348997	0.013492040459665169	0.04270407051496735	97.87990025500837	0.0
1.6181402300303098	11.555318262713072	0.6622173349506206	0.060571472468053514	86.10375269983794	0.0
0.8709665505665414	16.94078027972922	0.47327494526266883	0.16178320730868753	81.55319501713288	0.0
2.9496558616811845	18.56179016832692	0.2620141116194011	0.21515887560204774	78.01138098277045	0.0
1.575255551529448	11.721799559291387	0.0429073975234544	0.09385052780530845	86.5661869638504	0.0
1.421427245072062	9.108735316129696	0.18004166328926666	0.10992116658050824	89.17987460892847	0.0
2.104772811258976	13.984091314422178	0.7460544313850631	0.10325144000246256	83.06183000293132	0.0
2.116441200710768	6.181062191193175	0.5642649189900498	0.08541741537653728	91.05281427372947	0.0
3.143790690406046	25.921749680581264	2.0995627602931406	0.23462816955093854	68.6002686991686	0.0
1.7329753867561422	6.46265456166647	0.370999083448811	0.1370519590978546	91.29631900903074	0.0
6.279500658493134	18.899932076974554	0.5356383081335817	0.17115752368859422	74.11377143271014	0.0
2.646955316265084	11.451046286833465	0.3426232771402421	0.0904752145762944	85.46889990518491	0.0
4.063980826534004	4.821891030256886	0.30777627851109035	0.05099941273698147	90.75535245196103	0.0
2.723027258373318	6.8548404853029075	0.6666702801721116	0.20624711423185504	89.54921486191981	0.0
2.7020641129955303	5.6924162222380765	1.0614667351724276	0.07763020816774928	90.46642272142621	0.0
4.517458600294423	28.743027412868738	3.4039235374325303	0.15875904356346657	63.17683140584084	0.0
5.1281101883412035	26.17637251786462	0.4434940309541082	0.3250393256854125	67.92698393715466	0.0
5.313742011524681	30.921154537822904	0.8282416889485226	0.41900048900649883	62.51786127269738	0.0
2.1912398660142616	15.985628337460172	0.9023835948257085	0.3367735958510837	80.58397460584878	0.0
2.2288624239029753	7.339811473862905	0.23856241859827654	0.2208667278804419	89.9718969557554	0.0
6.463320163030961	15.046048730092648	0.1774153569965442	0.4106778444851425	77.90253790539471	0.0
1.3503980442209647	4.183963736399819	0.4840645948018576	0.16671044093020213	93.81486318364716	0.0
2.423913553118846	7.95197844319338	0.4766885180251596	0.3983850804389657	88.74903440522365	0.0
1.8081535864563743	6.24206661063419	0.4891527852734555	0.16431057484390119	91.29631644279208	0.0
5.100830759594064	21.56229716168103	0.6438085614416268	0.49058321441107144	72.2024803028722	0.0
3.534215028984449	17.26923340936202	0.5985743506870694	0.35045031861803466	78.24752689234843	0.0
4.430328017709163	37.02884337084085	2.5711081795232604	0.37190039762940563	55.59782003429732	0.0
1.5670279129349616	29.575836698449326	0.12330668100978429	0.1531898791294955	68.58063882847644	0.0
1.7495843949830587	12.84919258092209	0.29303896076072045	0.06874671616192136	85.03943734717221	0.0
1.149535860776889	11.65194804328286	2.168744195743727	0.1912778389380048	84.83849406125853	0.0
1.3880562555127418	29.209481073937088	3.9491155758764807	0.20958052662719664	65.2437665680465	0.0
1.2415318723921125	57.100946867749414	2.0625955684544626	0.09253855159157175	39.502387139812434	2.0
0.8332118837515594	47.09632972376279	1.707673588701357	0.08785712446721308	50.274927679317074	0.0
1.4371899571785829	61.93734446751877	3.328563117709572	0.32855526089343534	32.968347196699646	2.0
1.3812593244081757	33.59481329991153	1.2801108107751347	0.10794780346240052	63.63586876144275	0.0
1.3324335327126895	21.792677125599074	0.6742511009384252	0.07976610867430384	76.12087213207552	0.0
2.1237888371926137	27.482807700127847	0.6620146306541241	0.13467578869402094	69.59671304333139	0.0
1.516170803524734	22.550758075450307	1.6328052780115825	0.11996621306115608	74.18029962995223	0.0
1.3203107700914194	18.80134295853902	2.0225831605037925	0.12914762705794966	77.7266154838078	0.0
1.0289053668738501	19.789784000432167	0.3834460297257977	0.10045183235800614	78.69741277061017	0.0
0.6027316420562309	9.96867429954008	0.5233311685981097	0.07210942717145107	88.83315346263413	0.0
0.6341026634827296	19.174672686359752	0.43285237808874527	0.1266001743511852	79.63177209771759	0.0
1.0065436049586018	19.44653422727519	0.6175989512720821	0.1941766591807296	78.73514655731341	0.0
0.4443413147255335	12.916551378613143	0.021803194816956	0.12537726638921695	86.49192684545514	0.0
2.2322334957663514	13.357717618281464	0.026066204421924956	0.45395378547722565	83.93002889605303	0.0
5.708848204441665	21.091223351689983	0.09663139092716054	0.3303126363821436	72.77298441655905	0.0
2.0771737538233106	4.9462724494010955	0.013036784074071885	0.14073799749908086	92.82277901520244	0.0
2.69861911676292	3.351152912962646	0.005859494670205104	0.3935272369053786	93.55084123869885	0.0
1.1453662792713941	1.3577922460580996	0.0041125465715233294	0.07036505806034837	97.42236387003864	0.0
4.3069035645875	3.932612105507046	0.01908055541484973	0.47431789932617574	91.26708587516443	0.0
9.898784498794171	3.2703947321554447	0.03523537268370413	0.3251612787937219	86.47042411757295	0.0
2.456443699376035	1.9131006962249584	0.039069750733401604	0.37704204951840553	95.2143438041472	0.0
8.29893434586577	4.04596894219438	0.02486972974637444	0.8579856347930799	86.77224134740041	0.0
1.621566204587615	3.569111210970053	0.0030277812479473074	0.5750490313615506	94.23124577183285	0.0
1.7684652330587871	4.640389627362101	0.01254695632487679	0.20698938691140595	93.37160879634284	0.0
2.5605600015038794	4.978426344169003	0.03496712177749232	0.3576652811111468	92.06838125143847	0.0
6.201490340166394	3.3076971001798516	0.026238147905714583	0.26115608151500147	90.20341833023305	0.0
0.4563793884618108	0.2094787312046862	0.035927150160076124	0.09088329887437462	99.20733143129905	0.0
0.5392280748287378	0.45667208037648255	0.008957890383758731	0.15581932174077404	98.83932263267026	0.0
2.573447355599104	0.6166021291136543	0.013198548629509662	0.10481013936286944	96.69194182729487	0.0
3.271547290988039	3.0368979036691024	0.04560909637918114	0.4124104850474318	93.23353522391625	0.0
7.892494246658477	2.3572299902117386	0.025827359162995278	0.21407607748594842	89.51037232648085	0.0
10.866230858730011	8.920340604512072	0.04796649974561033	0.5526102994704493	79.61285173754187	0.0
12.486321904173515	11.645805947699301	0.29281146096643096	0.8471782917381775	74.72788239542258	0.0
12.94191789672609	15.522301885752487	0.9325876998784927	6.126773781003619	64.4764187366393	0.0
11.083817605628878	18.535505688745797	0.5326671209735886	1.303361502745406	68.54464808190632	0.0
12.11911548416438	17.750317735135486	0.3625067797073402	0.40950827513346705	69.35855172585933	0.0
9.907051745629882	12.417345058113925	0.41422101218588464	0.2802042089758111	76.9811779750945	0.0
19.87378241030075	18.638560494971674	0.4582382974896681	0.187745137382799	60.84167365985511	0.0
5.991362824856513	33.27390056166064	0.31461040421407094	0.17091005171909995	60.24921615754967	0.0
9.926346719924476	41.39090269910562	0.26629422404143577	0.16232329215298413	48.254133064775495	0.0
3.0574945791382526	14.635813269685036	0.9266492893474538	0.17918927933435236	81.2008535824949	0.0
5.372988300766678	4.688484239125624	0.6289742471148139	0.11306045628500608	89.19649275670788	0.0
2.557726528424008	4.078524405286061	0.5415049870388712	0.10788692852118237	92.71435715072988	0.0
14.695181610998336	19.52401239518268	0.7077977472574963	0.5920977949629582	64.48091045159853	0.0
15.840990036594713	27.875672229306158	1.9140386873707498	0.18914240239727456	54.1801566443311	0.0
7.301521855424096	43.18143497560314	0.9205762190969928	0.24629432549351168	48.35017262438225	0.0
7.823490464731578	51.420043391639226	1.0948010914327966	0.5898498545824318	39.07181519761398	2.0
7.676840711755034	80.62624435841748	0.4185856876494548	0.24129915531200655	11.037030086866029	2.0
14.90190946102937	49.68392744842997	0.6893109649618873	0.263921508700045	34.46093061687872	2.0
4.631052839373288	41.756886859061325	0.7194267724899841	0.8481086195251728	52.044524909550226	0.0
9.119782661059075	52.51886340151919	2.1398389258357664	0.7163679404650419	35.50514707112093	2.0
7.575569559535274	58.164160610233985	1.5325822661768993	0.8438006213602683	31.883886942693568	2.0
5.9120481496129855	53.378207514299824	0.585613664926669	0.37446031397962964	39.74967035718089	2.0
4.723521314967756	77.97457581635014	0.8877730132092084	0.4723408776119684	15.941788977860924	2.0
1.5579971215679924	76.82566786427367	1.3904525821878062	0.3421230634816889	19.883759368488832	2.0
3.461661620459424	64.06025040993649	5.890764221058187	0.8526562337594402	25.734667514786462	2.0
1.193194813802225	72.06641676814584	1.148872785084313	0.37176040675086136	25.219755226216773	2.0
0.8314152721511043	50.004130614633134	1.0361316860558774	0.15580509793228595	47.97251732922759	2.0
1.3754706856486294	77.8872447144376	3.009687192142355	0.29494916196764454	17.432648245803772	2.0
1.0597205389016	34.47694241766956	1.7572705080704847	0.07450749590478487	62.63155903945358	0.0
0.31764613607058606	21.49583933661905	1.0046078891329964	0.0481892736924653	77.1337173644849	0.0
0.14323445845342672	11.205753084646066	0.7536934076969413	0.018918016288120988	87.87840103291545	0.0
0.10174537419120241	7.353883230986838	0.6202197163322682	0.00568821830391004	91.91846346018579	0.0
0.11938827804372618	4.465547194118702	0.13169147074385817	0.007305009532789719	95.27606804756091	0.0
0.18507702447205865	9.399235759332694	0.9795765266181713	0.028395920136053337	89.40771476944101	0.0
0.11750922280178008	7.162070385623269	0.5642516772305688	0.010734519962973171	92.14543419438141	0.0
0.18723423137236583	4.9203468516593105	0.2371506393566038	0.012286840648978852	94.64298143696274	0.0
0.12136466184515429	9.504720251831012	0.42548638591376425	0.010490274767836125	89.93793842564223	0.0
0.19170891120490577	11.964999095302892	1.654010708835824	0.020791125625222527	86.16849015903117	0.0
0.10751309210192567	12.801723837791993	0.8365053458491702	0.015492156555113561	86.23876556770182	0.0
0.06908915400856812	5.449974832927705	0.7599795058095357	0.014958615259273979	93.70599789199491	0.0
0.1593268401475708	5.514195739635416	1.9089729178795292	0.03823589464412463	92.37926860769335	0.0
0.03982091546180988	1.1954729973267637	0.2581351815369723	0.01754789299657274	98.48902301267788	0.0
0.06176135193448409	1.4874953496430146	0.26984097039843624	0.022639139942883822	98.15826318808118	0.0
0.05092381943225041	1.4304650476101295	1.619103471130803	0.019406527731024064	96.88010113409578	0.0
0.015794849341404085	0.2865306584756163	0.06105359841927086	0.0030600214518260224	99.63356087231188	0.0
0.05707947628817095	0.7967666167425882	0.06204133144290181	0.011529993931550209	99.07258258159479	0.0
0.026502116300357093	0.79769093926784	0.10576067298366397	0.017221778300636707	99.05282449314751	0.0
0.044444991534956145	0.48380509465404303	0.151175209824264	0.013243663372889614	99.30733104061383	0.0
0.17798745576221914	0.9421879906663084	0.17169511490938344	0.01752352695087004	98.69060591171122	0.0
0.15796764725917056	4.509588503259787	0.27148885441273507	0.08546690900716823	94.97548808606115	0.0
0.35894427771685306	4.705828206024967	0.20840372462657208	0.1604517548476669	94.56637203678395	0.0
0.2966183066504353	5.038156186142686	0.11792207009291224	0.05933460228342023	94.48796883483055	0.0
0.1622758077670075	3.4779254120082537	0.2741168394798774	0.05342720958829496	96.03225473115657	0.0
0.08927290386126162	1.636652649938491	0.07094178442706803	0.03406110855961395	98.16907155321356	0.0
0.02194048462285042	0.3268035960831326	0.027967746070779426	0.00646512798988908	99.61682304523335	0.0
0.19217816110212144	1.6153022690584489	0.3009660195319854	0.042556430036879686	97.84899712027058	0.0
0.39414206505978916	2.063885877458493	0.16405704550371705	0.031069854873455947	97.34684515710454	0.0
0.3326267433700979	7.283680034198768	1.236075459994398	0.062220687187158584	91.08539707524956	0.0
0.1443695773714482	3.6680672210985468	1.0070738848870118	0.07155383268694791	95.10893548395605	0.0
0.11842308179391278	2.5404539781990647	0.8560259671191938	0.034948859718698384	96.45014811316912	0.0
0.1573809748315011	3.259236065976708	1.1684130515007383	0.07434238113631106	95.34062752655474	0.0
0.2521178010864547	2.4309035749833465	0.5425648825689232	0.06761273051476491	96.7068010108465	0.0
0.058991600968439015	0.9150904265506896	0.2138847278504402	0.02622374243177575	98.78580950219866	0.0
0.056758381868476544	0.7418176958294094	0.22691971525261811	0.057044626910492426	98.91745958013901	0.0
0.9309349039089656	3.1657763591150285	1.5487049996973308	0.18029562998859097	94.1742881072901	0.0
1.4867409889824437	9.385789574312328	1.7951675184969214	0.10127595216018878	87.23102596604811	0.0
0.5676082614977851	6.880848008422136	1.6802370283044032	0.08800957802129687	90.7832971237544	0.0
0.17181011111636516	2.826743269840181	0.7993987793828001	0.027208813738519216	96.17483902592213	0.0
0.8699949501604234	14.56787949345649	5.1297392196720075	0.03198393848029785	79.40040239823078	0.0
0.20059027564098722	4.224371886858029	0.46604388766488425	0.03980711232813659	95.06918683750796	0.0
0.48311526984225317	10.851618645039306	1.8652098625356635	0.01568765373200002	86.78436856885077	0.0
0.14596136917987057	1.256836241725919	0.5790881378719325	0.03392060912219139	97.98419364210008	0.0
0.07744851653445704	0.8265913295953801	0.15012590778413748	0.011531185456546158	98.93430306062947	0.0
0.09884145384216667	1.128997689433442	0.28421787522372116	0.05297669460043163	98.43496628690025	0.0
0.04456258020288221	1.3041589158480205	0.20051848336811576	0.013385495087952807	98.43737452549303	0.0
0.06549891723320186	0.39426927427793423	0.057816784822926195	0.014738764707924418	99.46767625895801	0.0
0.12820921643981403	1.1585602455331023	0.07522671875650655	0.025606609137471818	98.61239721013311	0.0
0.11160087982204274	1.8028780090449539	0.17385981970020756	0.027123145647860315	97.88453814578494	0.0
0.5748896274807863	3.4292816093033105	1.0678609833561539	0.0676835581907588	94.86028422166899	0.0
0.32091532829398073	3.2197086219891515	0.3853127905060016	0.0658348583824429	96.00822840082843	0.0
0.2802924159854315	3.4535283630717326	0.400613022427693	0.11765316562091256	95.74791303289423	0.0
0.48585666808141836	13.2386887241746	1.7072108674833801	0.05999992496368502	84.50824381529691	0.0
0.17931336768538286	0.352419053728806	0.1974518044924805	0.04370882811814384	99.22710694597518	0.0
0.08042781413697926	0.825506851111356	0.3713564221983461	0.010889390103548278	98.71181952244976	0.0
0.6226415595730944	5.758219105740455	1.6640299902678808	0.1673557768789096	91.78775356753967	0.0
0.11903911093483611	2.147407968395447	0.20579538967261832	0.034856542328735404	97.49290098866837	0.0
0.1292038438530321	4.025896023838372	0.4919046197447306	0.024352412551355215	95.32864310001251	0.0
0.5780835622870572	0.9694473981726992	0.1277407671336962	0.03741778542912979	98.2873104869774	0.0
0.3207145574030749	1.3259223833697011	0.23263628008937332	0.013179454675874613	98.10754732446198	0.0
0.272645228818214	2.3605172019357963	0.5008936060051854	0.022945944491150855	96.84299801874965	0.0
0.7395846945217299	2.7445299147338265	0.3040401428805758	0.0860547858655051	96.12579046199836	0.0
0.2807296635394475	1.0121134604432442	0.23440730356762726	0.024716369931928342	98.44803320251775	0.0
0.10053183090876694	1.162125999447849	0.07387877514252676	0.018870167000744183	98.64459322750011	0.0
0.2216251210566454	4.622743999443693	0.2009511995122401	0.09493840439884481	94.85974127558858	0.0
0.6169975211852924	5.289918488011184	0.8526211364480029	0.19035397111855298	93.05010888323697	0.0
0.1324579730701414	0.7455828348389996	0.15080753357034593	0.03784336445025717	98.93330829407026	0.0
0.8200414865949206	3.6851407349521548	0.5669747148621546	0.1854098813182027	94.74243318227256	0.0
0.17147023974819875	0.730291694003133	0.1560335756474937	0.03225804398837111	98.9099464466128	0.0
1.5014264246427382	3.4224956677667353	0.23581024535589584	0.23297561012251655	94.60729205211213	0.0
1.622290376726238	9.541173606017837	0.47360060993436004	0.6050029921042273	87.75793241521734	0.0
1.8102548199551716	7.327240917501325	0.05973112190485741	0.29177962925428247	90.51099351138437	0.0
2.2799019069467157	3.897227528241306	0.04079662633343832	1.8073408230114774	91.97473311546706	0.0
2.078063153016009	4.26342635934022	0.02268795456042754	0.8048456164231764	92.83097691666016	0.0
1.6897077537009384	2.240744527187838	0.4408647523401711	0.4662087531414827	95.16247421362957	0.0
5.666068787328204	2.4955553383220117	0.028384814299646115	0.15978471983963347	91.65020634021049	0.0
1.973914003330555	2.7650207412864467	0.1410094888909817	0.9352134757455915	94.18484229074643	0.0
0.5288976239153215	0.49990265931195405	0.035968497419463855	0.2657594250044206	98.66947179434884	0.0
3.983755242538804	1.4649527676228584	0.0023952005502761724	0.19571190474636266	94.35318488454169	0.0
1.3196987979855521	1.5554765831067203	0.07726362772065555	0.13287881033547425	96.9146821808516	0.0
2.1516864305035233	1.9161321705569834	0.003028467357948292	0.07386302874383384	95.8552899028377	0.0
4.27114993593299	7.1023870487784055	0.0034651775870293174	0.08021286427858142	88.542784973423	0.0
2.568816014131295	12.441360877449592	0.012617537061509795	0.3035989969431656	84.67360657441444	0.0
4.594617198876699	4.994059344462778	0.01881747128293752	0.29136423225175556	90.10114175312583	0.0
8.118563241537625	22.945417302976722	0.08624750254005807	1.8625497822874797	66.98722217065811	0.0
7.503314391854632	23.27452309099804	0.01361257610706725	0.6361618871437021	68.57238805389656	0.0
5.167997836810611	35.96965359519783	0.050671409095509795	2.5805871335760187	56.23109002532004	0.0
9.82392311982775	29.914285832998484	0.026447865853604043	4.545405558826011	55.689937622494156	0.0
4.067700552014919	80.35647778142715	0.43958178627018457	3.7883647860574396	11.347875094230341	2.0
7.348743788659124	60.15653434208428	0.035062966530070405	4.040190571946168	28.41946833078038	2.0
3.3278599706536753	48.06854748800413	0.010843262768974272	0.9849241784627326	47.60782510011051	2.0
2.5791316690875936	42.23123080613857	0.016108309803679933	0.9564292089328668	54.21710000603728	0.0
2.7554498095407274	22.815937078194082	0.020507540877012998	0.8626812521396425	73.54542431924853	0.0
0.42104614471506097	6.201412609943362	0.020607564223904654	0.06796542781463054	93.28896825330304	0.0
2.8564692100228424	4.881160390157273	0.012697343367812738	0.03999574689504638	92.20967730955704	0.0
4.626603527496886	17.345262783418107	0.05102728054122848	0.10877705356155475	77.86832935498222	0.0
1.8789090386096317	12.483076675968475	0.05643690736134376	0.23216115160587183	85.34941622645468	0.0
4.495196001881128	42.67639641648507	0.13921961376952813	0.26932298523293263	52.41986498263134	0.0
3.2307061727125745	28.313678505468502	0.132185975762243	1.7539511096554619	66.56947823640121	0.0
3.3914237869371076	64.27107415873105	0.18803642774684234	2.0654419221421723	30.084023704442824	2.0
4.443077726090569	75.74055269111894	0.3685678991926159	3.337191915452803	16.110609768145082	2.0
5.955520786601047	63.53442557055232	0.06694652675975973	4.220490100124532	26.222617015962342	2.0
5.180258665987755	75.58956862888314	0.10305264868592906	2.2124971012434163	16.91462295519977	2.0
6.2325850099457885	69.53694663477425	0.049618848115736	2.6107622700668824	21.570087237097333	2.0
4.220296921443792	73.50136534632699	0.05187214113578953	1.341575516495538	20.88489007459789	2.0
5.274098781287932	62.37901985525885	0.06893357033116766	1.9209199860229127	30.357027807099122	2.0
2.7506692395717813	62.79491570157123	0.05171987229377401	0.8393287793740677	33.56336640718916	2.0
2.4636257080134505	67.36975201504727	0.04950099756457242	1.0284340979349875	29.08868718143971	2.0
4.6197840762458275	66.41745497671575	0.08705258198794395	1.1848395398849827	27.6908688251655	2.0
2.236393990567287	61.26878806607382	0.057644841031437126	0.6055899249056129	35.831583177421834	2.0
2.046799721448485	70.25906894710626	0.33823648580178306	0.8040883381462631	26.551806507497204	2.0
6.513046223440008	28.429447911239635	0.23178872176422624	4.493500306590283	60.33221683696585	0.0
8.6794921728284	42.6377828118718	0.3278082160564235	3.981446380930594	44.373470418312785	0.0
11.4328649803349	29.665814700630243	0.17847599198571615	3.5818781409157223	55.14096618613341	0.0
6.388126191015806	44.72799015082035	0.02893405471596222	2.467563379005196	46.38738622444269	0.0
5.927543040305946	45.219368409977406	0.024753041901579866	0.880234256378076	47.948101251436995	0.0
2.7326243541406434	57.84931120067929	0.20500736733694652	0.8167513154188202	38.39630576242431	2.0
3.9324154906796553	75.0924996067911	0.267257328683921	0.9136349003513804	19.794192673493953	2.0
3.3049390903213376	13.581873525730078	0.06661437454833376	0.9651026948590729	82.08147031454118	0.0
5.863006625469457	39.74238842911329	1.2418595534384376	2.2850262485850292	50.867719143393785	0.0
2.2597959711965037	24.56273379111146	0.0420030978495942	0.48562131814820114	72.64984582169424	0.0
4.329939881112558	42.01420103810367	0.08281728197346835	0.8166131249862476	52.756428673824054	0.0
11.105418844012135	44.66028098138954	0.4375148260310742	2.12430536979452	41.67247997877273	2.0
1.520879110118998	15.261664315559868	0.13708407461446762	0.29794474538453924	82.78242775432213	0.0
0.8126630335596553	58.683066044379096	0.22395522774086313	0.1651067463145671	40.11520894800582	2.0
2.878213114668367	42.50185132891989	0.3890270566945018	0.4186515075431105	53.812256992174134	0.0
1.4642714675569803	40.07163875127509	0.1935111018097687	0.13748669309901604	58.133091986259146	0.0
3.721382223758183	51.10371795146196	0.07135041944998483	0.25889299966857243	44.84465640566129	2.0
6.756014522547317	49.36793220686452	0.19484615531335678	0.32523328176785493	43.355973833506944	2.0
14.367354247337497	56.289909118122154	0.15594029148827354	0.46938434738289636	28.717411995669185	2.0
9.900235919892076	53.81873815262301	0.0680215532956849	0.8581213272169094	35.35488304697231	2.0
11.700859990846663	58.282057221454956	0.17265074976455796	1.9382417307539022	27.90619030717993	2.0
7.059372166781048	42.01876726093387	0.04174998477364749	2.617759802231324	48.262350785280105	0.0
7.959348318673744	49.831696563088954	0.06411182528837603	1.6781202029700344	40.4667230899789	2.0
4.178557277319425	41.27673913172452	0.06580506992624605	1.3788675226081946	53.1000309984216	0.0
4.071422798839748	16.304785460345965	0.08422699663870972	0.6817476458615915	78.85781709831399	0.0
6.84516822194238	14.668670221109354	0.06524063474894333	0.5926159312898075	77.82830499090952	0.0
5.279849582748933	23.719823237043656	0.11084783158209958	0.11577356338208725	70.77370578524321	0.0
4.256464175451912	24.950572051558698	0.045021361157794856	0.2961799683030218	70.45176244352857	0.0
2.909692165929755	25.475518388467723	0.13305256908619198	0.3596053768859451	71.12213149963038	0.0
15.414762496484189	13.902569171686341	0.16266481816345899	0.7612160845774205	69.75878742908858	0.0
5.197300756287584	10.016681797736327	0.09304954170999175	0.677453687958095	84.01551421630799	0.0
15.168574544680736	24.438554426505235	0.31165820402917205	0.9855847551170608	59.0956280696678	0.0
9.710352276051704	13.859479335690189	0.19723118530587913	0.5533316706908145	75.67960553226142	0.0
17.79877737259925	21.82849018987798	0.17830946950030982	0.3933541500769147	59.80106881794555	0.0
3.98147357084873	58.7109193330588	0.05960244267367245	0.21682512354053157	37.03117952987827	2.0
4.085247053391041	64.14570187539013	0.13880991476169907	0.23007842711297907	31.40016272934414	2.0
2.5109402193813786	87.33550783018214	0.11741223402317745	0.29434942952983695	9.74179028688346	2.0
1.2341298694810705	85.20404731220538	0.16501708518968466	1.3004346868178864	12.096371046305961	2.0
4.446346068827822	70.35922539492852	0.2387423850288145	1.0365636522634079	23.91912249895143	2.0
2.7824107854821225	78.50468332800233	0.05696739694858162	0.9148156517898225	17.741122837777148	2.0
10.662981085748415	48.943245072616044	0.14688495195678136	1.0131763141172352	39.23371257556154	2.0
18.224597623371725	51.91227992163907	0.2400198009984291	0.8564443946634357	28.766658259327354	2.0
7.053954020857758	45.827610591600624	0.24568103451366638	0.5100963082156599	46.362658044812285	0.0
3.949681563698283	56.35611478727145	0.3424405211806204	0.3082085748327017	39.043554553016946	2.0
3.255400829790906	73.13300309064935	0.27423259097173747	0.43048112683477385	22.906882361753233	2.0
3.5675405125950603	73.34028265403722	2.8385036214737083	0.9103833597716805	19.343289852122325	2.0
2.110170625243275	83.22998420819123	2.627930195367817	0.728225750558268	11.30368922063941	2.0
1.2467372022908798	66.59178658516957	3.552823692420943	1.3224310593220343	27.28622146079659	2.0
1.7561372812642817	62.7622716239594	1.5760749124766007	2.703809207160785	31.201706975138954	2.0
0.6207342575624393	72.46004720420098	2.143348741696529	0.6649461755432381	24.110923620996825	2.0
1.2256741199963204	65.19930379009271	3.4871285970568233	0.6525292036973299	29.435364289156823	2.0
0.7383553724628938	55.64422331411647	3.155479778993965	0.5015973767097245	39.96034415771696	2.0
0.7624352390223896	67.34797579236944	4.122603638849745	0.7901518929422157	26.9768334368162	2.0
2.1001711878373515	51.786289956952594	6.064035037240854	3.0466676411758984	37.002836176793295	2.0
1.1803626904224505	48.12827722987173	3.5518820545942886	0.3381547746218278	46.80132325048971	2.0
1.440050339928979	17.888500780429535	1.5868139130940977	0.18012508641654673	78.90450988013083	0.0
0.3886232143518897	3.655932509613656	0.6477818202946358	0.056413051088593916	95.25124940465122	0.0
2.4123809293326373	16.139140613721963	1.545148437614598	0.27203301663302115	79.63129700269778	0.0
1.9970870633795748	41.23078098168648	0.6342597496664588	0.5628384656998029	55.575033739567694	0.0
0.8561437719814142	75.68098064502485	0.4799674011029718	0.3658604685205744	22.617047713370187	2.0
2.473895501516402	70.02412310614832	0.6835782838785408	0.7823002700954429	26.036102838361288	2.0
0.9197026727967305	75.9938523913176	0.31429567153740023	1.3686465742993659	21.40350269004889	2.0
1.1937365304345586	58.712823035795346	0.2371067505512619	0.562828413053475	39.293505270165355	2.0
3.717431442939357	39.46397401342318	0.4685985187242697	0.4851447511616701	55.864851273751526	0.0
2.7890107818533574	30.947329071029618	0.36071712385355914	0.8078613380323759	65.0950816852311	0.0
6.507199519095244	36.68712123971516	0.661254806264987	1.3602882567328822	54.78413617819172	0.0
4.382614038015525	52.42705026678398	2.4065358056919104	2.0225995769839367	38.76120031252464	2.0
2.578774871583082	60.36723320394071	0.34525592247840803	3.3348507370739626	33.37388526492385	2.0
2.3682161585662582	44.35790210194558	0.10963690513173445	2.1311303042185337	51.0331145301379	0.0
2.9562715595328095	57.14072165446864	1.1295875319628033	1.8712545785433503	36.902164675492386	2.0
3.7941172095284887	51.55411111306957	0.6509666690543691	6.340767792003203	37.66003721634438	2.0
0.6380484835871303	22.559715039081418	0.1785881809016482	0.8353641095896811	75.78828418684013	0.0
2.431617897945056	32.475983245577545	0.5625681776396374	0.7875552179930636	63.7422754608447	0.0
5.5125409500589955	26.400300610640205	0.2790378393588863	1.3636237850267023	66.44449681491521	0.0
2.250877180912347	68.7631633074626	0.4670444788719261	0.7597368559260563	27.759178176827064	2.0
2.225254349648673	32.272549355620214	0.7118078547963129	0.6413794179015672	64.14900902203323	0.0
1.6259970921991707	41.99785683412923	0.48367809539598033	2.81510510439729	53.07736287387833	0.0
0.9170915438682741	53.81696885246704	2.0167518893700995	0.6104373541049486	42.63875036018964	2.0
3.007392434127686	75.92036519691575	1.7620699238289284	0.7499128924707715	18.56025955265688	2.0
0.43830092456123043	94.13984403091196	0.1281235975322452	0.530788885043534	4.762942561951056	2.0
2.059361526072495	80.11390379538501	0.712360935557737	1.8751665387314649	15.239207204253285	2.0
2.250192909707667	61.846991865338	0.6031170021075037	6.7995511260367705	28.500147096810064	2.0
3.8965886186421583	63.55611904718158	0.38636932097152893	2.2125986467165224	29.9483243664882	2.0
4.258870497015075	79.23258075542145	0.2914877709088579	1.1059779983085762	15.111082978346028	2.0
3.2309019172334255	46.58200932747557	0.1358089455455557	0.6240825392589884	49.42719727048646	0.0
2.7663650543857448	26.06858962395457	0.46178213410237773	0.43207567722111084	70.27118751033619	0.0
1.5395631351980832	54.10245744385852	0.39965733132642123	1.2098161397277754	42.74850594988921	2.0
4.3999236051369595	54.58614659780455	0.5227749073113108	1.2327203972841054	39.25843449246308	2.0
1.7679092240246508	63.08076995377324	0.9513225352757569	0.6600658115257636	33.53993247540058	2.0
1.2008726879891887	49.276246068724035	0.4251219195263442	0.31938161031609513	48.77837771344433	2.0
0.9189700870854637	69.66985686053157	1.4620027191022087	0.2946651890611175	27.65450514421966	2.0
0.8292237160049634	64.02443443107417	0.8701157724023307	0.6211131015465197	33.655112978972	2.0
0.8128103624392471	33.19295321188035	0.4068147582590034	0.8416844099105102	64.74573725751088	0.0
