N1	N2	N3	R	W	anotaciones
0.00017537450586127708	0.0018038019104097542	0.0005184999377358621	5.413668072887029e-06	99.99749690997793	0.0
0.000693366951069724	0.010504752446899546	0.003295046419108248	2.9320096575963396e-05	99.98547751408634	0.0
0.0009089899989905545	0.007704562853151329	0.0016817486802936457	1.3072706079310613e-05	99.98969162576148	0.0
0.0008360960715612507	0.007033234599146	0.0034096689030331823	2.0531084624963823e-05	99.98870046934162	0.0
0.0007769520368567337	0.009061930965912466	0.00265757552718625	2.360876491443595e-05	99.98747993270514	0.0
0.0011727542615154836	0.00940324058170761	0.00898155726210252	1.6455416126447296e-05	99.98042599247854	0.0
0.0007120916282324194	0.007040607794068887	0.0028216682343642527	1.179824425455318e-05	99.98941383409907	0.0
0.001235253015824598	0.006614745823569606	0.0013184899320447675	1.7922065384993998e-05	99.99081358916317	0.0
0.008191331916667594	0.01045466401631426	0.0034954375664238003	4.661132333855552e-05	99.97781195517726	0.0
0.004272467215533888	0.0028094132050716946	0.0007458109006951356	3.8391043062645435e-05	99.99213391763564	0.0
0.011689116904970655	0.00454371000035707	0.001493722110747956	5.902824101591683e-05	99.98221442274291	0.0
0.03336546154112699	0.003304857736397963	0.002138297051074145	0.00017848028059203448	99.96101290339081	0.0
0.014849342952249456	0.004688027842644237	0.0059552330949539985	0.00042364335122486806	99.97408375275893	0.0
0.009795382986583279	0.00319583073393164	0.003178757085270699	0.0019133723138794615	99.98191665688034	0.0
0.07025957680138527	0.011289409931358673	0.005069575359807713	0.017978739448499922	99.89540269845895	0.0
0.10652861558318434	0.030943986541650197	0.0072393283442444	0.040231460766036814	99.81505660876489	0.0
0.05129074949018534	0.02131573170468879	0.004402218916617623	0.027632189666021434	99.89535911022249	0.0
0.17521698070774974	0.06981223219840357	0.010584120688911602	0.06988497540296267	99.67450169100196	0.0
0.07794806159636652	0.03278925141812595	0.008802072198073533	0.0470712616830427	99.8333893531044	0.0
0.08776653341299324	0.05236251363876568	0.005353976460698816	0.042263647679354414	99.8122533288082	0.0
0.19274026294764907	0.07390182005334914	0.004432163585368522	0.020843931325740087	99.70808182208789	0.0
0.05344550502398295	0.03974281426800544	0.007281968683138252	0.01597638241306139	99.8835533296118	0.0
0.08156872742093661	0.06132938903700106	0.0058108043116031445	0.017299253168050865	99.83399182606242	0.0
0.07145585302878926	0.055072435287849136	0.0037794102024840764	0.009628855177724391	99.86006344630316	0.0
0.05920434076317864	0.040000201761210726	0.009963059014032206	0.010177075459614169	99.88065532300196	0.0
0.05837722138746529	0.029668379758119246	0.005717724156609842	0.015368594922464347	99.89086807977534	0.0
0.08757171946268788	0.04461861794657141	0.005186468432231057	0.013630452772598223	99.84899274138591	0.0
0.08756453974390634	0.12629653079035036	0.008422726503349161	0.021898352651636165	99.75581785031076	0.0
0.14170052242974845	0.08655419899411806	0.03033766512276131	0.02594545502287052	99.71546215843051	0.0
0.14383496804195706	0.08756490556020632	0.024772624136920288	0.03963999163795561	99.70418751062296	0.0
0.35333431342508304	0.14266375926323857	0.011971437738678571	0.0612881772234511	99.43074231234954	0.0
0.12939364256735084	0.051700239035614215	0.00850640860142452	0.02840722160803168	99.78199248818757	0.0
0.07598654938010749	0.048837719032350804	0.00799645842875706	0.046150011087413303	99.82102926207136	0.0
0.2027856926345304	0.030459683479517316	0.002598921425813844	0.044834637364845664	99.71932106509529	0.0
0.0637954413453592	0.03755535986770034	0.006044341405436636	0.0462313785487102	99.84637347883279	0.0
0.06268429327564548	0.019803793958497823	0.004465077623932419	0.027465349788350687	99.88558148535357	0.0
0.04354633527035623	0.025264572043291043	0.012528211093245641	0.012237597859990972	99.90642328373312	0.0
0.007950237858648092	0.009361111424902157	0.0026650604194340226	0.0029015839022856695	99.97712200639472	0.0
0.011138920700982274	0.010952816308483998	0.003684923225879729	0.00134032770126437	99.97288301206339	0.0
0.0037594404340503774	0.009520896755048395	0.007813522495953901	0.0015094811533438459	99.9773966591616	0.0
0.0038373855540296126	0.006780861340607433	0.0051116504213387344	0.0015098291015447102	99.98276027358247	0.0
0.005405168650181238	0.008079847137580871	0.008145201771397489	0.002818852357193647	99.97555093008364	0.0
0.010266206252942086	0.01729252736782675	0.012980211842145303	0.0021842205068100242	99.95727683403028	0.0
0.011936599695820777	0.019782614525883636	0.009766100918639966	0.010372130898141773	99.9481425539615	0.0
0.009937822366206947	0.01756615578171174	0.0065390518287317305	0.0028228294996583644	99.96313414052369	0.0
0.002984841188305738	0.006077413283775558	0.002282401645517043	0.0026625278416592493	99.98599281604075	0.0
0.0638445602444936	0.036724377201110735	0.01438520226541623	0.031205205251175917	99.8538406550378	0.0
0.05614201761080511	0.04382963946528692	0.013058022609143726	0.025456031440975385	99.86151428887379	0.0
0.19558161233102714	0.1030498711197326	0.004735220485132779	0.0316679270812434	99.66496536898288	0.0
0.35755257010455976	0.16779667847530572	0.012985087068837999	0.05500987113071502	99.40665579322058	0.0
0.049948065417595666	0.05508036431473956	0.0065031783115676355	0.012098924536492122	99.87636946741961	0.0
0.050130021626634075	0.03327569258184377	0.006046220926274154	0.014045180312648772	99.89650288455259	0.0
0.01767194547180706	0.01940062161239465	0.005213609264400774	0.0031959352973665754	99.95451788835405	0.0
0.006946764487851164	0.02270263663126453	0.009351732288386717	0.0010609126903948747	99.9599379539021	0.0
0.00871318105824934	0.023811424561276936	0.00944450305679264	0.0006517612773625962	99.9573791300463	0.0
0.007427141141734399	0.01356413283520911	0.010285309533504858	0.0009927554428577603	99.96773066104669	0.0
0.012487087122862572	0.013806130599783303	0.007319664955247486	0.00022564856454530897	99.96616146875756	0.0
0.00857268020550453	0.017000289945677743	0.005659394753318141	0.00011847402395952073	99.96864916107154	0.0
0.00981514826985081	0.015978306426788172	0.007951542997549273	7.007462404685197e-05	99.96618492768175	0.0
0.00850786935396627	0.03805608838271674	0.00952161913647141	0.00012644169037827858	99.94378798143647	0.0
0.008318640471230286	0.01403819364843632	0.004175741334463694	9.949883234934728e-05	99.97336792571353	0.0
0.01615056241911746	0.0287512240182813	0.011665692175963407	0.0002530801903270745	99.9431794411963	0.0
0.009434657562702401	0.011902546859841831	0.007865041730665741	8.152784671480154e-05	99.97071622600008	0.0
0.009848801465257828	0.02479070362016331	0.010713844450959537	0.00011308573249774992	99.95453356473112	0.0
0.007946368208434808	0.021317295281242682	0.010967030729749656	0.0001325068812480793	99.95963679889933	0.0
0.006596088830754056	0.01982446075656671	0.0069623894349850725	8.990017422639047e-05	99.96652716080347	0.0
0.0019616993209107176	0.007702386695158188	0.004023036697918652	0.00036021297392927447	99.9859526643121	0.0
0.0025513534551541584	0.003958590899543024	0.0009306634063858049	5.9275835783659326e-05	99.99250011640314	0.0
0.010776441302669913	0.02357260030392473	0.009487684185243041	0.0005732229399302004	99.95559005126825	0.0
0.010536046228306919	0.020411478165119474	0.006495924491143654	0.0004196161139860371	99.96213693500144	0.0
0.0038682968607895206	0.01197448116435454	0.004376992698522105	0.0004249789436566829	99.97935525033267	0.0
0.010392270056694537	0.021787502783104488	0.007548777411340123	0.0007622585936084358	99.95950919115525	0.0
0.011810312525788855	0.014255995713777442	0.004983670651427864	0.0004347679049515176	99.96851525320406	0.0
0.01529698159387333	0.028936592317969082	0.007742290179858127	0.0031841874008048704	99.9448399485075	0.0
0.029901638418009597	0.00938919226596269	0.003985603682643334	0.0020993481212737554	99.9546242175121	0.0
0.06543660136503622	0.04591047117616147	0.0012620937517645117	0.004785379377797366	99.88260545432924	0.0
0.025878396143131373	0.02149542630934206	0.0031968444493358805	0.005562369392438767	99.94386696370576	0.0
0.3332883575410945	0.0981398041064354	0.019954377874385493	0.041292116607559354	99.50732534387052	0.0
0.40772571563742765	0.4587370364387895	0.009311518953571424	0.05857376954995662	99.06565195942025	0.0
0.23804810261241666	0.1905055867456736	0.0027310120790324578	0.018636199728332185	99.55007909883453	0.0
0.5125753131264988	0.3667817467856595	0.00452844938421483	0.03425351840783937	99.0818609722958	0.0
0.05341230575057258	0.07587501220038255	0.009253570282360107	0.0097313049806247	99.85172780678607	0.0
0.09192734912207408	0.08649110747841787	0.011390144361232587	0.006923597068452214	99.80326780196982	0.0
0.0853626431839523	0.030835146281842855	0.004336755999696234	0.002874016711335708	99.87659143782318	0.0
0.07900192847566624	0.043127548382427404	0.0026694593301180743	0.0031585044882569678	99.87204255932353	0.0
0.07534259974945327	0.04305329207563806	0.030159775917679817	0.0028158199216905167	99.84862851233552	0.0
0.15529798802258313	0.04614278181725329	0.0027142099764389262	0.003699215855914507	99.7921458043278	0.0
0.304433379034401	0.194668346886336	0.007326560951669934	0.0775615188029957	99.4160101943246	0.0
0.6340334033332928	0.544139646999826	0.004673234659137553	0.13878559088618944	98.67836812412156	0.0
0.6094546193066044	0.35744056555443804	0.004419884069938158	0.1661902747931556	98.86249465627586	0.0
0.6512790284356923	0.5529595073279991	0.0014503551738475732	0.1978806969982863	98.59643041206418	0.0
1.8296554822333086	0.5931190911972571	0.003215674132225689	0.7681567822902431	96.80585297014697	0.0
0.6429927790864955	0.29239784371368577	0.002122882562655648	0.3430889799927822	98.71939751464438	0.0
0.5978554582035914	0.374621143455816	0.0009495452374460607	0.29727597566240144	98.72929787744074	0.0
1.2541266167437293	0.8058832183127809	0.002714682698510972	0.4944304991683758	97.4428449830766	0.0
0.9223613641746963	0.5088406059786088	0.0014466442454073958	0.20055548209436821	98.36679590350693	0.0
0.4874143321079569	0.2587185506722025	0.001687545499104109	0.10112233002017382	99.15105724170057	0.0
0.5832681972395845	0.4831813444644013	0.000951342602073251	0.19167247536814386	98.74092664032581	0.0
0.5798235880700096	0.6374248200439993	0.0010969048414327263	0.28149132447763253	98.50016336256692	0.0
0.6337857849225168	0.7924641941103138	0.001222777506786179	0.18426897377373205	98.38825826968666	0.0
0.29177591404844055	0.2966845779714609	0.0005821122284875046	0.07585031506720584	99.33510708068441	0.0
0.8604546636915261	0.7559472747174634	0.0014154830104743364	0.11329231465637227	98.26889026392416	0.0
0.9859851746192684	0.7996372984526182	0.0016324295794487094	0.08093388511223985	98.13181121223643	0.0
0.45318606152439056	0.4913820154972186	0.0008992668317804745	0.03942745140904216	99.01510520473757	0.0
1.7259310891166606	0.46775070253952616	0.0011488595766320302	0.045078416224241497	97.76009093254294	0.0
2.1326166487703206	0.9394623117300999	0.0017049886682578284	0.09168425560873159	96.83453179522259	0.0
0.7939490417351048	0.3199175903327699	0.0008326073025732199	0.05950649803816932	98.82579426259139	0.0
1.5961236056656662	0.4015486909205043	0.0008040766960469838	0.05247071021216885	97.94905291650561	0.0
1.120969843633453	0.5015267277409547	0.0006422058120470696	0.046079847428535554	98.33078137538502	0.0
3.4230398763750767	0.8694899022737395	0.001425128970090595	0.0725773780439098	95.63346771433719	0.0
3.83499100184244	0.9240024184229543	0.0021880095637766216	0.12435639356744503	95.11446217660338	0.0
6.380102170507988	1.8773388800406725	0.0029524002604758575	0.23969218941624917	91.49991435977462	0.0
11.25261187803073	2.0587042688874657	0.004128880147549218	0.5063108638210091	86.17824410911325	0.0
4.441367897203238	1.1792214136888663	0.0017233996334839314	0.9219616160339426	93.45572567344045	0.0
6.33432376911064	3.4408484245928745	0.007644621641842716	0.7753440204895857	89.44183916416505	0.0
23.422539787440776	12.48674852956727	0.012191803972407976	2.988074137300112	61.090445741719435	0.0
12.288552650569379	3.999396248004942	0.008740484194321552	3.0244842998092816	80.67882631742208	0.0
11.413369535797878	11.154509360609403	0.006604217912746248	4.019708109734162	73.40580877594581	0.0
13.212048130539248	12.545467231749925	0.006119158865571417	3.1153246306394506	71.12104084820582	0.0
4.11585750189119	1.2382077356306853	0.0069178564834251315	2.236212004155004	92.4028049018397	0.0
3.857868833768924	1.1120542695973403	0.005457482281353053	1.1612191998305754	93.8634002145218	0.0
2.0408546438135935	1.0236143007666028	0.00834918819581547	1.61771840827606	95.30946345894793	0.0
2.155907593978946	3.038285260530196	0.020018236376033026	3.133191811789012	91.65259709732581	0.0
1.8547207227313562	5.987812107156167	0.007801877034154888	3.8658605449720107	88.2838047481063	0.0
2.0960655261680077	2.7895056512956953	0.00311783035415145	4.361574770959444	90.7497362212227	0.0
7.5161786369624854	5.660814861494896	0.008708609017183585	6.917761280819423	79.896536611706	0.0
8.118457545418936	9.490262392964821	0.015133387236132782	9.40875138460919	72.96739528977093	0.0
5.613309550372029	18.37054449064748	0.03205220194646389	9.596861033538953	66.38723272349507	0.0
8.56742171278997	5.3903372800426315	0.007990285923539486	3.979994255435717	82.05425646580815	0.0
4.623062620412105	2.408743583145996	0.005058508109889157	4.081389555069289	88.88174573326272	0.0
5.464848786815792	2.4496924997486547	0.002455482770467513	3.9200638349860837	88.16293939567899	0.0
1.8830365375196019	2.697511182165112	0.0010480408776776659	4.539418051048146	90.87898618838948	0.0
5.753671370714546	5.002082909781252	0.0091892146475531	12.029270698028796	77.20578580682786	0.0
9.863593780447548	7.996198377724116	0.010657655908642273	12.28441873387688	69.8451314520428	0.0
2.5953412419675614	5.805258030796142	0.006419059801567437	2.5497828254424584	89.04319884199226	0.0
0.7850162924681233	0.7413631242723323	0.0032918709841078383	0.7644268239126604	97.70590188836279	0.0
7.1105656721821635	1.6254453024531217	0.006268587436007296	2.124663994469585	89.13305644345913	0.0
5.016269426193984	2.291035916826632	0.01311059229169245	1.5248467578489828	91.15473730683871	0.0
8.520667158332929	8.562453337233245	0.04068495666135985	5.006866809891985	77.8693277378805	0.0
3.290830522744622	4.72401730568165	0.008451478796767576	2.617678317824171	89.35902237495279	0.0
3.186977076845896	1.534465729570449	0.01165718875198168	1.8398314201604284	93.42706858467125	0.0
6.486078325588666	1.5930766971151165	0.02421153822839039	1.4195401473321771	90.47709329173564	0.0
7.927420347246573	3.89930471779618	0.01254703339177341	0.5531056364086778	87.6076222651568	0.0
9.712571919772586	5.731310515839996	0.009935182666542286	0.420568358732847	84.12561402298803	0.0
17.297092723083068	11.306217264007413	0.016556111849412546	0.8091200556697736	70.57101384539034	0.0
6.827863386973183	8.146896723549196	0.02323201288893737	1.2313085728766442	83.77069930371205	0.0
4.5915458222525425	3.5972372508012107	0.004789467447469515	0.2896948928439097	91.51673256665487	0.0
7.739595804418213	8.5815674765006	0.029471786180647205	0.7474565922442995	82.90190834065625	0.0
60.32186616138364	8.71311684317778	0.0332961553743513	0.2744825161047835	30.65723832395945	1.0
7.269618746442035	20.540346250016558	0.07360248331721926	0.43508660068014027	71.68134591954404	0.0
3.940947445730157	15.90769033583324	0.13418756660844477	0.32325102319192733	79.69392362863623	0.0
5.910840289747815	16.62142649657194	0.30340583196217735	0.34491845382131814	76.81940892789675	0.0
2.3147270943009097	15.850620054210825	0.4181738016220016	0.16282669676246736	81.25365235310379	0.0
5.244065311374248	37.032176370831856	0.5530567781824866	0.2828804967401466	56.88782104287128	0.0
6.139735700454662	30.48129778813407	1.2866805694341308	0.5397392572113539	61.552546684765794	0.0
3.8323448708479284	52.67967046102999	1.1566335600948596	0.7150239613246098	41.61632714670261	2.0
0.6081532484631176	6.589241525540457	0.177939288183442	0.19128002565729504	92.43338591215569	0.0
3.649769761378151	24.169045566555862	1.045171560385602	0.8211344010795099	70.31487871060087	0.0
5.41692969538103	31.50707281665346	0.2352250119293179	0.5251244573507196	62.31564801868548	0.0
4.451296003020642	29.215017595293308	1.242715599004308	0.46489096770421157	64.62607983497753	0.0
2.7035885633606824	18.739216728487023	0.16340582764520628	0.41954026492286706	77.97424861558422	0.0
0.3990890648304858	2.2663383369188006	0.07218439068925235	0.10492321901114827	97.15746498855032	0.0
0.3026847032359048	2.649178162597287	0.010175092418923363	0.0548441708977181	96.98311787085018	0.0
0.8003207473058587	1.0276614036405454	0.015760166038226043	0.07720518766515883	98.07905249535021	0.0
1.099414735003858	0.5579101422057955	0.01060212448608006	0.059148792402538945	98.27292420590172	0.0
2.6465213216246806	0.38821490316522556	0.0033420043895743576	0.16793901150460971	96.7939827593159	0.0
6.293695422282607	0.6293400898127857	0.007740772324901102	0.233588708607086	92.83563500697262	0.0
8.265002442630157	1.1048910957436608	0.012610005754796802	0.5859781039376046	90.03151835193377	0.0
12.213069994894441	2.459404757970516	0.025622190890412032	1.6426609141608064	83.65924214208383	0.0
13.052625749198402	9.348393913417343	0.015434959066128458	6.542914640887256	71.04063073743089	0.0
7.61355186862792	8.322369254842883	0.017087756668895282	7.150479851964079	76.89651126789623	0.0
5.06489247037077	4.378595785438445	0.020684824326517196	14.766564438137378	75.76926248172687	0.0
7.795137365230426	7.819556254525904	0.016543942421480454	15.595171120393223	68.77359131742897	0.0
6.624610187732749	17.106595254958258	0.023180757100163926	18.959875408761757	57.28573839144707	0.0
4.994779637329678	38.550389075515234	0.03909452058931413	17.112980658514797	39.30275610805097	0.0
2.3647547659782284	6.698077944114155	0.005586553305542152	7.1478305912334115	83.78375014536867	0.0
3.875586977710461	4.215317120094995	0.007921183832766368	6.9656667748113685	84.93550794355042	0.0
3.8923900725940723	5.235213374725929	0.056434209740820175	4.7424194928170555	86.07354285012212	0.0
4.002754014188532	2.0881636168204083	0.012336357087309886	3.156941436450173	90.73980457545356	0.0
1.2032317296397672	0.7160529674325287	0.0010711504909287975	0.45726415012162436	97.62238000231515	0.0
5.702847866395421	1.3736988403215704	0.0032029450991172435	0.7002980054455394	92.21995234273834	0.0
5.986652278882832	0.9708557431438836	0.002374845332301665	0.7242077393876862	92.31590939325329	0.0
4.6937401475541085	1.9668455483296432	0.00874948390811449	0.9054262621463018	92.42523855806184	0.0
1.2256907556357801	1.529061054525298	0.005765370801236816	0.4473634285889286	96.79211939044876	0.0
7.001314506597156	1.5983267642414498	0.004259331423546663	0.5723038712617221	90.82379552647612	0.0
10.897802910084073	1.2669334387485247	0.00659759332810953	0.6387006218595715	87.18996543597972	0.0
7.81222755114388	1.943216429079847	0.1065332092689302	1.1837356890595092	88.95428712144783	0.0
4.7815684298929035	1.2179471980198642	0.0035214297927010766	1.2105918057233356	92.7863711365712	0.0
7.308585231010315	2.2182247123442287	0.0060111311474976585	1.612005788028618	88.85517313746935	0.0
3.255284512210445	2.7585823312833044	0.007225641054675764	1.4289204342375657	92.549987081214	0.0
2.326461583449204	2.088457485489241	0.0034803772168150726	2.9929785744913513	92.58862197935339	0.0
2.444457318842457	1.1943198954608243	0.0031767672130025007	1.488213478138962	94.86983254034476	0.0
5.464135507922588	0.9523265897199146	0.005917469748893715	2.175178299830288	91.4024421327783	0.0
2.993345141835857	1.2429280128106346	0.02016984222812875	1.0602308911871159	94.68332611193826	0.0
1.0142752460622204	0.384678751324993	0.005110250480518988	1.165807165107156	97.43012858702511	0.0
0.9802610952922052	0.26805572235344666	0.001542476432562596	0.8361537902444017	97.91398691567737	0.0
0.2981101806617632	0.18616350783144234	0.0009022153254687042	1.0437540219848507	98.47107007419648	0.0
0.9346642618779214	0.6476271425715193	0.0018496333611834875	2.098285657319646	96.31757330486973	0.0
5.0643255156220315	2.1876291014492892	0.003676320716333701	6.275902672070218	86.46846639014213	0.0
8.548010337864092	2.9494780563566216	0.0029707859317405047	6.656116260905823	81.84342455894172	0.0
4.506224382562277	5.053039268221996	0.004854286993066608	10.321915259758162	80.11396680246449	0.0
3.384116104800378	3.157893064566146	0.0030234725130216466	8.467994732858987	84.98697262526147	0.0
4.658517968826163	3.1038821697068903	0.002264351467361184	8.878085409136483	83.3572501008631	0.0
6.291335124738449	2.755017925344889	0.0033009211371877	5.479212970169173	85.4711330586103	0.0
16.096087703329395	2.6527385973488316	0.002930112852599221	18.40081038199234	62.84743320447684	0.0
12.461194981121155	6.210857076101325	0.005765763149974041	22.970340948795126	58.35184123083241	0.0
18.884500940550204	9.5869700290412	0.013820617521544034	33.690051621582526	37.82465679130452	0.0
8.13364719207884	7.224493156563221	0.006686963103251007	47.69086823517352	36.94430445308117	4.0
7.834154550695158	4.240688019275738	0.0028387341172386813	16.27664823091932	71.64567046499253	0.0
8.082307204073699	6.529597048168298	0.006485687380544383	28.87036873995934	56.51124132041813	0.0
17.83929046379871	8.760020672554823	0.006764142306238971	13.318533630466911	60.07539109087331	0.0
11.526840310290373	5.486869875831607	0.017590224303726965	3.1732945205406664	79.79540506903363	0.0
5.846138847706049	5.881000167915314	0.00788297088200639	8.01604343950158	80.24893457399506	0.0
7.063576035240988	5.239305524768838	0.008237366606437865	5.35540119876895	82.33347987461478	0.0
6.278212747050286	3.5106865522339827	0.00651804067499899	3.2170627177696662	86.98751994227108	0.0
9.74377502163449	9.110523664936608	0.061918540569243924	6.467445766963603	74.61633700589604	0.0
4.753551837660753	2.932416147676635	0.0017871948864710907	1.5833979140547128	90.72884690572144	0.0
10.08100595744338	6.056396459487823	0.011871848603067269	6.618476955380752	77.23224877908498	0.0
7.6775252674793775	12.382204720871982	0.004087503641207841	5.400885088960051	74.53529741904738	0.0
5.625690161647745	16.343138789101364	0.008032779328986427	3.4108082070538988	74.61233006286801	0.0
3.8938317069841757	4.8397102382822865	0.005351868011378954	2.211605055176444	89.04950113154572	0.0
6.539947262928164	7.10506612682862	0.0074285467308658655	3.7940272534918633	82.55353081002049	0.0
48.418425528485606	11.765261329227394	0.06121775247575328	2.343226290646204	37.41186909916504	1.0
2.4522607492447146	8.213476146446345	0.013069961295567584	1.624102428224609	87.69709071478876	0.0
1.1105144750959646	1.7017401097112133	0.003992359079023568	0.38616491725553487	96.79758813885826	0.0
5.200725331812101	9.505152049385712	0.03225705906557374	1.398154913831947	83.86371064590466	0.0
0.4183416390167792	0.602654978187921	0.0247378281148077	0.10117258723129156	98.8530929674492	0.0
0.5748136484837336	0.5557845698761702	0.012357525898791646	0.08135926998245772	98.77568498575886	0.0
0.21789816199053966	0.507300531543707	0.013781701702273223	0.04569972800967096	99.21531987675381	0.0
0.48190595350586707	0.1291651246703847	0.011817969835034088	0.0872064849318601	99.28990446705686	0.0
0.16631241153124982	0.10693220843168157	0.0113721318249309	0.017565841324720752	99.6978174068874	0.0
0.07428065568617315	0.03783690216134375	0.009336526399743398	0.01115917718652299	99.86738673856621	0.0
0.021188132742566257	0.039858145635101885	0.004731004263891241	0.003763646120466259	99.93045907123796	0.0
0.08566655108089322	0.0318818285077513	0.007000695898054651	0.004138954787408281	99.87131196972588	0.0
0.3817867896892085	0.06463518543592771	0.0049473265301710236	0.010865557022609511	99.53776514132208	0.0
0.10047868220808388	0.0840527073353141	0.0019135092001102744	0.011047416129561328	99.80250768512693	0.0
0.14370677227176415	0.11037284167823619	0.004773067326648714	0.022453187727963963	99.71869413099537	0.0
0.25640485825068704	0.6504552021537422	0.01276183981436205	0.056925311706956784	99.02345278807425	0.0
1.0196478840923449	1.1808033620457834	0.00416281866319505	0.38691951455761653	97.40846642064106	0.0
1.0564671813010509	1.6702867542322586	0.0016853110804444247	0.838320504493713	96.43324024889253	0.0
4.398090123859426	2.184569125371293	0.0027562253624463773	1.5855170760032535	91.82906744940358	0.0
3.1465169209192205	1.4189682380291164	0.0016993275715287335	2.310276804473167	93.12253870900697	0.0
1.4670891024571329	1.6508292574247185	0.0022985388190579943	0.7046528332519688	96.17513026804711	0.0
3.7676794850759996	4.104024273556372	0.008105770200575962	1.0289913750715114	91.09119909609554	0.0
0.9867230217349903	2.5576856584998207	0.0029500998828042154	1.7638654275090597	94.68877579237332	0.0
0.8847844625446579	0.6534578676506657	0.0010494938612380619	0.7532683806035437	97.7074397953399	0.0
0.7696919860658327	0.8828680488295928	0.0011390331168319027	0.2641436610539554	98.08215727093379	0.0
0.5513891591412838	0.46503570372883374	0.0006935377014144633	0.30541641631346417	98.677465183115	0.0
1.5027450977151535	0.8664778244899758	0.0012739201598430255	0.2546417735704716	97.37486138406456	0.0
1.157034215165088	0.4264738336910092	0.0018370707438592556	0.2117280267240219	98.20292685367602	0.0
0.553142992237757	0.2545356972546186	0.000691886339869637	0.05660919430773981	99.13502022986002	0.0
0.2938848840486331	0.22467897633049536	0.0012574791389667194	0.06905945034662414	99.41111921013527	0.0
0.6193850924707652	0.7119920358713139	0.001088401528127898	0.09751892548923104	98.57001554464057	0.0
0.5323624899476306	0.47507318287957834	0.006397265578010251	0.10402926818358171	98.88213779341119	0.0
0.05751413679625588	0.01693795250158659	0.003631584367768117	0.00463610200065042	99.91728022433375	0.0
0.13453957236329647	0.062251891703023435	0.00347800564801333	0.006048008648232234	99.79368252163742	0.0
0.206462071269653	0.059989316570191006	0.005408043440489582	0.011934288801445071	99.71620627991823	0.0
0.11561164863337267	0.07062371680454867	0.001664651128095379	0.00814243657348645	99.80395754686049	0.0
0.2651028310053202	0.1381250367014709	0.004876496950291709	0.027364347463567248	99.56453128787935	0.0
0.19178867725192678	0.1705234032204227	0.0023990852612583106	0.03144238186130605	99.60384645240508	0.0
0.3192531387385344	0.1587828992296571	0.04184643397153281	0.16552295296027894	99.3145945751	0.0
0.8320207863357915	0.3391006505317392	0.026093349985465863	0.3307781509661421	98.47200706218085	0.0
0.13480622580846988	0.1129472009762241	0.014272304597990578	0.06804826542705289	99.66992600319027	0.0
0.0946974341763355	0.050475625434515864	0.036057875060860715	0.03611313190750992	99.78265593342077	0.0
0.07037895438330555	0.030363813328316565	0.005263948312663015	0.006743828908194923	99.88724945506752	0.0
0.11127149817887949	0.07083824946365809	0.006526731257253704	0.013512853574798221	99.79785066752541	0.0
0.17605442403776358	0.04402196771811673	0.0034053768250514723	0.006811265676406953	99.76970696574266	0.0
0.4809112955921794	0.16865072376460707	0.004864317258426024	0.020419993144967476	99.32515367023981	0.0
0.5997561433929294	0.4009714165049266	0.022673866894045977	0.04241649219177601	98.9341820810163	0.0
1.1222327936635086	1.144390206437142	0.010640561788744767	0.1930376880682711	97.52969875004234	0.0
3.015981138928397	3.7439899776588543	0.022634746274311057	0.36313590550554337	92.8542582316329	0.0
1.93479149810222	1.3902922904616415	0.005281703370417763	0.4006291066406803	96.26900540142505	0.0
2.2738792542377033	3.0155923600145575	0.0033595282916773104	0.7934843623623834	93.91368449509368	0.0
1.3630325750630927	1.3968108865964108	0.0048143225017444	0.6615465485621258	96.57379566727664	0.0
5.245428858166446	3.009822566293319	0.009797519879411956	1.4468351348678041	90.28811592079303	0.0
3.6693193515117946	5.531587633244847	0.014957014225964866	1.2037451671821768	89.58039083383522	0.0
4.002890916294521	2.0618070706831677	0.0036390932516554755	1.078759565186591	92.85290335458407	0.0
1.6900514733431908	2.304875536113881	0.001932430834863727	0.669903353397386	95.33323720631068	0.0
2.4483948387409393	3.2311136779269902	0.0031855655202104173	0.931749002584292	93.38555691522757	0.0
1.7640646567202358	2.259622618402321	0.0016772329848290075	1.0586611113975049	94.9159743804951	0.0
1.9289698836661602	1.7354290323096155	0.00239786638904116	1.53713470216967	94.79606851546552	0.0
1.7342064666742822	1.5795422802334707	0.0011221631767231895	0.5984517915305464	96.08667729838497	0.0
1.921743544157393	2.2624984839678053	0.0031028408847476097	0.6138531894261388	95.19880194156391	0.0
1.1971103434083288	0.6020356378959036	0.0019723298043287213	0.3040908858158791	97.89479080307557	0.0
3.684138540341693	2.6488979658369685	0.010422456699866568	1.758118470762733	91.89842256635873	0.0
0.7350992105352107	1.7931270419556031	0.0029340061495645906	0.6079802078274283	96.86085953353218	0.0
0.4383182577447128	0.5146003047096438	0.0021851873235681244	0.14448867087352607	98.90040757934855	0.0
1.480626009204753	0.5714008156845588	0.004482917232367859	0.3271215249863797	97.61636873289194	0.0
0.7902026628222857	0.2736255861888424	0.0035235897024859793	0.12789372123891166	98.80475444004747	0.0
0.3902577366234175	0.4195137435891747	0.006976421400256503	0.16964343199068785	99.01360866639646	0.0
0.02825697871148961	0.03206543114151273	0.0044387939651101055	0.013656562030643214	99.92158223415124	0.0
0.043197226337976485	0.05963106440532238	0.013919622638949039	0.017210640139357143	99.86604144647839	0.0
0.1371658716061278	0.05400541079622382	0.01112268596549278	0.006577124068894557	99.79112890756328	0.0
0.041319360731943616	0.056618817759622894	0.005749258943374442	0.003660020205787517	99.89265254235927	0.0
0.04012728100360239	0.04126393455737336	0.003857348933984361	0.004534567023443086	99.9102168684816	0.0
0.06095430274595899	0.07622759043349897	0.023499353385236753	0.023850183234473757	99.81546857020084	0.0
0.03208416326210746	0.030013250022564393	0.004369167543899924	0.0035834107371874773	99.92995000843425	0.0
0.15314039091465723	0.09048102435275113	0.011692634172779024	0.020800349158338234	99.72388560140149	0.0
0.18286600866702438	0.07488869607052552	0.004660282527107941	0.031639462426726495	99.70594555030861	0.0
0.3115905018037677	0.11042289401877732	0.00347287349235811	0.141161228486508	99.43335250219857	0.0
0.2898809742279725	0.2894230428160963	0.00263057681292065	1.2466105728386891	98.17145483330432	0.0
3.012465045986559	2.1591870945664415	0.005048789757382023	5.151668189582563	89.67163088010705	0.0
2.1422372447383915	2.37357727493149	0.00262943085341953	6.045466605295332	89.43608944418136	0.0
3.5872811114533785	3.1103876835578954	0.0030799458521808014	6.189189827392475	87.11006143174407	0.0
21.099276529718082	5.933669718684671	0.01056099300476324	7.334512542870712	65.62198021572178	0.0
14.018136414931966	7.141724496115039	0.01302259111194715	11.296613960034458	67.5305025378066	0.0
9.112078094629718	6.214206153165688	0.00804948935799589	4.744112299919066	79.92155396292752	0.0
5.080339537619884	1.6784974123502772	0.0029804220658118333	2.404669995885082	90.83351263207894	0.0
6.5447970485593014	3.3612846036744997	0.012424013384471062	3.033556862405708	87.04793747197603	0.0
6.2413205363637925	4.269673989831543	0.004158466837117396	2.2740587684752227	87.21078823849233	0.0
4.660580174844753	4.726523647780748	0.002945704295439856	5.401124442458608	85.20882603062044	0.0
2.7097159202860595	1.7999757455520293	0.0029304686552068335	2.824771059684034	92.66260680582266	0.0
3.236837585078129	2.686992655357433	0.0034653231609248106	3.576616709564783	90.49608772683874	0.0
3.750464373364289	3.4900670653739976	0.002791422576275903	4.962829545533477	87.79384759315195	0.0
1.1173800271040755	2.612428453397824	0.002017906495401869	3.3694206108013462	92.89875300220136	0.0
7.171699228423348	2.045461255760561	0.0034641706339846893	6.792851228960596	83.9865241162215	0.0
3.142475412853026	2.197352391418337	0.004020712212208638	9.617429564584414	85.03872191893201	0.0
2.577182880985298	2.7483227060919297	0.0032313879584361833	11.311086376346655	83.36017664861768	0.0
6.502235566115722	5.600751952198745	0.010050495287008692	17.012242537694018	70.87471944870451	0.0
3.927167694996181	3.5422859520982635	0.003994940885509719	5.907957462654876	86.61859394936516	0.0
3.4274981357899486	1.5363132829770196	0.005424573286662488	3.687968492726404	91.34279551521996	0.0
1.1878323608648043	0.7751688478702031	0.0011652843689022095	1.3081669072103916	96.72766659968569	0.0
1.7956703781356522	1.724771870558962	0.009419515700893909	2.092308000407907	94.37783023519658	0.0
2.205205745942202	1.8059402435460274	0.002634003778501799	1.6439270613659913	94.34229294536729	0.0
1.2077837208482651	1.3904941613824118	0.0012675044216192953	1.0796857907577035	96.32076882259	0.0
3.4960752323152615	2.922653277096503	0.0035486768827555294	2.5047838268655345	91.07293898683993	0.0
2.3329377197311945	2.2668945565276823	0.003300576349990717	1.5941102939729452	93.80275685341819	0.0
3.106322053991294	1.5545999743005365	0.002316696831713945	1.0104828535732768	94.32627842130317	0.0
5.342577373227975	2.9931025814082224	0.003136894166286348	1.606639834350862	90.05454331684666	0.0
5.851589623163508	2.776361167403952	0.0044448941667959065	2.157693461626502	89.20991085363926	0.0
3.470086204513055	1.4114816939476371	0.0027027404168156253	0.8895206889243423	94.22620867219817	0.0
1.7657197505810365	1.450074713813529	0.0024259776532910417	0.623331222879796	96.15844833507235	0.0
4.400668118299224	1.295728854923043	0.0016280027515504242	0.3155220933123159	93.98645293071387	0.0
9.657120864752706	4.495783913184423	0.004221306084709356	2.3332175894734473	83.50965632650471	0.0
11.03734396273805	2.6791935793266517	0.006372348453357918	5.134427018276848	81.14266309120511	0.0
24.58387297546795	4.308325566030479	0.009981986899058647	5.7371173034417975	65.36070216816071	0.0
17.055707103270578	13.745297140523219	0.010659761039397614	6.423477749699281	62.76485824546752	0.0
14.691884231148961	7.70431105042894	0.011942565571351203	5.623627355520779	71.96823479732997	0.0
19.672966856038656	7.42693468921993	0.010195340715429171	9.312441689287247	63.57746142473874	0.0
28.800197435285757	6.292879309349708	0.01475700283881287	7.292719261121078	57.59944699140465	0.0
32.179111495199976	13.179487758826156	0.03696168858942966	9.855175362620026	44.74926369476443	0.0
18.20302985163913	9.268322801110184	0.01775993541190083	5.736877577940978	66.77400983389782	0.0
8.999609103296995	16.978922001266206	0.010093355119704637	3.84524394829473	70.16613159202237	0.0
16.962717859429414	7.117694609968267	0.032719204908571775	5.029418723820647	70.8574496018731	0.0
26.908660903172045	6.503978805463451	0.025138994997156917	5.080127238808332	61.48209405755901	0.0
8.313657982822855	27.715523046198786	0.014159663674268946	3.9842317207614366	59.97242758654264	0.0
24.863738180634236	22.508339202251896	0.02756984546288946	11.41754069367171	41.18281207797928	0.0
22.578212178631254	18.17684935918561	0.037791094252756695	21.09471416344553	38.11243320448486	0.0
9.825779556711902	52.71341086910147	0.019013561379877718	11.467970508141837	25.973825504664923	2.0
8.827405400356456	25.477742574467122	0.029342070116269454	13.294428687346658	52.37108126771349	0.0
56.720958057423566	20.649273316437572	0.09705849390107103	9.21178343910764	13.320926693130145	1.0
7.574511218499475	54.54289470731122	0.11680602013763916	3.8960420622543097	33.86974599179736	2.0
5.119465697717529	70.60558859315708	0.1653371143594348	2.774688047365598	21.33492054740036	2.0
2.3308768945040272	81.30671960224447	0.024057143608814946	1.1317965780780366	15.20654978156466	2.0
8.400582992393227	52.41581855122446	0.14541417594236233	3.017064100877452	36.0211201795625	2.0
6.346759653282804	67.65254493027197	0.10467415290398513	1.283731711634689	24.612289551906542	2.0
10.943214296035107	61.457239110378445	0.2787631010644801	1.9429705585379462	25.377812933984025	2.0
8.813984293752805	50.93037822947396	0.41691718830751756	0.88463881865809	38.95408146980762	2.0
3.216722456972121	92.0427888482883	0.1439913503886938	0.2706438894021003	4.3258534549487875	2.0
2.2179117243280584	79.83143721627754	0.18337781772413825	0.5270011770476475	17.24027206462261	2.0
3.7191477848904917	79.2413511705377	0.5460612558817148	0.48519596063211523	16.008243828057957	2.0
2.84468184927756	60.035381594095824	1.5144135925881237	0.6463274760660909	34.9591954879724	2.0
3.3170963633181825	80.86826396778187	0.6260809909660383	0.4338372441885353	14.754721433745367	2.0
3.9261238168182366	76.2285585236149	0.9035253811665086	0.3307965911593637	18.610995687241	2.0
1.728819660749742	88.24171401310396	1.7296550556137287	0.25382470912857097	8.045986561404012	2.0
1.1082435103026094	86.91945852613706	2.951192638180128	0.2131730571917487	8.807932268188459	2.0
1.1074779667084538	91.62652008307805	1.8154572724525562	0.06989073751280686	5.380653940248131	2.0
1.4280586000445066	80.5034955248575	4.693541941201849	0.09850332215282963	13.276400611743297	2.0
11.064608767799424	61.1390096314214	4.020488542065981	0.1168051957513264	23.659087862961865	2.0
1.3316136731307116	62.164214282490214	13.200927770338566	0.09500781622424632	23.20823645781624	2.0
2.5659553744103065	52.39221448140848	10.821497916029774	0.11780177200385472	34.102530456147576	2.0
1.080721601819247	50.05726009439808	12.029423321588837	0.046054316537523274	36.78654066565632	2.0
1.0694054555681014	18.975613939628673	10.542629543685408	0.05726681266838065	69.35508424844944	0.0
1.881718139384403	24.82847108985699	14.277358142704557	0.10295487935328557	58.909497748700765	0.0
1.319609734506597	18.26001338125271	6.806768345017752	0.11947995284585018	73.49412858637709	0.0
2.1537621982506896	22.06370951639407	12.045194634008045	0.1000613707970191	63.637272280550164	0.0
1.123531822600384	25.01983497689676	15.62235628172027	0.1151636992353777	58.1191132195472	0.0
1.1247803109475771	22.732995493492105	12.72320448942832	0.13702116846259607	63.2819985376694	0.0
0.9572909156386056	24.35637517247626	19.439473319193684	0.12608797361360113	55.12077261907786	0.0
1.0824569521759027	20.966033137878995	14.777900987987081	0.03525763752961525	63.13835128442842	0.0
1.2636418969674548	28.349499155160213	27.826920423989655	0.03708893290878542	42.5228495909739	0.0
1.6039873199711532	21.054823807276186	10.987024120635043	0.04533469853274437	66.30883005358487	0.0
0.7563185248774857	33.84785270280105	15.12052631318619	0.02976011424663845	50.24554234488864	0.0
0.4773421315224425	21.231810112360446	10.460974571616918	0.023095366271556353	67.80677781822864	0.0
0.2816929585930299	25.48533574448854	9.890310970587175	0.03045077119341318	64.31220955513784	0.0
0.4679764925134908	19.065930027351467	17.267281799448135	0.02837681434542493	63.170434866341495	0.0
0.4747460579699956	32.73996184186521	24.886002845058886	0.0478214866427095	41.85146776846321	0.0
0.3954587033491364	47.281229477054325	18.868092867539033	0.045904193579576064	33.40931475847793	2.0
0.20139603493731514	21.57563866902325	18.825386259187972	0.06498826223897584	59.332590774612484	0.0
0.23476008378783042	18.409807497238383	15.760338150740896	0.047198760134383476	65.54789550809849	0.0
0.24513506251906733	12.776486441018289	4.452309491075039	0.049208563016139586	82.47686044237146	0.0
0.181761855548219	18.961609167473874	8.925400398768321	0.04109019495686798	71.8901383832527	0.0
0.3249732090329178	27.233092530616943	9.602335776208697	0.03960936836978404	62.79998911577166	0.0
0.30559913448391457	25.88177084929381	11.284714153309498	0.03073910884196137	62.497176754070814	0.0
0.18337362557620454	20.70600521066024	10.109112030602486	0.027764434823086787	68.97374469833797	0.0
0.33487019078109914	26.020184347083664	10.646012316330275	0.03741470749196922	62.96151843831299	0.0
0.21395388705756982	20.784892059633112	10.93275472062242	0.027890161596065523	68.04050917109083	0.0
