N1	N2	N3	R	W	anotaciones
0.002843724211993171	0.0023829805067314995	0.00023824461607536743	4.546051320777212e-06	99.99453050461388	0.0
0.021998895223392354	0.0023004313451276117	0.0003147529475944403	3.3877464465576115e-05	99.97535204301941	0.0
0.01818602315479002	0.005942707000358176	0.0006791718457464419	4.190046371861605e-05	99.97515019753538	0.0
0.04898174027063746	0.015885878212276064	0.001527458713124442	0.00011268315703368173	99.93349223964692	0.0
0.027826811816439628	0.008909351261108873	0.0007231574554169799	0.00020521514059030323	99.96233546432643	0.0
0.10035801250579177	0.017292267975385897	0.0012425001327550397	0.0005323449096297166	99.88057487447645	0.0
0.17957357618418726	0.058242186911017395	0.003972400424286535	0.0006424477226465137	99.75756938875786	0.0
0.04992149664937174	0.055152378490805114	0.0061233607819627806	0.001143601205170395	99.8876591628727	0.0
0.14801484376248908	0.07976317184139982	0.006796686660661216	0.0033414722033685666	99.76208382553207	0.0
0.11962442286109652	0.12182887637718713	0.004914406994520839	0.006506849346647774	99.74712544442055	0.0
0.38552156641830443	0.4197242339406204	0.020390606241775903	0.020588082659342248	99.15377551073995	0.0
0.2625957827133145	0.4808082723035778	0.02557684646362072	0.0130259305828714	99.21799316793663	0.0
0.14854266366615135	0.17305585110173988	0.02300007418652235	0.004524984995917672	99.65087642604968	0.0
0.6265333722890097	0.4457392208994229	0.06693567933024853	0.010912392390535243	98.84987933509079	0.0
0.5951363146274137	0.3710949315009367	0.08216809015025192	0.022020097028458634	98.92958056669295	0.0
0.0713900670392113	0.03316559013867209	0.016458236888415155	0.002205708140020623	99.87678039779368	0.0
0.12624462168335698	0.044801283901620824	0.009497548849742772	0.004099257185080276	99.8153572883802	0.0
0.09022363427118792	0.037927494941542156	0.0047085708142998815	0.003159787166736237	99.86398051280622	0.0
0.34767704437713365	0.06577753515210706	0.00708378886568667	0.0008548453153292461	99.57860678628974	0.0
0.10146257150303077	0.17458111346698854	0.013737886480839897	0.0013990099054334742	99.7088194186437	0.0
0.16525571824594731	0.24046252136138468	0.013253867841964004	0.0013585183640882287	99.57966937418662	0.0
0.20957288773946742	0.45242681950657004	0.01598819489793052	0.001728796502890116	99.32028330135316	0.0
0.3236028626467423	0.3465321702690752	0.00835185356284729	0.0014411044167138378	99.3200720091046	0.0
0.3574434340329806	0.5157621428566165	0.01205664203012022	0.0019673603828627173	99.11277042069742	0.0
0.15537829590586735	0.5438317949208895	0.022389582608379796	0.00207321334621825	99.27632711321866	0.0
0.38839944738627086	0.20733485504103158	0.009906538462293092	0.0009684318333628153	99.39339072727704	0.0
0.3316670966684618	0.6005160567532303	0.012138486544590373	0.002272350663977336	99.05340600936974	0.0
0.14423191402785665	0.1020242828444384	0.0034544387561448414	0.0008899605758050273	99.74939940379576	0.0
0.15515011676966073	0.06895158053752139	0.004702530132756485	0.00082652650302605	99.77036924605703	0.0
0.23941402761088348	0.11672191763149292	0.0030472183479203874	0.001422177478880366	99.63939465893081	0.0
0.11043286051131838	0.048369195025016534	0.0014920150940139797	0.002781928278750449	99.83692400109089	0.0
0.02371522215203838	0.023605256737114538	0.0012448266762574835	0.0013782758414188027	99.95005641859316	0.0
0.02335392586382947	0.052875773655680615	0.0013599854429286737	0.002069991263639266	99.92034032377391	0.0
0.18830723860255577	0.07931482452451775	0.001632047026570783	0.003276655875944946	99.7274692339704	0.0
0.09342544118981026	0.11015060424008416	0.0031690549426287816	0.003056874639194785	99.79019802498827	0.0
0.0526511058665047	0.0662004598520004	0.0009119047828561833	0.00505004908261079	99.87518648041603	0.0
0.0479809785833765	0.037614204063122054	0.0038854740139241503	0.0013391431824150031	99.90918020015717	0.0
0.017427389295778573	0.02501751430203437	0.0012561228162188184	0.0014424572421735415	99.95485651634378	0.0
0.038657664921910986	0.02461778704083463	0.002637607713699031	0.002109158255758594	99.9319777820678	0.0
0.03675558885693831	0.042672491769449164	0.003944065187595844	0.00228297098664323	99.91434488319936	0.0
0.17247577333320355	0.19413336600776984	0.009889243215953556	0.007326311888698772	99.61617530555438	0.0
0.13328917289994116	0.10594878063610227	0.00793179231056573	0.0025394022312784253	99.7502908519221	0.0
0.11509588836436228	0.25370765107628357	0.015420870850240248	0.004388440052960197	99.61138714965615	0.0
0.03291569754597273	0.09739607268211951	0.010130672772045348	0.0017559070960549328	99.8578016499038	0.0
0.20465257158682462	0.28369292210421043	0.029219200579014375	0.0032135969128331884	99.47922170881712	0.0
0.1258897013073505	0.09857308754607078	0.009219355587236426	0.0013296614097445423	99.76498819414961	0.0
0.028105610082746514	0.027373930430029926	0.005866523324123807	0.0005849996961181483	99.93806893646699	0.0
0.1687041285471939	0.10016821049569978	0.0052757547470353465	0.0019320597993805505	99.72391984641068	0.0
0.3036691242314061	0.08324048956759289	0.00944256629500871	0.0032606081490116927	99.60038721175697	0.0
0.10679597406046987	0.10167090309243354	0.012158734357107594	0.0013322995508916542	99.77804208893909	0.0
0.2557888603482912	0.16088944617836573	0.005679496475606401	0.0019977052151566137	99.57564449178258	0.0
0.03125416371720747	0.07637595738106141	0.0023257589481110175	0.002195641847820988	99.8878484781058	0.0
0.029649365454368574	0.09561917112915354	0.0027950540889113413	0.001956570026158084	99.86997983930141	0.0
0.5400863609011433	0.2662046898551926	0.0035253145104719454	0.005913984827427502	99.18426964990577	0.0
0.054717143130261985	0.1314759983337074	0.0024861677781387167	0.0018467607786007583	99.8094739299793	0.0
0.0882565795519994	0.12164613549506134	0.0015428548161092986	0.0014090163319104873	99.78714541380494	0.0
0.22279151005251846	0.29644881353757513	0.004933695737556283	0.0021525423495720587	99.47367343832276	0.0
0.08030949315908083	0.18460759950259872	0.00400919649774399	0.0024342723405663584	99.72863943850001	0.0
0.32254761228809165	0.4809717794117204	0.0034607817536050356	0.003910085572368228	99.18910974097422	0.0
0.1288383203618145	0.1549136426156371	0.005068695609548718	0.0019398072566401265	99.70923953415635	0.0
0.34695426463153023	0.18049638774093993	0.008942411096368256	0.003191620676360091	99.4604153158548	0.0
0.2624456465149109	0.23430411780550525	0.005735375150333769	0.003893988271101519	99.49362087225813	0.0
0.28830443232874114	0.06758680646445704	0.0015763550522342332	0.005452058480394328	99.63708034767419	0.0
0.1516451783643997	0.06811154997466233	0.001208906717577402	0.008567654160491732	99.77046671078288	0.0
0.09158451487485077	0.03173274090700719	0.001926190599956718	0.0025507964397721416	99.8722057571784	0.0
0.21050478281197496	0.09860624577361968	0.0041047738378175115	0.009694691686710173	99.67708950588987	0.0
0.21072367487745639	0.08960926740536486	0.003125655151817303	0.0068459848448365656	99.68969541772051	0.0
0.0544254037734638	0.016920733632527815	0.0009292832626677079	0.0022410228231575747	99.92548355650818	0.0
0.16549736483911934	0.1349376627855932	0.0019332287722438075	0.0059099757913034625	99.69172176781174	0.0
0.3014262870810051	0.15623161655259343	0.002452228606703127	0.003914317077471104	99.53597555068222	0.0
0.33619570429535145	0.13841299004033789	0.0032517365194854085	0.006281140245456069	99.51585842889936	0.0
0.0754131988533024	0.07597315875704416	0.002332198471643942	0.0031456363734782763	99.84313580754453	0.0
0.28135777305031956	0.19114756705046765	0.004084409008734323	0.008895712388530158	99.51451453850196	0.0
0.7100825255882595	0.3845403517663526	0.008287978271497066	0.021594514417339405	98.87549462995653	0.0
0.36271248522504623	0.3254002515055182	0.004944874137674171	0.019862147182782116	99.28708024194898	0.0
0.6797963220310175	0.47805021241852114	0.007059029348043339	0.014521287609378215	98.82057314859306	0.0
0.6995282757603184	0.37349335231595987	0.0038559272023997344	0.008388372803207995	98.91473407191812	0.0
0.25988962278647887	0.2476064263499292	0.009332054216831039	0.004112015455534977	99.47905988119123	0.0
0.5515210636927433	0.3699483011478719	0.009232721804772484	0.008171398034397708	99.06112651532021	0.0
0.19729774943388856	0.16645583947186765	0.004785316269711427	0.0030090224293761645	99.62845207239516	0.0
0.13063861710771316	0.1580615139298321	0.007690886431576952	0.0035531109594005208	99.70005587157148	0.0
0.5592845909004723	0.2787048953908469	0.004996152176840236	0.002641991676545181	99.1543723698553	0.0
0.3041603589813446	0.15787719630127556	0.0023491450637542523	0.0018481066708279494	99.5337651929828	0.0
0.9239433155523632	0.4477764654025651	0.0030026151115348514	0.005535356149221591	98.61974224778432	0.0
0.333220697816186	0.26251394047213594	0.005098130433015374	0.0026347493017086976	99.39653248197695	0.0
1.250752567286501	0.508854452220531	0.005351730200410572	0.012285842327919665	98.22275540796464	0.0
0.4574105817739229	0.16876420156004185	0.00870651851087152	0.00318530267962026	99.36193339547553	0.0
0.2648355383588679	0.26037462371104075	0.0057571739851630666	0.005331520749583411	99.46370114319537	0.0
0.3109932534830544	0.1603205219195606	0.006034379308842942	0.0037191829977145235	99.51893266229081	0.0
0.1261109635546863	0.07790301090385131	0.006437232808522037	0.004064878849737246	99.7854839138832	0.0
0.08489362389509068	0.04597716597281877	0.004457506608949732	0.0035709302461687485	99.86110077327697	0.0
0.5306023908172061	0.12665051855597576	0.004666558194774907	0.011000431977566444	99.32708010045447	0.0
0.03347965556562157	0.01962051841160618	0.003511290471923317	0.0023639045041597855	99.94102463104669	0.0
0.022158037320043986	0.009662717007691017	0.0016200904698157204	0.0012977979656087013	99.96526135723684	0.0
0.012875702133719578	0.0036932392676563668	0.0015425018649958878	0.0018061401538246777	99.98008241657979	0.0
0.039625481966369586	0.029925706988888	0.0014148349445324117	0.004692135267454059	99.92434184083277	0.0
0.07909880133410237	0.017361583519648754	0.0017386314594737863	0.0075150382380644205	99.89428594544871	0.0
0.036507697981833155	0.024644219636883877	0.00573732656514034	0.00341092961697309	99.92969982619915	0.0
0.15550999691583198	0.1938050960542371	0.005496586096568298	0.052673043264549864	99.59251527766882	0.0
1.3532247779542883	0.8091832598645236	0.02976532609919913	0.16496331655590052	97.6428633195261	0.0
0.0713603862074729	0.04468169647379317	0.004262044405972644	0.006960818870120675	99.87273505404264	0.0
0.21712927364775145	0.04652382357710769	0.0057413893825335694	0.005836972639723116	99.72476854075289	0.0
0.09906564969712388	0.06339158664995845	0.002742754526037386	0.0163957589843802	99.8184042501425	0.0
0.1954611131866004	0.2002746273543083	0.006570892464002191	0.04101467931418305	99.55667868768091	0.0
0.518951356242395	0.12299254367416704	0.006931291057205918	0.06396986129102247	99.28715494773522	0.0
2.556109205129763	1.9307921287023813	0.06339425151485946	0.3731372597037524	95.07656715494926	0.0
2.1385218678554194	0.9564226551560532	0.04691238236045217	0.13002003284473537	96.72812306178334	0.0
3.755243181062405	0.5676089683338736	0.013231409787831078	0.06542525462713181	95.59849118618875	0.0
5.278929247883313	2.7003160591628115	0.0312902580640119	0.3053177916180803	91.68414664327177	0.0
0.08404558306028391	0.13653850716292784	0.0033737591461632972	0.007160661202882892	99.76888148942774	0.0
0.24461186507348104	0.09464175127518172	0.0021273174915405354	0.05121667428036572	99.60740239187943	0.0
0.6387337645655516	0.15420789088362322	0.0034751556592832493	0.03854067144138023	99.16504251745016	0.0
1.1545335300417454	0.17709966685334352	0.006013271000911313	0.07026578690672501	98.59208774519728	0.0
0.8200632554564314	0.2762855624479331	0.006818696978873752	0.07301292731262315	98.82381955780414	0.0
0.8837797264311782	0.21601330052633608	0.01217638929322185	0.09829633052927068	98.78973425321999	0.0
1.3563224147555346	0.17210690800617998	0.007894125021200567	0.04993171665516839	98.41374483556191	0.0
0.3367857996396775	0.12934443158492448	0.00763868575889476	0.029997361464446183	99.49623372155206	0.0
1.624107678208958	0.336883268280915	0.010977645792832173	0.13993001962048995	97.8881013880968	0.0
2.7317598906974037	0.33980431445386533	0.018788129614411526	0.07275944010873356	96.83688822512558	0.0
1.5340944390336329	0.7143809427992026	0.019057608923993455	0.06771345115232436	97.66475355809085	0.0
2.3737493883079943	1.3633054380509195	0.011976044185211109	0.0885658976653773	96.1624032317905	0.0
5.431107316431642	3.1554711088368443	0.018686850224460778	0.29577807523242544	91.09895664927463	0.0
2.764977848000208	4.730954463753576	0.034099981776313126	0.30583029346214835	92.16413741300775	0.0
4.826842699521084	1.6840477970523466	0.01950155416798826	0.3925234803861821	93.0770844688724	0.0
16.44275975617911	3.645028999507093	0.052627124708004756	0.4042089428429422	79.45537517676283	0.0
15.65773872670114	16.180885397920644	0.7229730806457492	0.5669780309054108	66.87142476382706	0.0
14.234804321968397	25.011909423027678	1.7041590652898346	0.8629746774160328	58.186152512298065	0.0
21.655576283118034	36.83034346947428	0.6497347599750164	5.220517961611878	35.64382752582079	2.0
7.492220892283609	36.07028678890021	0.9544261813762951	3.403872718348982	52.0791934190909	0.0
54.55267967962511	29.089640749370304	0.3042627234970625	3.0610581718703767	12.99235867563715	1.0
4.137219964538832	63.949523263850374	1.1814804894523043	3.68075195065067	27.051024331507804	2.0
4.308542456419218	61.69990771542309	1.6803939396780498	3.8601823997594784	28.450973488720173	2.0
3.191530452505714	67.80697296965621	3.3246963063472896	3.088752896280287	22.58804737521049	2.0
4.253304168703001	59.831432181827616	2.8210974662678354	3.8516513824585976	29.24251480074296	2.0
2.164381281393781	73.84323017065519	4.686686819100908	2.0397515216240745	17.265950207226062	2.0
7.292406941652987	61.662407651965445	3.236818626623208	3.2218054412841477	24.58656133847421	2.0
2.9343762831148466	76.24238882284882	3.807672150867953	1.8811901335544425	15.13437260961394	2.0
2.511479917346933	73.4107862858668	1.460732436196534	3.064868028258087	19.552133332331636	2.0
3.0124443625998762	67.04548314829142	3.124172978082059	6.948138979444404	19.86976053158222	2.0
3.8974428309985045	46.82854765754817	2.358071555915419	5.1247989140405	41.7911390414974	2.0
3.8726219638477666	42.38264359285238	0.37667128249019644	7.736798077382311	45.63126508342735	0.0
3.1967955498965597	50.43768442324783	1.0933646112484567	11.580979717729507	33.69117569787764	2.0
15.526893754260287	37.36741375578668	0.4073653348029301	16.093104398334585	30.605222756815532	2.0
9.396487344170772	20.202360789490914	0.16207971741549324	15.389382717078101	54.849689431844716	0.0
8.352748615596916	25.31710192598473	0.2763290195098856	24.789547070144273	41.264273368764194	0.0
3.9721222342929288	9.20990310495211	0.07516454651931762	16.006502458417575	70.73630765581808	0.0
3.4894405308434533	9.761623402937705	0.03405472626205726	5.379242023346073	81.3356393166107	0.0
4.08680127704718	4.949764697854906	0.05262716401231314	5.657515136033251	85.25329172505235	0.0
4.439500924770205	3.8843150079598487	0.026970345304983982	7.938894271361602	83.71031945060335	0.0
6.674555760199219	3.807301387488196	0.02527155054302801	12.56473747853045	76.92813382323911	0.0
2.4921520969731716	4.821104249488312	0.01781230096026673	47.733849795282566	44.93508155729569	4.0
3.2481762951799213	4.123649045939044	0.016081498390095105	45.49260252113847	47.119490639352456	0.0
0.9484015748162835	3.0559757791981603	0.037856256868009516	69.31006786884704	26.647698520270495	4.0
0.6883646328559863	3.8043006551326144	0.03319346303332124	68.66280892594733	26.811332323030747	4.0
1.6419242997305465	3.3232121183543817	0.05916994726265715	56.07907686379116	38.896616770861264	4.0
2.5938811680760403	2.757070670181918	0.01923160882566657	71.1786055830302	23.451210969886162	4.0
4.251028680120238	1.7157783414051755	0.025693446827073876	64.19391435284776	29.813585178799755	4.0
3.357403796317753	1.9003917078019856	0.021080695500027957	63.3590865489555	31.36203725142473	4.0
2.5341036393862355	2.055489503733376	0.008619514346968659	76.97282032522583	18.428967017307606	4.0
0.9167291484888571	1.2517535772873591	0.005662735219140701	87.70585719959652	10.119997339408137	4.0
0.6748138393083963	2.2435963251089954	0.009895777638024716	84.94747688955464	12.124217168389954	4.0
0.6916097474506563	4.520571823827319	0.01602710564376206	71.03812963075023	23.733661692328027	4.0
0.4336448380132583	2.0482379183838346	0.020991667466256282	60.39919751156968	37.09792806456697	4.0
0.5206881296606383	1.116791498304774	0.03969538489854832	67.23162933750608	31.09119564962996	4.0
0.19696404543539237	0.7294665913513052	0.017840344314883738	90.35890039018909	8.696828628709333	4.0
0.5396259818608051	1.9626631062113893	0.024299635511091655	79.32196404256922	18.15144723384748	4.0
0.6463347721344815	3.2280005261085987	0.04581799230081174	48.7014679857876	47.37837872366851	4.0
0.5095035661996561	3.462423829052751	0.023319071643602772	38.65606550792043	57.348688025183556	0.0
0.2958002846860551	2.5927101256892855	0.03585965287181997	20.78174295420812	76.2938869825447	0.0
1.6595632842943913	2.801743017642062	0.0718673433262142	22.331518141796344	73.135308212941	0.0
0.4689087495309359	2.426574520968492	0.05562593125654525	28.844415829941163	68.20447496830286	0.0
0.6378589725176308	1.269208153533951	0.03486760636049113	19.129676465168398	78.92838880241952	0.0
0.5224344164176834	0.5486882406115126	0.014795621940809914	81.91617422954037	16.99790749148962	4.0
0.5751318743282715	0.6566793609899704	0.012712407997708269	80.05363460572713	18.701841750956927	4.0
0.42219238472646486	1.5544647941374987	0.02076477591653288	58.91404535358692	39.08853269163259	4.0
0.9825260887876769	2.364282451162667	0.04780628733279954	51.883071511088694	44.722313661628164	4.0
0.9070268919496323	0.9268448237708121	0.013015771136155131	80.77635988861745	17.376752624525956	4.0
1.8179568148416658	1.4710388792627642	0.06444955331522036	6.947739626610303	89.69881512597004	0.0
6.56625189767917	2.3248563808125478	0.025145023827777335	17.420526157670434	73.66322054001006	0.0
8.627921724465509	1.6113412740989417	0.027552501344785697	16.58598220330746	73.1472022967833	0.0
11.375612386673172	2.4706476401072286	0.04052058210874088	36.073186431744794	50.040032959366066	0.0
10.00755924298666	7.344384452702206	0.02044563554099281	41.18151548905114	41.446095179718995	0.0
3.1403127017469696	1.9789142726365192	0.01615117213612655	16.29727223029234	78.56734962318804	0.0
7.962508593586072	3.2153858395572588	0.02936962899825428	59.72934035597153	29.06339558188689	4.0
10.585366245277708	2.7771856029001585	0.03154179928500205	24.23981999977475	62.36608635276239	0.0
4.430047025641963	2.08584095933254	0.06076484232253064	31.41205579630156	62.01129137640141	0.0
2.6323725496918984	2.5299314120096255	0.027771462299301317	59.799256905795694	35.01066767020349	4.0
1.686656402736058	2.3958079676298794	0.011792888707410772	65.88521259219966	30.020530148726994	4.0
1.5704502258632038	2.8384637018040513	0.02717731270156165	75.9525450345093	19.611363725121873	4.0
1.04762192343557	2.3449704164753538	0.02378764312575416	74.47360462308765	22.110015393875674	4.0
1.219132739323402	1.2414138725588486	0.048219795670048096	27.59441627808585	69.89681731436185	0.0
2.8055642651730426	2.995500923359769	0.02024100203745148	40.217497679617296	53.961196129812436	0.0
1.5311690251467485	2.391483682850004	0.015253869738600167	33.24651232853448	62.815581093730174	0.0
2.3763241136919167	2.38794076790823	0.03147922687426722	43.093750220898976	52.110505670626615	0.0
1.0197224109530114	2.9414791681656705	0.04848059271072153	75.22400322277895	20.76631460539165	4.0
5.796785618985799	7.84598011986987	0.1297258374632913	35.26893063548937	50.95857778819166	0.0
1.397999430981541	2.0808552319158324	0.05318463823448086	25.29164057633552	71.17632012253262	0.0
1.5618055422008508	1.8286901528759576	0.06350759891333498	26.42085776516338	70.12513894084648	0.0
0.9438944403550052	2.184137184536825	0.06438056458657707	7.174232016474051	89.63335579404755	0.0
0.6908874761144099	1.3746436795105899	0.09534885577820192	22.193875770628253	75.64524421796854	0.0
1.6036963297287539	4.444090780766625	0.12413482353450735	6.65945189770625	87.16862616826386	0.0
0.9570928297794169	2.8472135975854385	0.09733815280577836	2.4217316668165156	93.67662375301286	0.0
0.9569808618983835	0.43792280860133126	0.06620790453040369	0.029422107051459985	98.50946631791842	0.0
3.3343307899374905	0.5642078471344996	0.013787617199159326	0.018263924623759614	96.06940982110508	0.0
1.5882217427584764	0.4064443840810006	0.01129384646128964	0.008424870118095637	97.98561515658113	0.0
1.417509600601131	0.7677745783843531	0.011823960718370313	0.009284463434534209	97.7936073968616	0.0
6.905966637491382	3.1821934770856366	0.05386469566733808	0.0851760704223214	89.77279911933331	0.0
9.754708202310637	13.436465069492307	0.09872745060548167	0.32813352384407457	76.38196575374751	0.0
9.044740621949698	32.19180150428443	0.1690462798739744	2.4166282844510127	56.1777833094409	0.0
3.964797470218236	34.486293595491524	0.23034225170836148	3.7299583817955546	57.588608300786326	0.0
7.638647648874354	45.99931094532068	0.42721902822242697	7.933249187534007	38.00157319004853	2.0
10.044326942597902	65.21882409280377	0.8990862371728261	3.819863678410825	20.01789904901467	2.0
8.54839207010677	54.74071247868029	0.6603585361837555	2.5017567055099454	33.54878020951926	2.0
4.871270315934017	76.9431334599088	2.3865098904107214	2.303224842827426	13.495861490919033	2.0
5.664912823602381	55.45249141467545	1.4186316492181845	1.72183003760708	35.74213407489691	2.0
3.534030018385845	66.54512903972727	1.5797455410943393	0.9073484181651539	27.433746982627394	2.0
4.446922380551699	63.91243949591656	2.2723463718377324	0.7295991051845655	28.63869264650944	2.0
4.792973571689949	73.1888815503597	2.3804137807497474	1.3969201944911929	18.240810902709388	2.0
4.7446062350870895	75.82016184929087	1.9352448184207343	1.0785856336605546	16.421401463540754	2.0
3.169224769888511	82.18569325690358	3.8200982219027506	0.6222261075717282	10.202757643733424	2.0
2.7511912292415643	84.77630830748943	3.0419657906025774	0.32759080976900157	9.102943862897405	2.0
2.4147690404855924	78.05834761466637	1.760649354225143	0.5558776210819427	17.21035636954095	2.0
1.4172275066485764	86.15814452873451	2.7354075837383416	0.27870583604225396	9.41051454483631	2.0
1.9323738386358345	70.40039124524971	3.9243715196033606	0.20264270845930307	23.540220688051804	2.0
2.0147107125494648	67.16543805453611	4.552652995064772	0.15867845390342833	26.108519783946242	2.0
1.0374454483612432	69.71916313332679	11.114275102779741	0.1354495834721923	17.993666732060035	2.0
0.8424130546319677	45.96283143103754	4.204686526576616	0.04761140391617105	48.942457583837715	0.0
0.957403359864175	38.115577263485505	4.713016547633387	0.045018963475289955	56.16898386554164	0.0
0.9541782332645268	22.121513811684267	3.947582768311908	0.044135382387236036	72.93258980435206	0.0
1.526078728643725	57.20588559682663	10.663520677680983	0.09138640658208326	30.513128590266575	2.0
0.9367354366040411	61.90191045109486	15.632681878644341	0.08702148824102535	21.44165074541574	2.0
0.751774800678881	56.65037174965741	20.231503480334204	0.03707431547991999	22.32927565384958	2.0
2.0765335163860588	42.840227088191305	12.26170776052126	0.08024118522916171	42.74129044967222	2.0
1.0239286658470084	66.70954371439312	13.41907907024964	0.06242149535986175	18.785027054150362	2.0
0.7541037942998641	60.65619803411314	25.0906070298875	0.03516571827789424	13.4639254234216	2.0
0.9916317300525125	56.060806141204154	23.845593172873595	0.02896320055292553	19.07300575531682	2.0
2.9506253514075893	50.978422456165404	17.48700596987912	0.061920286417367576	28.52202593613051	2.0
3.088942396638185	53.35000596624755	16.549808015325244	0.05334998080495447	26.957893640984064	2.0
4.150204741191888	59.755778023845416	13.37573077140708	0.03938195930369079	22.67890450425193	2.0
2.147636247490961	55.42954180850438	12.675126289384773	0.018717451855841474	29.72897820276404	2.0
2.945545983510405	47.87217434784136	10.062936425356362	0.035593834628822194	39.083749408663046	2.0
7.845809639112665	51.220750382258096	15.270081389633761	0.018573681520134836	25.644784907475348	2.0
1.6367302868243436	44.133951058980344	7.500244091279754	0.01700280396325392	46.71207175895231	0.0
1.0638666543455497	26.35203916830297	33.458627576540614	0.024679605267797056	39.10078699554307	0.0
1.6900061643443103	30.34741994390508	36.32889442414042	0.03174283139695757	31.601936636213225	3.0
0.1424015528786533	32.52122846741075	16.39377427794124	0.022417870587991832	50.92017783118137	0.0
1.9157055369042326	42.84628155476718	14.07832134775292	0.041970861119824523	41.11772069945584	2.0
2.316421193134151	49.934110250599566	12.882714211449779	0.06722946070597353	34.79952488411053	2.0
5.085434784220603	41.75696881785018	17.135374641899944	0.07836856566639977	35.943853190362866	2.0
2.816469594712576	37.61036127352099	14.958997989638533	0.04110522690898627	44.57306591521892	0.0
2.336133291653623	36.809291128025755	17.283319246425467	0.03731623144447414	43.53394010245068	0.0
2.56471674680439	46.457501090282314	17.524654274485574	0.03692893341265354	33.416198955015055	2.0
1.7852689796789913	41.467103973914234	36.186568422144305	0.03002412546369159	20.531034498798775	2.0
3.2630963510615807	43.56681757310571	11.678285242686917	0.050058490532778596	41.44174234261301	2.0
3.083148314387467	45.31650990702599	20.107533917973992	0.034840011802655994	31.457967848809897	2.0
2.858887211886207	41.70628203929046	21.5803219192074	0.06806652115243127	33.7864423084635	2.0
1.0868892956636411	57.83520942691648	18.025013756584396	0.03777494475216024	23.01511257608332	2.0
0.6422189908419588	41.5961216005593	39.87127612949464	0.01746542530133038	17.872917853802768	2.0
0.8466247603677332	50.36487291066559	28.628927269210497	0.021620512529290238	20.13795454722689	2.0
0.8832224556320838	58.901051383073444	16.255245637065254	0.0229036254863908	23.937576898742833	2.0
0.6987721753171486	53.973843237599674	21.74669099690388	0.024475193510223987	23.55621839666909	2.0
0.6407283589630706	35.970187332979435	44.56453326308653	0.021229818217567795	18.803321226753397	3.0
0.5877958245035423	31.97318818695501	55.821309584120435	0.018508313164194667	11.599198091256813	3.0
0.6474945326026796	31.252552734473007	56.184847101213464	0.019031577749372013	11.896074053961483	3.0
0.7882648566671365	43.228673187325064	23.921686543207063	0.05310995885103887	32.00826545394969	2.0
0.4001182071076678	36.921527415853454	44.92055854000788	0.018752414625683455	17.739043422405302	3.0
0.5342652003948246	45.15865245190079	29.505083385625873	0.06500393635170842	24.73699502572679	2.0
0.7232125378019341	44.919821921439905	28.254222657860588	0.09768481091740706	26.00505807198017	2.0
0.33315385122900576	41.196005167499536	32.35632171069617	0.05034722052850957	26.06417205004678	2.0
0.7550175813570765	32.107603030957264	30.105145422421565	0.0531433336818471	36.97909063158225	0.0
1.245309829090786	31.42208346065822	36.042433355802466	0.062267968469056995	31.227905385979476	3.0
1.0428712833746279	41.45741332998911	16.988437170617825	0.06262004099623156	40.4486581750222	2.0
1.2283795773679334	38.158299658817846	14.384853152477836	0.05511695040592605	46.17335066093046	0.0
0.6546510825731153	45.94343034893104	24.506882932279797	0.04293782420472482	28.852097812011323	2.0
0.6129725557798653	52.69664174844577	25.53861135400618	0.0293645188942849	21.122409822873898	2.0
0.6997039934035528	40.62464533741858	33.95811182147577	0.048280923201877844	24.669257924500208	2.0
1.1512845298564227	42.59674160290349	30.624957352192535	0.04163956071991688	25.585376954327643	2.0
1.0954809496267979	39.9406517385464	25.533878979476782	0.09402573316294353	33.33596259918708	2.0
2.8321017570414364	10.54843873289169	3.0156031897733615	0.21298039352691855	83.3908759267666	0.0
2.0446985620634446	6.300977474222641	1.9910203782429823	0.10392268655816815	89.55938089891276	0.0
1.5441422592257	8.360533837268292	1.7969759898480413	0.061176459382604326	88.23717145427536	0.0
3.312857671971318	17.260999775247157	3.2429905363631417	0.08263182893845963	76.10052018747993	0.0
1.4250442067653726	77.08095574423258	5.418621701876576	0.13723152115200324	15.93814682597347	2.0
1.2241664220285027	65.62637301813353	7.938293622709127	0.1660872904248688	25.04507964670398	2.0
2.46716576499938	67.1374995820096	12.067657315211239	0.060543907850027716	18.26713342992978	2.0
1.0551988786335276	66.09829631534915	24.34213561186177	0.1365078957346074	8.367861298420944	2.0
1.8232990678081362	56.591571701324185	9.206783443955075	0.07468190201981217	32.30366388489279	2.0
1.4008892477186805	52.25145369105179	15.979736559429924	0.04388833152374712	30.324032170275856	2.0
2.112776692548741	29.429892995826613	10.17228064917623	0.062257706756250225	58.222791955692166	0.0
1.6124638033399161	23.497158617845866	6.2301952304392625	0.11950945461396331	68.540672893761	0.0
0.7187378297074873	18.02845475170973	2.324463677011595	0.13054886746897482	78.79779487410221	0.0
0.05400418578584557	0.24259271992316156	0.02535588344689729	0.009292774400276003	99.6687544364438	0.0
0.5413769217656343	0.2826379553872542	0.02823169584495866	0.02031042263241844	99.12744300436974	0.0
0.6935826248371257	0.19057497625076264	0.004472011890579006	0.015418047232237912	99.0959523397893	0.0
0.5978936137805516	0.29280008339294367	0.007703879267522486	0.007688157382626139	99.09391426617637	0.0
0.375839313810776	0.3931238357345186	0.017830661266785237	0.009447115377916567	99.20375907381	0.0
1.53010407498745	2.731829762519461	0.1408957952424945	0.09910770962414014	95.49806265762645	0.0
0.2415443082779033	1.3143198089152062	0.0764399721341389	0.019548031158985738	98.34814787951376	0.0
0.7384311386689565	1.2455365789992654	0.08515504977682808	0.027974477950658477	97.9029027546043	0.0
3.2551264741409356	1.785645903863455	0.034730749936221696	0.042143077249909865	94.88235379480948	0.0
6.98375664279301	2.331830591037982	0.020661372837389842	0.0668188821512185	90.59693251118041	0.0
11.236094151165673	8.497883944406345	0.1566096940475485	0.2667155185708135	79.8426966918096	0.0
19.3030778872294	29.250159884467763	0.2546608874921884	0.7655368408055785	50.426564500005064	0.0
9.38076482430538	70.6522263652363	0.15420873364750665	2.2971554000911847	17.515644676719642	2.0
9.42853020062349	59.540702985704705	0.18151811262457804	6.587989141589873	24.26125955945735	2.0
8.695312255179823	45.95634224953735	0.17304075783640976	2.3662524993365612	42.809052238109864	2.0
12.718790572681332	55.10440106826155	0.10819078763215281	5.185124262804523	26.883493308620448	2.0
5.7648022144159965	81.92683607198273	0.3543854751612255	3.5067935621037503	8.4471826763363	2.0
13.39406893187513	55.99104069022746	0.05167867571830967	3.553432178283763	27.00977952389534	2.0
13.52624499547125	50.33254757720924	0.27412621807463733	5.9865018499149585	29.88057935932992	2.0
6.355782160628919	56.72847321351798	0.6976771188584584	4.471979329972398	31.746088177022248	2.0
15.060919043204846	16.495647609236574	0.11266813529863598	3.9281241703891885	64.40264104187075	0.0
7.339465119292996	51.724521256359346	0.7192945305716677	5.11406358547422	35.102655508301766	2.0
1.9799467041290253	5.244558119130929	0.04357970130842941	0.6036030090466403	92.12831246638498	0.0
18.018559484175658	14.784126789956714	0.16904793243307484	2.103646111195351	64.9246196822392	0.0
25.340157758998004	17.816091102292788	0.23647535555741386	2.6782361688921714	53.92903961425962	0.0
23.750934772893974	19.20609955454412	0.4031003028518737	2.6301726053179197	54.009692764392106	0.0
15.665163807371094	38.331612313272785	0.3299455877789553	2.324707194506428	43.348571097070746	0.0
20.978271884139772	23.764895836905577	0.49069879675106853	2.552678902051818	52.21345458015176	0.0
8.30805143035841	20.703069059791204	0.3264271012134605	1.7234042010918278	68.93904820754508	0.0
11.56689988868758	35.38572687215603	0.6871696175003154	2.1847698565567972	50.175433765099285	0.0
16.69913915302674	24.57567609529068	0.7081755348070207	1.5143173787328699	56.50269183814268	0.0
10.201933167525414	16.34612991491828	0.30901556852201895	0.9127094259580433	72.23021192307624	0.0
10.124421203545422	25.451097315646237	0.663859387153218	0.9104331691507382	62.850188924504394	0.0
14.409573661804064	25.340141634423187	0.6134948268595437	1.202389249988275	58.43440062692494	0.0
18.358196003862457	28.85821316825628	1.0212004086591253	1.7867622092411162	49.975628209981025	0.0
15.379448852731134	33.06136607666834	0.9295602225297781	1.5763261379926947	49.05329871007806	0.0
6.614782022754636	9.929013105758283	0.1925810052984278	0.7451957264075935	82.51842813978105	0.0
8.401741486259864	46.67460463401924	0.8450814360403262	1.3778743405482055	42.70069810313237	2.0
8.637813583400424	27.99881679475295	0.4952844944788184	2.136286517588812	60.731798609779	0.0
17.456278485916663	10.287652558745844	0.1879515310070704	0.5475303239804915	71.52058710034994	0.0
11.471904649232837	24.948606246882477	1.011511095825393	1.1188800006117445	61.449098007447546	0.0
28.762253387056692	14.998743840382684	0.4031841424918004	0.5975671305165391	55.238251499552284	0.0
29.786005426163314	22.219217006953944	0.47110785899247726	0.8234397771473622	46.7002299307429	0.0
8.663728608415292	61.534951880944746	0.27584816915939203	0.4642029686184162	29.06126837286217	2.0
10.953372611808307	33.66293114413819	0.11033923109977686	0.38022060053543805	54.8931364124183	0.0
9.58371329341796	53.94590813717425	0.07865534624286823	0.4547173636973427	35.93700585946758	2.0
14.81433264942046	63.43594505879694	0.2973975877459494	1.3191373032854918	20.133187400751172	2.0
13.488915471948456	42.76197287423547	0.28131312671869924	1.2783389043508888	42.18945962274648	2.0
7.353017103500964	52.877959604676384	0.44463531600528106	1.1593960725259376	38.16499190329144	2.0
9.634911044798484	42.8325469843635	0.22834220678433306	1.7367032773127178	45.56749648674097	0.0
5.548592169324145	45.44965825996069	0.30889436512784524	1.2906536053328688	47.402201600254465	0.0
5.648500345658023	69.63531196111151	0.5382669769980749	2.1495071329680577	22.02841358326433	2.0
6.86351854368047	22.70146940023779	0.14040247156742638	0.7643658660992565	69.53024371841505	0.0
2.334914715393627	17.322049780324527	0.17697165545203286	0.23495575568199967	79.93110809314781	0.0
14.182496901673748	10.52545315764828	0.0816164608240911	0.3839981973289198	74.82643528252495	0.0
57.15816798008614	11.781649700018992	0.07125828184722305	0.25818465839008825	30.730739379657546	1.0
16.903010580848452	37.9228673883097	0.7048600483030508	0.16836714975915534	44.30089483277963	0.0
20.259908376138952	58.499797227760574	0.9438718373257351	0.4210605004231242	19.875362058351616	2.0
6.32425959418504	67.94700403987814	1.4890832382061177	1.0882647425621594	23.151388385168552	2.0
3.715582256957347	80.52635071010977	1.0585713118667202	1.271606146146047	13.427889574920119	2.0
6.043048125584714	65.81279003033384	1.4807363428104716	1.6741539589787746	24.989271542292208	2.0
0.41695189590479814	89.39615901732634	0.6517452145839964	0.3433492233250767	9.191794648859803	2.0
1.610818421371158	67.89800255151717	0.8728928834762488	2.572255963811944	27.04603017982349	2.0
2.457452446718636	52.32484573389703	0.37151994900719365	2.1237826737317413	42.72239919664539	2.0
3.9746719290893453	44.1126331353957	0.41723019533342254	5.710104792313231	45.7853599478683	0.0
3.174493678246067	52.23871779039829	0.1620561890328718	8.866109738686548	35.558622603636216	2.0
3.628154989061495	12.063687908978967	0.09439468908936603	41.42647396991499	42.78728844295518	0.0
2.0419903462908127	5.273676500495323	0.051544320005303616	54.76532120735524	37.867467625853315	4.0
2.4337391745505306	2.839827274157015	0.08136586374585474	70.27270455543231	24.372363132114295	4.0
1.5532832948301976	2.8471623887919235	0.09994951280973632	77.69575851304864	17.80384629051949	4.0
1.3693834886162537	1.674458789690469	0.06136259221796212	66.81310514557197	30.081689983903352	4.0
0.2927393861425127	0.5440002037629275	0.02085955257871587	96.0148853431798	3.1275155143360522	4.0
0.27714970140067824	0.3069282251917848	0.0036116022571054704	97.04013100330586	2.3721794678445653	4.0
0.3035640710529756	0.3716474792604014	0.005782421628778686	96.4623498158993	2.85665621215855	4.0
1.231453843194255	0.7385358549191237	0.012458013485593994	78.32819802826855	19.689354260132486	4.0
1.429891951579032	0.9313174722037637	0.014660047421423612	84.20913735508366	13.41499317371213	4.0
0.86627488002972	0.9087657889212665	0.03700546432998221	74.7227087072757	23.46524515944333	4.0
0.8583274219939852	2.2206093032763894	0.01709895254777501	66.81296006035686	30.091004261824985	4.0
0.9973703365999733	1.1551523156255898	0.012722248500728617	77.19345110134253	20.64130399793119	4.0
0.8701345023744274	1.5769693508132114	0.026387528555812646	77.40360421020239	20.12290440805416	4.0
1.57572352141798	2.2078731468907167	0.015098395917364053	72.7641462181776	23.43715871759634	4.0
2.4400548255823122	2.2346454938512053	0.010591354163206163	78.51074996060292	16.803958365800362	4.0
3.514990144750064	3.24607235273248	0.017839576432618246	65.09480808285056	28.126289843234282	4.0
1.8675997506580704	2.335479893739446	0.013853108825828788	72.23736017434902	23.54570707242763	4.0
1.3761228306763966	2.1775982826537907	0.019968474927748215	75.11194205764433	21.31436835409773	4.0
1.802949927609351	4.018599220277041	0.0705136211505857	71.66489024879878	22.44304698216424	4.0
1.995430108315037	3.905959619522914	0.02555086207281638	84.37667367923233	9.696385730856893	4.0
1.8514159457857715	3.7731588175759825	0.08649632944077966	68.04177865206475	26.247150255132716	4.0
0.7653338597770266	4.080425711769313	0.037358450137452516	73.49859254860162	21.618289429714583	4.0
0.9737465157894835	2.1793274974064007	0.022563740149403155	83.63356057477672	13.190801671878003	4.0
0.681974190690422	1.7382463890234783	0.03160088469057159	91.56761039024651	5.980568145349021	4.0
3.658488577614284	5.551007029613113	0.01292207735700036	80.5776867336174	10.199895581798192	4.0
1.589221609579684	8.05856609836009	0.008297155308058541	81.608334527281	8.735580609471175	4.0
1.0990031495452484	3.105321825412472	0.0025137822918774822	85.75492958990398	10.03823165284641	4.0
1.1316445266355264	6.4053411685180235	0.006498155163861939	85.69913978796957	6.75737636171301	4.0
1.3659144014189626	5.846275063917124	0.008273773113938012	83.03034705979103	9.749189701758942	4.0
0.9311001403778284	4.376907864133426	0.009719991722026596	82.23947916976937	12.442792833997341	4.0
2.4035862276272115	2.409444724008041	0.012739135537486216	23.667521018703656	71.5067088941236	0.0
5.768771887830984	2.6992976075178774	0.024909787054239716	22.915086600412007	68.59193411718489	0.0
16.28469426437166	7.672881964027939	0.059814910257929996	8.138452971581598	67.84415588976088	0.0
16.469295705403255	20.371336755560172	0.19578853604386917	2.77183871475326	60.19174028823945	0.0
11.554703103758664	46.67087370641177	0.25215706023088974	10.848537466481242	30.673728663117426	2.0
4.665489363894016	71.54220050663376	0.7417481741717473	5.400767514471132	17.649794440829357	2.0
6.588533828442509	51.61467983314147	0.6912376131107766	5.835626204765231	35.26992252054001	2.0
7.99336674023549	61.72689932500086	0.7827648559564215	2.569565412695625	26.927403666111594	2.0
4.97355830528472	70.47679063154601	0.7021136637111757	0.94744823401286	22.900089165445227	2.0
2.726431321659515	88.44377233078077	1.575972452586479	0.8814861892008872	6.372337705772364	2.0
1.6141279452696327	88.26075042343089	0.8403667015546602	0.6362727821691349	8.648482147575685	2.0
2.5895205776877166	84.39567828764689	2.6918051071852247	0.5219995291837461	9.800996498296424	2.0
0.4181718780928204	94.05566021990418	2.949492728459221	0.21026071907218188	2.3664144544715957	2.0
