N1	N2	N3	R	W	anotaciones
0.37132625690676346	0.10561018809667508	0.010942309173957538	0.011271411232459496	99.50084983459014	0.0
0.07176375876438104	0.013290260771622195	0.003350907896029368	0.0007209035494183329	99.91087416901856	0.0
0.029444445419194967	0.018234140184405244	0.005576544080200054	0.001616262902945317	99.94512860741325	0.0
0.023021278202607205	0.020256486907924715	0.005022229749674142	0.0015249582328875754	99.95017504690689	0.0
0.023796501615466117	0.01175061642240288	0.0027992903930280236	0.0018315551076259133	99.95982203646147	0.0
0.1870959752587325	0.14335871387772642	0.008648784818581967	0.020601380800926484	99.64029514524402	0.0
0.10267807855407535	0.11489835958719902	0.007592413442435155	0.01015929400919279	99.7646718544071	0.0
0.0855205748412823	0.07430607821751178	0.003833828581216693	0.005955736974246764	99.83038378138573	0.0
0.054126547500418266	0.10555821143609614	0.003676942898394444	0.0034053097924608006	99.83323298837264	0.0
0.07704721926590448	0.04304703264371383	0.0014345443918319498	0.002643864262043562	99.87582733943651	0.0
0.0297903752032938	0.06877499978953112	0.0028029518886601218	0.0021864773220393223	99.89644519579647	0.0
0.027251033918922148	0.04710133845721847	0.008290447198114432	0.004749764930318004	99.91260741549543	0.0
0.029383335877797172	0.06101754046918543	0.003099636105965057	0.0034118519678890845	99.90308763557915	0.0
0.03587304917218896	0.047078809806332465	0.026810256168333314	0.0047611613619264435	99.88547672349122	0.0
0.16484942753395798	0.10080099597521584	0.0244313939573032	0.00484745159783106	99.70507073093569	0.0
0.24258807407669006	0.08708438722604091	0.03995258263643288	0.00536215752857769	99.62501279853227	0.0
0.17263819810262745	0.08775350276381258	0.01634740076378945	0.0036657414914429655	99.71959515687831	0.0
0.1256568440249488	0.09797574384836427	0.006585939469832168	0.002698177360075589	99.76708329529677	0.0
0.06795470357840072	0.11751422306090081	0.012120576858545553	0.003831976529660887	99.7985785199725	0.0
0.023201985637493275	0.025287030281963552	0.00235380636433049	0.0020096571739348385	99.94714752054229	0.0
0.18572480231644078	0.10365992410995009	0.01690460710221538	0.006389794359256047	99.68732087211214	0.0
0.04268770346462448	0.0743258993608275	0.004133759724221006	0.017421369170705497	99.86143126827962	0.0
0.307154564271457	0.09483776549290938	0.007586135288385606	0.010716321324549721	99.57970521362269	0.0
0.2017454802496712	0.14909971273110245	0.002131611597171423	0.026330611585762827	99.6206925838363	0.0
0.10710148316864884	0.12071823289824747	0.018319087937633514	0.006784528194211885	99.74707666780125	0.0
0.09115078077931961	0.02207170834211588	0.004250623200803992	0.0027125078519393024	99.87981437982582	0.0
0.11877975067315502	0.18968006637667634	0.0061484585195334335	0.005655677824278937	99.67973604660637	0.0
0.16628760945753782	0.04822805416706598	0.00668596701222438	0.0034222670168647775	99.7753761023463	0.0
0.01636687793322871	0.009258359730873016	0.0018358676432762247	0.0006151632706937521	99.97192373142192	0.0
0.016311061209556797	0.005871568146678824	0.003838486675727907	0.00038826981319415807	99.97359061415484	0.0
0.24615265003952294	0.03042466784143227	0.011088150546131754	0.0009582319051670947	99.71137629966775	0.0
0.0315353403833755	0.024769531494808858	0.004403655840480046	0.0016691169145546304	99.93762235536678	0.0
0.025690628617778394	0.014852787839216817	0.002668368916904728	0.0018158800682260732	99.95497233455788	0.0
0.07539697415158814	0.056780608920940244	0.0016399195566970265	0.011608555961358272	99.85457394140941	0.0
0.0745155228504727	0.11392569254417963	0.004862130170338046	0.014193227737698056	99.79250342669731	0.0
0.5540088150366203	0.0962681917710639	0.0030211717259923995	0.02751453830342666	99.3191872831629	0.0
0.1734183617962876	0.1322034471509657	0.004988068045951839	0.026893945733489327	99.6624961772733	0.0
0.09659800501081334	0.06845578146938001	0.003798300326316903	0.021883461354250393	99.80926445183923	0.0
0.13862189054110932	0.0408325314929052	0.0020674426732044675	0.012950218004173734	99.8055279172886	0.0
0.19065599391174837	0.04146739003845427	0.02052339796934597	0.006308668316331601	99.74104454976413	0.0
0.20865311404768327	0.10363372069469104	0.0317321978145652	0.0023514368488829597	99.65362953059417	0.0
0.16772431660799672	0.013912997495595401	0.0021182969757594975	0.0007376610118279061	99.81550672790883	0.0
0.15865799123827773	0.02051111237890717	0.0019650122352946305	0.0009327455621987371	99.81793313858532	0.0
0.5675099195432566	0.04656412317389827	0.003997677477992824	0.0008333873917141423	99.38109489241313	0.0
0.7399366474030866	0.10990285892800078	0.013512051874700996	0.0018355358798684295	99.13481290591434	0.0
0.9483313265286867	0.29239348185343217	0.009058805618909881	0.0027066703374483436	98.74750971566152	0.0
1.4919316584281317	0.35101628126900797	0.008151725774303065	0.001906324042135434	98.14699401048642	0.0
3.8801666915714454	0.3429200785202458	0.011506700028581566	0.0009936248458769005	95.76441290503385	0.0
3.194504221826907	0.29843611717052715	0.014293809220112723	0.0017192637877196013	96.49104658799473	0.0
5.378500546917515	0.49745356307799177	0.022851375450528597	0.0013167630649346296	94.09987775148903	0.0
2.4911564948079885	0.3313201243295903	0.01815856506627176	0.003593244664202004	97.15577157113195	0.0
7.435122575108706	0.7884749336142497	0.02383181398859039	0.007009664336064289	91.74556101295238	0.0
4.226162531080695	0.5367626470559927	0.004735837911483494	0.006115531612214929	95.22622345233961	0.0
2.6887925330915663	0.27386927391752974	0.0025914525752470693	0.0061791263605349275	97.02856761405513	0.0
4.186097344643238	0.44033441419312547	0.01904457587180223	0.0063003840451193146	95.34822328124672	0.0
2.6896521953378136	0.24398455008126063	0.026559244328513434	0.0036321397483134684	97.0361718705041	0.0
4.121945179336031	0.452234059691911	0.014576011930708916	0.004017471261724849	95.40722727777964	0.0
3.3135910004280253	0.5652951180835399	0.017585685908754534	0.004166969863864641	96.09936122571582	0.0
5.115905292768342	1.1186118838197023	0.026911772958874144	0.015398391710840372	93.72317265874224	0.0
2.030862951939296	0.28719463061442274	0.02214376539095681	0.0034284320663603815	97.65637021998897	0.0
7.234278719480293	0.5156603245717053	0.03323667084701781	0.008627555456947107	92.20819672964403	0.0
6.307267173415937	0.6242999556270937	0.037139866290563595	0.007184042916476702	93.02410896174992	0.0
5.312721669753696	1.2794292806614265	0.021901607983404188	0.008690244936023307	93.37725719666545	0.0
7.407315555434854	0.8160551444319777	0.04473821093013863	0.011043801054781375	91.72084728814825	0.0
4.282684086534971	0.462663704745935	0.009450329372387661	0.014529731489452594	95.23067214785725	0.0
1.382562579147301	0.21721413705593356	0.010423277852756731	0.006083008997851342	98.38371699694616	0.0
1.2809465130540125	0.19389263806895235	0.01022832035978453	0.004475564106745608	98.51045696441051	0.0
6.565440098539326	0.8015830089318425	0.04457545319035272	0.01636614700849435	92.57203529232999	0.0
7.383143998511331	1.3982185102808575	0.027007268714550444	0.0060862276245390624	91.18554399486871	0.0
8.900095599134566	1.2893360611464515	0.007653313824128248	0.009291899536828666	89.79362312635803	0.0
10.567677704506544	1.8185663002847778	0.027156755619392948	0.012010810075329826	87.57458842951397	0.0
6.911330162234466	2.1130431831058507	0.026075040786185742	0.015260291290171285	90.93429132258333	0.0
8.55874603878133	2.5855982118338217	0.07244437536071191	0.02498549868513405	88.75822587533901	0.0
30.06941166002161	7.827458417945718	0.08809973641789297	0.08064851171595964	61.93438167389882	0.0
27.720739750065494	8.760361922422044	0.11941038902415282	0.09648619274766186	63.30300174574064	0.0
16.285716837395768	17.84864988813366	0.23406668416489454	0.24311195801603927	65.38845463228964	0.0
16.31363775161734	33.16851089171149	0.40970358616078256	0.9094621555682197	49.198685614942164	0.0
8.489272302307196	27.409292970968906	0.2873496900722537	0.5610659482544335	63.25301908839721	0.0
12.682963260569602	9.641352810538137	0.027450575076542548	0.6111215499488721	77.03711180386684	0.0
25.870167725438225	17.15441926089364	0.07675456071842579	0.139047454373295	56.75961099857641	0.0
38.28633039039571	11.982498646203945	0.04032823253482882	0.07916384472311108	49.6116788861424	0.0
25.701545751967984	12.371183225479319	0.10867988887428989	0.06483826831626348	61.753752865362145	0.0
34.514693271418714	12.93540970286957	0.14583760036654186	0.10843174692008932	52.29562767842509	0.0
25.576112102346865	18.174589147355498	0.08073117097698414	0.07359718212748147	56.09497039719319	0.0
19.13406416828703	24.239855409585477	0.33259797092387583	0.1484576466471245	56.145024804556485	0.0
14.833706879827771	42.94601356998339	0.7008030496613723	0.33884798985070574	41.18062851067676	2.0
14.822309779569714	38.01388702023903	0.782996910947761	0.7296886068443751	45.651117682399125	0.0
5.398873861562838	48.88722336614078	1.9596041072654133	0.3445825786799654	43.409716086351004	2.0
5.4595969164797475	23.314317302467664	0.9911203944343678	0.2442729461528475	69.99069244046537	0.0
6.682377703314334	4.060619274034294	0.04089390454221144	0.1359161302783826	89.08019298783077	0.0
21.21148356804902	12.39980991215127	0.19454416710583622	0.3854777441296842	65.8086846085642	0.0
13.504681319206494	17.486690739690168	0.18956348107472878	0.29620336403181463	68.5228610959968	0.0
9.77743700667315	18.300382332696834	0.16133926718342892	0.23641933840425505	71.52442205504232	0.0
15.558187846848902	34.83215123984528	0.4464280064715094	0.25239964881940546	48.91083325801489	0.0
6.259781341578326	21.411965655488604	0.3314149025883317	0.28165467143670364	71.71518342890802	0.0
6.716540262109246	48.65256932068418	1.354807206515694	0.37132895091437623	42.90475425977651	2.0
7.722535116182927	28.64009603151276	0.5303727780206461	0.1545173655838814	62.952478708699786	0.0
5.257322472500595	71.0194027104852	1.632979908779032	0.3896416992247873	21.70065320901039	2.0
8.846443240222802	58.67147437266248	1.1553678296374132	0.21985910505274722	31.106855452424558	2.0
2.389602010537942	62.4499599180042	1.1078603347793146	0.2594886905135562	33.793089046164994	2.0
3.0882400146270808	49.96165551326905	1.2606162628439979	0.2375314906456583	45.45195671861422	2.0
4.145002799358316	46.1551782761895	2.021705992928615	0.3067892280839965	47.37132370343957	0.0
1.602980337972964	44.93220341494196	2.60289322129903	0.1698083773109682	50.69211464847508	0.0
1.7011254598768517	42.01288812379976	1.1673974884231662	0.13825607918967134	54.980332848710546	0.0
1.562753048023645	62.980448093871935	3.606981136428166	0.07699821825007638	31.772819503426184	2.0
2.3510253707663726	46.27029001922641	4.150921329947565	0.20518833867247113	47.02257494138716	0.0
1.9632168422122744	53.222770718492775	5.122610334125893	0.23208359036844356	39.459318514800614	2.0
2.1397143359399795	44.60899867633303	4.158681385026515	0.17084519733724218	48.921760405363244	0.0
2.162696026246879	27.931374676276494	1.990888629004264	0.1845498494569152	67.73049081901544	0.0
0.49919826030229614	1.0819763170704757	0.013557884136677375	0.023854765598059623	98.38141277289249	0.0
4.921027523466336	4.924438786632413	0.3167693879572222	0.036440853256749554	89.80132344868728	0.0
6.970198139824955	28.42792039831964	1.6567304843027204	0.11166011056027647	62.83349086699241	0.0
4.915980753647126	59.51702231804147	5.9349201233641296	0.12359408489713078	29.508482720050143	2.0
1.700406205747574	63.46511879890776	5.261464400775508	0.1886068454194458	29.384403749149712	2.0
2.1680833071220103	60.24253953887688	3.6507748037846746	0.4619671658039914	33.47663518441244	2.0
1.8577766725745508	39.02690193661773	6.671347997475858	0.19099286590860992	52.25298052742324	0.0
1.6353160136171756	24.170433914463025	2.90991812252906	0.08698659910979632	71.19734535028095	0.0
3.790342545605659	35.85068428150133	5.4436801072850445	0.17302952214619577	54.74226354346175	0.0
1.0145399177183692	35.99428227752234	5.266445395485681	0.05145053665844277	57.67328187261517	0.0
1.1397057575945333	32.22854942321011	5.621510079594345	0.0753665675218128	60.934868172079184	0.0
1.2634448582001685	67.72110916909875	7.968083626916657	0.07202785805971598	22.975334487724705	2.0
0.8597603650357404	37.595488831488225	10.423130685461604	0.0475671932371287	51.074052924777305	0.0
1.07018517275342	24.323991232337455	14.209781195054012	0.08854408917139849	60.30749831068371	0.0
1.2519151171958864	31.583623413629653	7.023029076670322	0.3021576829536805	59.83927470955046	0.0
1.5090913056204267	34.47970647162069	4.470464136588367	0.21790745408092468	59.322830632089584	0.0
0.30878501977743344	2.6916142796917955	0.3868585587397067	0.011494497787770052	96.6012476440033	0.0
2.739577234319021	3.9306756465824306	0.16726563876387743	0.03578970954136344	93.12669177079331	0.0
2.2461535272828	9.037247695877522	0.33101084947522647	0.02406637038615231	88.36152155697829	0.0
3.113397486193804	3.582184114466392	0.09047221634289362	0.021146510612618373	93.1927996723843	0.0
13.924378606348476	15.151477305251698	0.07723946117454533	0.06284813809912108	70.78405648912614	0.0
12.971012663974433	35.469993944852554	0.9281870251328456	0.06382812855166066	50.5669782374885	0.0
6.9731044538122	20.54143143878978	0.6848103391469559	0.12595670638202916	71.67469706186903	0.0
14.603119040930954	37.30712756159537	0.4337546295171001	0.25853345205395456	47.397465315902615	0.0
12.355097030691327	41.97449862497869	1.1961193952197722	0.5033056597589444	43.970979289351284	0.0
4.16161299810425	35.053151984956834	0.9247814565814725	0.56771907095943	59.292734489398	0.0
9.7223960954661	31.165552339583584	0.7865381276072198	0.46698602737379125	57.8585274099693	0.0
4.820141643292312	62.85109239382791	2.4602749377864988	0.2785334976310178	29.589957527462253	2.0
9.6769255318728	54.71544808972799	1.5899354559898555	0.4875417745820546	33.530149147827295	2.0
3.3685602682526454	67.40393510934925	2.949236724334983	0.6573963197437639	25.62087157831934	2.0
2.5494807448310244	69.18510502751334	2.1959349249772226	0.4981905359410542	25.571288766737354	2.0
3.0077256076432244	64.31529111126586	2.775890130557695	0.5282428909530068	29.3728502595802	2.0
1.9390258363514374	57.043354893031015	2.6359230995128082	0.34616300686092477	38.03553316424381	2.0
1.3738850088917074	74.71350970382274	5.191364424324376	0.35088949566777106	18.370351367293424	2.0
2.0328204316755327	66.95747668865634	4.562221434538962	0.450227899417314	25.997253545711846	2.0
1.1546633557792907	10.25648918887862	0.43589955801618935	0.12021362788658617	88.0327342694393	0.0
2.5737346503131766	16.217220018495887	0.6426695172062694	0.05799058151272744	80.50838523247194	0.0
2.4270475518461105	28.905820694561633	1.5119395138316518	0.10701345311826084	67.04817878664234	0.0
3.6755838485560117	23.255853985689402	1.147230489336881	0.050086883024964	71.87124479339275	0.0
2.6456967518737122	33.80033815241729	1.4096321694146787	0.07954568536086316	62.06478724093345	0.0
1.657423658612602	59.601385157268595	2.7401193339581758	0.23561490136436244	35.76545694879626	2.0
1.2140328232477375	23.703100034255836	1.9375042815450443	0.18049548162285875	72.96486737932852	0.0
1.4985589535261645	48.20108936671401	6.944044021422878	0.17118182947116953	43.18512582886577	2.0
2.689671356365736	35.325200333679085	2.3449394276073385	0.3440994819099389	59.2960894004379	0.0
1.8642913915036479	57.67703297138477	10.386068127540113	0.2473852138165381	29.825222295754934	2.0
4.798162858079003	34.60412117377614	4.102720657492062	0.07094034962992474	56.424054961022875	0.0
0.6972188486664997	1.6618688988618857	0.03662871968766055	0.014150036307390456	97.59013349647657	0.0
3.594389974183556	5.765651356174479	0.11841457139969705	0.029780617783594976	90.49176348045867	0.0
9.354472227757938	6.398186712791862	0.3006963369891866	0.0331023727931096	83.9135423496679	0.0
10.990661513761877	17.786584585022997	0.41437408431470935	0.05592111784362534	70.7524586990568	0.0
11.157769342746606	16.209454340898134	0.8732969466382053	0.1283206970739363	71.63115867264312	0.0
5.217571737870238	35.66682518291866	1.1765579287631474	0.20623869667229913	57.73280645377565	0.0
0.9797977136159107	47.06979775681529	3.871299912958537	0.07499555562615783	48.00410906098412	0.0
2.922563163951415	45.154873811919906	2.9323433303026145	0.15585180529870468	48.834367888527375	0.0
4.528485107040478	37.337670971998385	4.92582929797106	0.2063860415264397	53.00162858146364	0.0
1.7642948119487074	34.400194936500625	4.129519549515511	0.09375436622511464	59.612236335810046	0.0
2.3089705324599237	54.393187175405934	9.46567276550506	0.13034321968361828	33.701826306945456	2.0
1.310093556891816	18.957685106530604	3.715948192685233	0.10765300684252713	75.90862013704984	0.0
2.1101270276821285	46.525935072651436	2.977517136490561	0.3094699590548871	48.07695080412099	0.0
0.9614795691069357	18.273317526615664	2.9316362309509363	0.05960889907523914	77.77395777425123	0.0
1.68279162878795	18.230282639185962	1.1359608369272796	0.18006900086762498	78.77089589423119	0.0
3.375813173233079	31.705898096880443	1.0462737927085868	0.3497386486713038	63.52227628850658	0.0
30.470740299730597	36.4505274606951	2.039580393270115	0.8289173208697456	30.210234525434444	2.0
9.215604795864182	49.60671150888473	1.613008324681368	1.0012442700594972	38.563431100510236	2.0
9.608049768445182	32.807730199489455	0.6666931208008151	1.5285928961522468	55.38893401511229	0.0
6.60537645253894	10.299188684095787	0.03591534840811292	0.31876290173554983	82.7407566132216	0.0
10.468417394009847	34.81844544848823	0.2957933854997857	0.847506635351614	53.56983713665052	0.0
20.618324254460234	31.481539930669232	0.5529838769755774	0.6398139506955619	46.70733798719939	0.0
28.31206411654954	19.063092449192624	0.22600303426619084	0.5626453085346022	51.836195091457036	0.0
35.20599816704256	26.027463796541657	0.5722663400713371	1.3296626721362843	36.864609024208185	0.0
9.417064613395128	37.728454041334395	0.7881154061223562	0.8817961837737973	51.18456975537431	0.0
10.883037689426867	26.68323200160691	0.48969722071383137	0.904281614172815	61.039751474079566	0.0
7.813210528385954	25.499919262636507	0.3750965323093366	0.8099368006224242	65.50183687604577	0.0
1.3123663594565937	24.398021944332832	0.7030232974063183	0.11160873158850351	73.47497966721576	0.0
2.252830998557785	21.430676843794366	0.5924455484953127	0.19127230368770495	75.53277430546484	0.0
4.560791262323058	30.93733410399079	2.0098018466557788	0.3566866822403565	62.13538610479002	0.0
2.7822356263538786	12.760133576136457	0.4630335273984516	0.35213689334479775	83.64246037676641	0.0
0.8904790698243193	5.348060196826583	0.2265042034474432	0.08339415696519763	93.45156237293646	0.0
0.6958735166561724	0.48517330926330954	0.05205119969282152	0.02650863011661927	98.74039334427108	0.0
2.8263778825560637	0.5817743844375823	0.027066697035625947	0.0343446122092276	96.53043642376149	0.0
1.2265663870667045	0.37979226426729656	0.017768032900382907	0.01701455375427011	98.35885876201135	0.0
2.398324114929584	0.5408312854503252	0.0074927127010445994	0.0904847592564547	96.9628671276626	0.0
0.33415241154196546	0.1628959232210569	0.0024208386145189286	0.03401338934462948	99.46651743727783	0.0
0.24709090371293077	0.11615205947984998	0.0027429859627916718	0.05347414283913095	99.5805399080053	0.0
0.5364843986689375	0.285438302071827	0.007064506667730253	0.10569805619023936	99.06531473640128	0.0
0.3314595046110923	0.23255970221384292	0.008203938599797149	0.04680362593984524	99.38097322863543	0.0
0.5411904747626965	0.3848083503350419	0.0009347095399935711	0.07761146505715406	98.99545500030511	0.0
0.24700433488640425	0.13704983295607862	0.001387479711854095	0.03144034204202134	99.58311801040365	0.0
0.4983408590036084	0.2836014275654076	0.0008488122454720309	0.06995981403734176	99.14724908714818	0.0
1.0305517462893712	0.3473794653692837	0.002346645405875091	0.1413285191045921	98.47839362383087	0.0
1.6929513093684754	0.4539821021107521	0.0019526454152735474	0.22968001015727627	97.62143393294824	0.0
0.7490722294684852	0.20048880011719167	0.0008932951277949771	0.27828055270083046	98.7712651225857	0.0
1.3631197487418472	0.38668757482965754	0.0018239651017407208	0.3547353014891991	97.89363340983755	0.0
2.1687464978388764	0.5095674605631181	0.0028563830725735016	0.5313937226456757	96.78743593587976	0.0
0.6450739475367417	0.19864579507823357	0.001556070954356391	0.11241128464371296	99.04231290178696	0.0
0.2895507386581276	0.07586218177275272	0.0013469737185984646	0.1490030220616255	99.48423708378888	0.0
0.7896436151355246	0.1705809725743097	0.0022114348597491802	0.10540153367776987	98.93216244375265	0.0
1.1906629599489102	0.2506781507226959	0.0022201070366404995	0.30148387709451857	98.25495490519724	0.0
4.1490051417937535	0.5989472104823219	0.012624140391948913	0.24357509916071735	94.99584840817124	0.0
0.9988291561162846	0.4676107804263232	0.0030187873219863614	0.1677232298041674	98.36281804633124	0.0
2.191457021158544	0.24727659445879127	0.0034300731746124274	0.19420308019622942	97.36363323101183	0.0
1.2800852500872197	0.3079740739299552	0.002429404016159946	0.1245486174748413	98.28496265449182	0.0
7.684301085064875	1.2317919501101848	0.008888320279278938	0.18797015317436233	90.8870484913713	0.0
7.5330430290384855	1.0868335913180922	0.006784911353191382	0.28861962425665744	91.08471884403356	0.0
6.730081466266142	1.2728543509538783	0.006259520861312266	0.1705788028061691	91.8202258591125	0.0
4.326687494598782	0.6031207417143827	0.0293213662658762	0.038742233602926994	95.00212816381803	0.0
5.809894529588947	1.8491895052856568	0.01568630287683524	0.03703813926016056	92.2881915229884	0.0
32.69479527225053	2.9584301914636595	0.023708862286512693	0.03565968147500251	64.2874059925243	0.0
9.287991562640894	3.4662593554560965	0.024900166106502704	0.06384435792446692	87.15700455787206	0.0
9.169629123464091	7.236796518532356	0.05784823017644793	0.364380441325523	83.17134568650158	0.0
18.118006323709622	7.550554332519119	0.14658338351894645	1.3281697459490733	72.85668621430325	0.0
7.430521436139941	11.447200056076099	0.10462276270429545	0.7242181260325633	80.2934376190471	0.0
5.686459529185842	3.0949516508871304	0.0421598428808613	0.09168781503827983	91.08474116200787	0.0
11.22873363611639	7.021233404797902	0.07247998507831041	0.10961711550192686	81.56793585850546	0.0
9.603400683559979	6.5548182376482576	0.14769483155868135	0.3786538511621907	83.31543239607089	0.0
6.161620758363917	4.644194076681189	0.13158466676712668	0.25790759771097893	88.8046929004768	0.0
6.231199353242496	19.574032007755594	0.7434559851265242	2.5845488752007313	70.86676377867465	0.0
11.901179169428051	17.21688082823065	0.5045119387624957	0.3269347314809488	70.05049333209786	0.0
14.920317305903108	33.240411489822584	1.2180377404388707	1.300570922493483	49.32066254134196	0.0
4.92059124826607	49.85674928771138	1.5905266453979754	1.1319518421891728	42.500180976435395	2.0
7.579693815388941	27.522437860929532	0.22154920501373335	0.4410208649641577	64.23529825370365	0.0
10.104724838856626	47.714272745759246	1.1649014910693445	1.3999767149715012	39.61612420934329	2.0
19.58651680557406	56.81795369106244	2.180109517201429	1.399396503911625	20.016023482250453	2.0
17.43173031823521	53.003264502712256	1.4886868482236724	0.7989713475391744	27.27734698328969	2.0
3.4315133613770454	75.19930408365329	2.1073456429365622	0.7131331508957496	18.548703761137357	2.0
1.394400143378096	64.0552452010142	1.7962568739914573	0.7693679635763785	31.984729818039874	2.0
4.0018034271807235	61.70183575749171	1.9407560961886887	2.9693156714776814	29.38628904766119	2.0
1.5520853903550946	81.21151197187648	4.411459940746211	0.9736588573641838	11.85128383965804	2.0
2.7130214978447356	64.7766086116959	2.395337345165366	0.7996208978941192	29.315411647399863	2.0
4.978064440254596	29.56812363968679	0.42065854278234055	0.40980201302132047	64.62335136425496	0.0
16.062206280164904	26.858732893163573	0.2673117924604026	0.17309374273162179	56.6386552914795	0.0
17.79561240319729	28.208464622787382	0.37801595871375326	0.33491941969191114	53.28298759560967	0.0
13.242822208472111	17.736556998715486	0.3861401450447671	0.2192175311927113	68.41526311657493	0.0
12.17469221956021	52.302562346747685	1.9340305479198665	0.8702812295166834	32.718433656255556	2.0
4.4843290140355645	29.07289865327971	1.1585723607034526	0.8802130650408668	64.40398690694039	0.0
4.288784382300984	57.3201501165593	3.758750921501796	1.1067389117706503	33.52557566786726	2.0
5.282752705611204	23.286273169405934	0.6470448402791965	0.541102499219194	70.24282678548447	0.0
6.030522498822713	6.077632126623915	0.15957737510935505	0.20208070587729118	87.53018729356673	0.0
7.738307246499998	15.11932314881371	1.1404141792175244	0.2939019963368044	75.70805342913197	0.0
4.660143612470955	7.212854652647641	0.4171041587336522	0.3638990289017625	87.345998547246	0.0
7.436909308466608	3.5936952068250734	0.19928249787843402	0.1426674055962505	88.62744558123362	0.0
10.17911597140215	27.07488922383987	0.3772556434861156	0.5003924226355019	61.86834673863637	0.0
15.497209545066607	22.58299968192105	0.26239829256985303	0.6465373789853794	61.0108551014571	0.0
11.062455441576134	22.06454227841714	0.47383197534241817	0.8532156246452353	65.54595468001907	0.0
4.5687909498869	19.820561420650424	0.6960984464152035	0.9414194974168557	73.97312968563062	0.0
3.2240068574524736	23.222125540942262	0.937650050082366	0.5864169420996566	72.02980060942325	0.0
3.9802973042036185	1.8003172979951774	0.03903974252852885	0.16065243143618171	94.0196932238365	0.0
5.720496329952559	15.59150333590533	0.7276995615468321	0.24401362357819534	77.71628714901709	0.0
17.733523737608078	20.213512251419495	0.8871302093299998	0.41239701696885983	60.75343678467357	0.0
10.452909216582745	26.33490995794827	0.955821030874142	0.30477451874605704	61.951585275848785	0.0
10.896759156742768	65.27652928287317	1.5827454010591138	0.8657263103007816	21.378239849024183	2.0
8.66223216262501	47.13639984156922	1.7838659807068065	2.356303600234735	40.06119841486422	2.0
4.45340997158851	75.23944945818755	1.5542527539410524	1.1447072543697268	17.608180561913144	2.0
5.586161412172784	65.89957605867909	2.7433474662389328	1.2654752680494437	24.505439794859768	2.0
6.790600567529836	53.84480136759561	1.9710041628692956	1.6311370459755374	35.76245685602972	2.0
2.516515384030651	67.8937648794114	8.94684488477409	0.6878945068144464	19.95498034496942	2.0
6.102783624434324	58.835682177951774	3.628099468907463	0.7405162354627505	30.69291849324369	2.0
5.021491337175084	71.01677281533483	12.052255267555475	0.6864895958246133	11.222990984109988	2.0
7.742081131029761	51.55695860355818	3.3980606641757776	0.5131911262480991	36.78970847498818	2.0
2.792065734719899	60.752074268476285	5.077920201234531	0.15759492808038797	31.22034486748889	2.0
3.1583917665101366	52.00724953273404	3.673734363216901	0.1263926550678659	41.034231682471045	2.0
3.9878493132498076	57.182100743016086	12.373188441761526	0.14143722424391522	26.315424277728667	2.0
0.9986312523594707	4.105842269429267	0.16946234470700616	0.01953652597467669	94.70652760752958	0.0
6.14081921864929	10.35002135295545	1.3363027110832109	0.023325220485970025	82.14953149682607	0.0
9.742658145104016	8.437249475889681	1.289620941695663	0.05601247709159726	80.47445896021904	0.0
5.6659538571247055	29.908445063397416	5.055857099990309	0.06344016018472869	59.30630381930284	0.0
7.1676318069990845	46.995331696391645	7.983667751010573	0.0911458127441836	37.76222293285451	2.0
4.3074101662317466	65.46315192468222	4.453988550049344	0.06435677196384494	25.711092587072827	2.0
3.1634420349243393	70.0411201778229	2.794081029677968	0.09761440485021754	23.903742352724564	2.0
1.4221153791878187	76.42186151507303	11.507436513667656	0.15074454184248548	10.497842050229005	2.0
1.699971958021423	75.1133043994903	9.323369620485867	0.11964222439424509	13.743711797608174	2.0
2.1749161720888748	59.81599666636386	6.580137358477608	0.153263695653061	31.27568610741659	2.0
1.1973085325628592	74.76289016700778	7.332433863381375	0.13378758391668852	16.57357985313129	2.0
0.8805415479472791	54.499822877272585	8.693095156340448	0.07069811372237012	35.85584230471733	2.0
2.6506926000670075	47.365761914430976	16.63247673407103	0.09150599325314182	33.25956275817787	2.0
0.8391123778436766	41.788814177920834	27.721779844110962	0.04496525155674709	29.605328348567788	2.0
0.7601660518302806	37.46816954893674	6.362714514697214	0.04952254511639413	55.35942733941936	0.0
0.8572177147712643	44.185978503979776	16.878848275557054	0.04182915132045935	38.03612635437144	2.0
1.2545816125226243	37.53654741148612	12.455161310495143	0.046000453382645794	48.707709212113464	0.0
1.4166350820947522	49.25601868723784	20.075213238344013	0.07959241687264722	29.17254057545074	2.0
0.582360798037616	37.589514662617724	22.00947479642349	0.0679515752024103	39.75069816771876	0.0
0.8564031002904547	30.917613692883634	17.1028833050965	0.0346901337110574	51.08840976801835	0.0
0.9027023998131215	42.83163606852452	26.10150930178627	0.04877816333544528	30.11537406654065	2.0
0.9458928919948687	43.47998915476242	24.439990839449255	0.05452272667630327	31.079604387117136	2.0
0.6456055629084314	43.12143645468035	29.317888532990104	0.043677704165571825	26.871391745255536	2.0
0.6939426686566547	40.40972217882085	26.017757123905717	0.38892003638370004	32.48965799223307	2.0
0.6889081605146454	40.65661811986496	34.97683323817725	0.043140997561678954	23.63449948388147	2.0
0.563821411651392	30.812413675281263	44.48159267109155	0.03518218372075677	24.106990058255043	3.0
0.46063158970566154	28.03448488740539	27.05195048301856	0.02612885690914957	44.42680418296124	0.0
0.375904561274629	26.76837093556161	31.420211030664163	0.05140602825620426	41.38410744424339	0.0
0.22575438744674628	15.04621948091039	55.49120654551923	0.025529946747294224	29.211289639376346	3.0
0.41758400974007553	26.75244501280129	50.243535367528125	0.04168162500047408	22.544753984930036	3.0
0.3917643053863001	18.733608501488426	48.69851301774762	0.04479516288699193	32.131319012490664	3.0
0.29393180560953125	16.404930948482683	43.651961521519794	0.06056382811590403	39.588611896272084	3.0
0.24651446459065415	18.990463465723078	54.72430617452502	0.03276577507510273	26.00595012008616	3.0
0.20339061760707802	14.505916068532503	49.689522618882144	0.0376606408321648	35.56351005414611	3.0
0.21561780969452257	13.074873389519759	55.65315090121642	0.05477102854138897	31.001586871027914	3.0
0.31866412009654793	15.64279279879742	60.139922244879585	0.051581389190629746	23.84703944703582	3.0
0.27075705249337645	17.132454094014758	27.278749815104025	0.07335460760380151	55.24468443078404	0.0
0.36959388735082516	14.359558416368486	27.595762675196404	0.04555297177226738	57.629532049312004	0.0
0.9257676109130608	26.67558411144883	26.633238208966226	0.11397699033131334	45.65143307834058	0.0
0.5117929925372436	11.876862879280587	29.305050010459798	0.09436643818682851	58.211927679535535	0.0
0.7226014533775725	10.385017544179922	13.949544719535853	0.05949030495872524	74.88334597794794	0.0
0.41086921516996927	1.6500950770551397	0.32781388996554284	0.014024839884871064	97.59719697792448	0.0
0.6922365750890102	1.3285696738530315	0.14923214707289367	0.008937397634706188	97.82102420635036	0.0
1.059582887816999	1.3305778709798899	0.10426619895143134	0.012241217936822285	97.49333182431485	0.0
0.6357522083589866	0.6428203222811197	0.025646870531115994	0.0024838158648947286	98.69329678296388	0.0
3.027418533400219	3.9062437568975303	0.13670364599957524	0.024129122930654306	92.905504940772	0.0
1.9891565215107865	3.4948519644740896	0.05267856870934473	0.014079812865972754	94.44923313243982	0.0
1.4414299666702315	1.9279057359741274	0.12680690552975019	0.007361198438776705	96.49649619338712	0.0
6.978139908339866	14.38943254370731	0.5459031767690422	0.06045248448257449	78.0260718867012	0.0
12.4030633868786	19.811756625579974	1.1614803230031063	0.19097824458115084	66.43272141995718	0.0
4.508504504353749	15.100161468369382	1.16563881337117	0.3851092249275525	78.84058598897813	0.0
4.763808770708651	36.16514700318425	4.444625487042185	0.5052477083484868	54.12117103071643	0.0
3.2142976582403007	32.33280629738536	6.286854420355406	0.57853555145218	57.58750607256676	0.0
0.9660986996337138	7.325698602704042	1.260855003874343	0.06377789810363463	90.38356979568427	0.0
3.721289523189434	21.844991698193326	4.1194718355853155	0.3020724631600498	70.01217447987187	0.0
2.410986058515906	38.378441336127885	4.559250859534178	0.19883353896307704	54.45248820685895	0.0
4.565590894471962	50.072872722326544	7.877357980739872	0.3128934546631333	37.1712849477985	2.0
3.3218218303863773	45.55689808846731	11.485847228382589	0.36250939114322467	39.2729234616205	2.0
2.3579671421081505	41.61231540806935	7.74538781131541	0.24944319453120933	48.034886443975886	0.0
1.8860910072330368	18.341107841040756	4.160222259022484	0.1913368768260232	75.4212420158777	0.0
5.388471996574213	15.74955528447961	3.093486929373497	0.4031122839027119	75.36537350566996	0.0
3.5509407502586834	21.33546147903326	4.285953795315041	0.48005342374213705	70.34759055165088	0.0
4.302853589755359	54.8642437108394	7.507167293846755	0.27938632939100866	33.04634907616748	2.0
1.6831022412417869	47.750371036792	17.08329488223513	0.0878277036604215	33.39540413607066	2.0
3.5533668634142583	33.691786363754574	5.97208241878548	0.13420165381629195	56.64856270022939	0.0
1.1421565014570711	54.093093564929426	12.219567284873504	0.08420920695036889	32.46097344178963	2.0
1.198976922753315	38.05987305058889	24.4223871451824	0.09490272987338123	36.223860151602	2.0
1.77931847687401	43.34791134600409	21.644333365888077	0.07295739582668952	33.15547941540714	2.0
2.446768398024311	36.18810808890472	20.78050722361646	0.191841500626078	40.392774788828426	0.0
3.378084439785336	34.04748050807514	18.415252401900602	0.16508313450440235	43.99409951573453	0.0
4.903589662456928	17.099443770276853	7.409290413217115	0.08946662331146953	70.49820953073763	0.0
2.7136433026966795	7.772544283470742	1.321474778611243	0.0994551719620178	88.09288246325931	0.0
6.751782970284779	17.659975662381115	2.9427297022992858	0.46860657891979673	72.17690508611503	0.0
3.1548620447773943	28.588625921308154	7.471660721286655	0.2788833060897888	60.505968006538005	0.0
3.5829251636821895	41.8516656107263	4.388300580596102	1.7214948744594567	48.45561377053594	0.0
3.2570940943481257	38.71606209519725	3.272525242284069	3.721623990740053	51.032694577430505	0.0
7.478896447943175	28.12473522569973	0.9976795433184903	16.177072583828668	47.22161619920992	0.0
9.578292558748746	32.892916417045114	1.1853487011755104	14.799455664422132	41.543986658608496	0.0
9.038861259416683	28.99527697684788	1.0978172132813753	28.852780019499285	32.015264530954774	0.0
5.115350249778639	15.34136653908281	0.5464906074806198	47.70266567557918	31.294126928078743	4.0
2.7499218479473813	5.498424954596501	0.05988380259637153	48.151241131538185	43.54052826332155	4.0
6.062424622371036	3.437643707122257	0.027796539433610497	50.04334619667935	40.42878893439374	4.0
9.510564014848233	6.4755856620182195	0.10537799873492537	43.89971688120441	40.008755443194204	4.0
11.735556748175277	9.173860564558291	0.01201971212541277	37.80138175843666	41.277181216704356	0.0
10.94407949736684	10.71640848932811	0.08557016440777135	46.477104076256765	31.776837772640505	4.0
7.948941971335838	7.627296793809406	0.13319745791484922	66.49360546798557	17.79695830895434	4.0
2.368154010226331	7.195034306259439	0.09095568816528604	74.49620800185981	15.849647993489135	4.0
3.4420358732788356	26.436763758899986	0.1583372640773561	55.15605719424076	14.806805909503067	4.0
2.4538200226381064	14.715889683251012	0.07415853985879312	65.7991567976175	16.956974956634582	4.0
4.2646569874812235	25.892204578585414	0.08249048926099097	36.19217159577581	33.56847634889655	4.0
3.4985827402410097	5.381250441090015	0.07002458782974394	64.15626520842767	26.893877022411566	4.0
8.653212227959255	12.728416738176524	0.1034830469085203	43.47106726671306	35.043820720242636	4.0
7.082284110899517	21.877533344141217	0.06088779929120902	35.743839941861424	35.235454803806626	4.0
4.221607173803349	7.9242234846905655	0.0240148869428831	61.633551552084576	26.196602902478634	4.0
8.65221750048951	15.745675486889718	0.046581662617882394	45.32427324016377	30.23125210983913	4.0
8.793899669237778	27.291627998956553	0.048797703639267775	34.20261205164659	29.6630625765198	4.0
4.310119337905317	5.459266696196769	0.05069116000140748	71.92544115209989	18.254481653796624	4.0
8.582868282170878	17.79490977373014	0.022018009486114157	46.522141944368954	27.078061990243906	4.0
19.45561840313491	7.252446445126217	0.025335875366782654	55.256082171680745	18.010517104691345	4.0
7.850300657262467	4.554044062482698	0.007632299304057492	9.852010831233757	77.73601214971701	0.0
32.12595778400241	7.099968822423917	0.0647920934754228	26.15829231183236	34.5509889882659	0.0
41.07563029433713	6.7150951422799645	0.05356353945944607	7.592485221746706	44.56322580217675	0.0
51.54177496350816	11.369801563969824	0.11640872458506968	9.732192548851375	27.239822199085566	1.0
17.50686877706841	24.34862789953903	0.41079993276338667	11.982511491382779	45.751191899246386	0.0
13.680026353195714	40.60941314634812	0.5123538092263061	3.989021844201112	41.20918484702875	0.0
4.319380496555864	54.582352467156525	0.5614397691231996	4.407211955298732	36.12961531186567	2.0
6.881580808117893	50.22801706587037	0.6389823796715591	3.910512113946342	38.34090763239384	2.0
4.9426596923805795	62.63753685891288	0.9341463069115699	3.4235386915625625	28.06211845023241	2.0
5.828215927974507	53.62242546177356	0.9410849112711142	5.31873625250793	34.289537446472906	2.0
4.519752390473522	33.454316525166824	0.3278969742951761	12.566992388199091	49.131041721865394	0.0
4.621325333613927	53.735890296805	0.674111603003235	9.650274681288552	31.318398085289296	2.0
5.66462375351088	30.967754809493385	0.5531214441615395	18.05915031396435	44.75534967886985	0.0
6.59079678947531	11.783216526112698	0.01198881853840294	2.535181659210679	79.0788162066629	0.0
26.523057338334638	14.781848928292312	0.022132028296878173	10.751330734649956	47.92163097042622	0.0
38.368919215199675	17.324093766662177	0.08968303645058161	3.071036080581728	41.14626790110582	0.0
21.83491495990325	21.449843466426994	0.04717220851418271	1.7545656528571631	54.91350371229841	0.0
14.132056490708125	37.756173583359526	0.30369180651317723	9.163675996142766	38.644402123276414	0.0
12.075662402776304	31.50578161056489	0.07257482283496008	2.5624314501292	53.78354971369465	0.0
19.40157698818878	22.642140669083314	0.10380818139579728	2.627581112212284	55.22489304911984	0.0
32.62362402358224	27.35465747730356	0.5058694466702875	2.471815228717731	37.04403382372619	0.0
18.07096951848951	15.249526166835814	0.4038779776854646	2.807534674930466	63.46809166205875	0.0
23.236171192940162	27.26870451367637	0.3151415291699016	7.238971641562035	41.941011122651545	0.0
8.564517247037795	55.78316490054173	0.9611108910965341	4.305231053729024	30.385975907594915	2.0
9.574660491937326	43.305093292691026	0.45976783701723856	3.682097162304708	42.97838121604971	2.0
3.573814103902831	54.37424157098326	0.6001311896212637	2.7087543967905243	38.743058738702125	2.0
7.110677637587873	52.148066251560586	0.4830158647891445	3.0079354655866073	37.25030478047578	2.0
5.4785594286202155	75.36958660046284	0.9993252958265647	1.4274378492532203	16.725090825837146	2.0
3.6657395380458917	71.38678244706777	1.6334539642223966	0.9462618747494519	22.367762175914482	2.0
5.478802139719019	75.59057977473601	3.6894340821222102	1.3798102165086144	13.86137378691415	2.0
4.424449629501899	71.40082622846434	6.24024227005714	1.907828294476535	16.026653577500078	2.0
2.691692099594934	77.49787054591356	8.039121467804048	1.11796470028099	10.653351186406466	2.0
1.5631025102844753	66.55156979879811	5.852472564724898	0.6589582457857348	25.373896880406775	2.0
1.3130760348676889	70.86608330340273	9.419789330064466	0.6080301273872167	17.79302120427788	2.0
1.4225254951026913	77.10074607024413	6.149193541012024	0.25694480581234475	15.070590087828805	2.0
