N1	N2	N3	R	W	anotaciones
0.001214366253592287	0.06842160172317817	0.0298151627208951	0.0009799248713757045	99.89956894443097	0.0
0.041936063976584	0.025832275977753106	0.002663176697935162	0.0005792117034885308	99.92898927164424	0.0
0.013935925352709882	0.0315477838633566	0.0024332956464681002	0.0006138021046788794	99.95146919303278	0.0
0.013514014230932951	0.028171989739664685	0.0025009568513043724	0.00020343638345607322	99.95560960279464	0.0
0.00967586436361698	0.005728753585776221	0.001276242055727444	0.00022271061789073937	99.983096429377	0.0
0.010177479503225931	0.004452357862461503	0.0014464672704838973	0.00047889869749887827	99.98344479666633	0.0
0.004159972462440698	0.0028983907904276546	0.0020529677356165266	0.00024109270348907818	99.99064757630804	0.0
0.0029088859548244807	0.0037198041952799313	0.002083781217475221	0.0002213280041786678	99.99106620062823	0.0
0.003795060609368924	0.012061837470650262	0.0012648207153521602	0.0005712847939253205	99.98230699641071	0.0
0.03472439674294691	0.08021829299063614	0.005321253258152641	0.007267875369381211	99.87246818163888	0.0
0.005588196560748157	0.0031425412190938056	0.0006782101839768389	0.0008300568491206772	99.98976099518705	0.0
0.00951310213387261	0.008305455301648841	0.004015631945071728	0.005325660655620644	99.97284014996379	0.0
0.021964630957765918	0.012230260825833799	0.009293433417671108	0.007987367692343424	99.9485243071064	0.0
0.11015415109473896	0.031272065556228044	0.007606892569381346	0.029976408369293904	99.82099048241035	0.0
0.09742012194527826	0.030743574405293954	0.0038979435587400716	0.01434779689972031	99.85359056319098	0.0
0.5858590564328172	0.06798997410947834	0.007812891017337826	0.011326909791469412	99.32701116864891	0.0
0.10574946836331257	0.07615835555694614	0.0015958852585482213	0.010978612787625242	99.80551767803357	0.0
0.020283503670852607	0.015372339404474616	0.0006185925939613286	0.004865785665647858	99.95885977866507	0.0
0.08509137615993513	0.030562182229182725	0.0013498604349337995	0.008615237359343083	99.8743813438166	0.0
0.009080072598108587	0.01326097530799974	0.0007552538623072266	0.008836168990599077	99.96806752924098	0.0
0.07221768277840779	0.029127199528195473	0.003172429641032297	0.02405412570513376	99.87142856234723	0.0
0.6580296756213797	0.06689784668903101	0.0019450097335542572	22.671293065026603	76.60183440292944	0.0
0.11818420159328956	0.02055277116638918	0.0004739403166881353	0.039420038652686396	99.82136904827095	0.0
0.3186234111914378	0.03534811341558315	0.0014726003683793723	0.010215070902866216	99.63434080412172	0.0
0.6493047056180933	0.04805192181416515	0.000891119977134277	0.031095453089172647	99.27065679950142	0.0
1.7674286153107572	0.05452559099751404	0.0024863815796757624	0.033782493958359264	98.1417769181537	0.0
0.3067534005820278	0.02130418869743998	0.0009985587369737432	0.004535491141613205	99.66640836084194	0.0
3.6018631015186577	0.1717244109398589	0.0023900035160726663	0.008301412950299961	96.21572107107511	0.0
10.916394078081394	0.324051540884074	0.005906887872979366	0.009721772410340508	88.74392572075121	0.0
4.614131807822442	0.2777643758897355	0.003151222906026924	0.01018007821721475	95.09477251516458	0.0
3.1132597504708897	0.16344946206839786	0.0015408769825549103	0.005289591473824714	96.71646031900433	0.0
7.5782985759693	0.5609654437985014	0.00829094144470379	0.01609999958166422	91.83634503920582	0.0
19.991695799276442	0.8769121180680138	0.0034988696779823837	0.016944160800504267	79.11094905217706	0.0
0.15471234861192465	0.032455589699584744	0.005141286518437424	0.014070723014686303	99.79362005215538	0.0
1.0001541570586279	0.2079803671019321	0.0026335560405245924	0.013901831959898352	98.77533008783901	0.0
0.47755550461049157	0.06094026280991341	0.005444151787407101	0.008008342047489729	99.4480517387447	0.0
4.343170109651704	0.2661026077124945	0.011563754079254019	0.027395645248371465	95.35176788330818	0.0
3.0506138565883	0.15516102418355074	0.010615009535657988	0.05537233872746973	96.72823777096501	0.0
3.463136542760913	0.37955373711421964	0.0230457043688252	0.027939304148734183	96.10632471160731	0.0
3.5939346268054737	0.23757628706405662	0.005361625752923097	0.026538844112685915	96.13658861626485	0.0
2.5787865091390443	0.269979240568194	0.010881478705096521	0.03654779939603545	97.10380497219164	0.0
10.968913325983397	1.5949794269836746	0.01990791831626985	0.03330612187998112	87.38289320683667	0.0
6.88768164268436	1.966474828480479	0.023376032004749962	0.03489277374751157	91.08757472308291	0.0
21.298466094642045	3.421651891829374	0.08033492790886546	0.0747665458791953	75.12478053974053	0.0
16.29232106873819	22.604916847595703	0.12139716072155217	0.10043019683983197	60.88093472610472	0.0
17.696854975278935	13.751672586075308	0.07335767915269481	0.10719053281531285	68.37092422667776	0.0
6.106600730657908	40.16600224616535	0.13268170363668416	0.09287363609186432	53.50184168344819	0.0
10.832893843285927	54.59835268221222	0.15630385369108407	0.12035362123317121	34.29209599957757	2.0
1.7059299005854325	85.64257349068795	0.0660594779646954	0.028715161195138738	12.556721969566787	2.0
3.988860499152121	81.94407356874002	0.0698141300612179	0.0930781273573878	13.904173674689263	2.0
2.3769124048118817	92.08266561142064	0.03366031090304483	0.13206998580817675	5.374691687056279	2.0
31.258473781323342	63.19925795246656	0.10865801639099043	0.11612696380417412	5.317483286014933	2.0
2.9449781254611667	90.25992090049829	0.05072441195139301	0.14550270700188753	6.598873855087262	2.0
2.486125104754557	94.88254680210342	0.041796445679744464	0.08303721399750316	2.506494433464789	2.0
2.3203917976436563	93.50538267328254	0.16844079948048907	0.08486843911161235	3.920916290481698	2.0
3.2775564500766663	87.15910731593773	0.38354251667500117	0.2066412349943677	8.973152482316221	2.0
5.419904489816235	70.28927170122108	0.7185979959016165	0.1953329788869313	23.376892834174125	2.0
4.052392464161243	75.09368599620903	0.853442168811068	0.2683076628880931	19.732171707930558	2.0
33.74663737247941	42.64376132554674	0.3086646639698948	0.2716055193672952	23.029331118636655	2.0
4.94281058687027	58.5267797097914	0.9042676316231725	0.42348668174760223	35.20265538996758	2.0
5.726139398415628	48.85749550211061	1.7977250487006577	0.8840067760225643	42.734633274750536	2.0
7.878227186760037	42.46103044396435	1.8937297383539875	1.7054590763386224	46.061553554582986	0.0
0.5347526729754001	1.0221989599902441	0.049817637880935794	0.04401781865795016	98.34921291049548	0.0
0.6620381153287267	0.45609926252069444	0.007709335589473327	0.03329685135731015	98.8408564352038	0.0
0.7005853528149494	0.45754230349019315	0.0053399715894470725	0.024672017686488988	98.81186035441893	0.0
0.9431630198045505	0.2897073495151177	0.004942395602031014	0.019514997540353927	98.74267223753795	0.0
4.431055250957604	0.6195518065589581	0.003941275761939833	0.06820736049888486	94.87724430622262	0.0
10.596207642991825	0.7771197263948847	0.0014174173325057324	0.11456838902699618	88.5106868242538	0.0
7.719838906147671	2.023361804281485	0.005736113720586299	0.21455983973065063	90.0365033361196	0.0
7.112935165892363	12.17772155695013	0.011652452315450548	0.33552598747268636	80.36216483736936	0.0
11.472769849565353	18.94010064643698	0.035462669641319264	0.5542325747813283	68.99743425957503	0.0
8.859918283717725	71.61450871565896	0.13902736331188345	0.7204824105099197	18.66606322680151	2.0
4.632528409421828	72.46238394553663	0.14235935355565585	0.4042440890256289	22.358484202460268	2.0
3.2927227637882943	47.10330037359737	0.3932646733051954	0.2355497012598977	48.97516248804926	0.0
5.8448399828201385	68.40922758221613	0.4779170356990082	0.2724120098059238	24.995603389458793	2.0
4.990244588877147	69.57384886843502	0.41244019515790603	0.13744682429125887	24.886019523238666	2.0
6.023962460800228	76.06339006413032	1.3525479874376598	0.22807526097101036	16.332024226660792	2.0
4.792335040256295	64.17566662658739	1.332663837279831	0.14986484940869774	29.549469646467806	2.0
3.234382035751626	73.48396020667877	2.2510669651280706	0.08964808461401853	20.940942707827507	2.0
3.8785926794239436	57.442031735660315	1.902941952629556	0.1774222067116794	36.59901142557451	2.0
5.160649863685499	55.14937408840884	1.1920389398195648	0.058131373579512216	38.43980573450659	2.0
4.690550878867271	62.58782325439229	3.1898676349986284	0.06721606645810463	29.464542165283703	2.0
7.757567986767356	53.57895342657304	1.5248351789867687	0.07379033486749481	37.06485307280536	2.0
2.6477525165557076	48.33552577028623	1.5721514080920023	0.05000156207784984	47.39456874298821	2.0
2.8604486584255637	48.41196244145546	3.1583303310247306	0.06254798477101499	45.50671058432324	2.0
2.3891505031239895	36.73760982099719	3.9034482105626314	0.05281724827053975	56.91697421704565	0.0
3.1269109063701097	19.68479618537687	2.5487192377089936	0.06040853644090698	74.57916513410312	0.0
2.2940069951101574	15.905734098016394	2.318190096683676	0.06265545176801682	79.41941335842175	0.0
5.712357982824606	8.24356749126492	0.6096822946646868	0.029485785188807005	85.40490644605697	0.0
5.276403967597509	10.55908109075956	0.509713305959232	0.015562431640921595	83.63923920404278	0.0
7.186574865702529	26.324411364699955	1.7507474828743657	0.024837023905236514	64.71342926281791	0.0
6.845096571271872	38.21738634396394	2.794227569721129	0.045279896008782974	52.09800961903428	0.0
3.5884328857412973	28.1443974209165	1.886275956243679	0.023491501685611243	66.3574022354129	0.0
5.319962597059066	38.89713750778184	5.085737129389376	0.04059812804805295	50.65656463772166	0.0
2.1127273955720187	33.483646109812454	6.348196938052205	0.02623992108290254	58.029189635480414	0.0
2.2169722613213607	32.143537634296855	10.375980775353721	0.0221063149350096	55.24140301409305	0.0
2.4648850256103088	37.6361995904356	12.897406120954727	0.0200246267236763	46.981484636275674	0.0
2.3252017847273274	38.89495388229402	9.69295786774044	0.022513801749500194	49.06437266348871	0.0
1.1904488988156157	37.94175859392586	15.363872917855753	0.02504591458431848	45.47887367481845	0.0
1.9226849939346216	37.88991591096077	11.991754131419441	0.03308016679284449	48.16256479689234	0.0
0.7585771660479925	29.702621323719942	16.841390731725976	0.018410174750896027	52.6790006037552	0.0
0.9049021323149361	15.834099312679204	6.167740854979331	0.016696305188327425	77.07656139483822	0.0
0.8923610331143854	19.645202328805027	22.492193528526737	0.0141563917878759	56.95608671776596	0.0
0.9431024815562985	9.022177957091735	10.259220462387857	0.008995747578498506	79.76650335138561	0.0
0.41030237346672577	16.6721821926709	18.694533787462777	0.009895160243520147	64.21308648615607	0.0
0.2523496410628711	13.202545658554563	16.368230921597014	0.008058980316090108	70.16881479846946	0.0
2.0155084043744713	22.52258230468114	13.474946157302595	0.018355811867932705	61.96860732177385	0.0
1.2989863972225004	19.77600090054679	12.377375906649744	0.012243712727975057	66.53539308285298	0.0
2.7924087959883144	15.310044880039014	19.89410438996931	0.013602712105260373	61.9898392218981	0.0
1.422155301711129	16.295826788634155	20.021154485611657	0.012549390356383038	62.24831403368666	0.0
1.249411021115577	15.60474917696752	29.034708039871	0.010054045730394251	54.101077716315515	0.0
0.823028134115932	13.759032904031093	17.62172866185568	0.005918767490417396	67.79029153250687	0.0
1.4143771741549704	11.705643165406117	15.571482879659584	0.007155540996396327	71.30134123978293	0.0
0.8912869033362352	14.669469116048964	21.646272573689316	0.007999917861775382	62.7849714890637	0.0
1.1230206793132782	17.085428170319712	10.423043507292263	0.010921223742835816	71.35758641933191	0.0
1.1576404788170247	10.839827871333048	14.252446117945453	0.008317849204882257	73.74176768269959	0.0
0.9596489255532713	13.48897772440299	21.321543150672937	0.010987142937687504	64.21884305643312	0.0
0.8127208214732282	10.317830034360487	18.250281897535984	0.0122427959300618	70.60692445070025	0.0
1.3410966072287462	10.765552465938754	16.23943691322595	0.017656248341961146	71.63625776526457	0.0
0.7898442568008973	10.009879780553584	11.076555471886081	0.0208002141130146	78.10292027664643	0.0
1.0163642809386493	4.802498461159511	1.1452415339784712	0.012432843988683662	93.0234628799347	0.0
5.189397856630698	3.4449003292644766	0.7931137171614526	0.015408637884483531	90.55717945905889	0.0
9.98026858756469	13.745261913730738	7.69940193281608	0.053337942771866306	68.52172962311663	0.0
4.893872560998792	25.47851030308779	6.869436359704724	0.06848945570520307	62.68969132050349	0.0
4.515176246468576	39.01604436994284	8.765852792135034	0.0391820757512901	47.66374451570226	0.0
1.5051855757008823	42.703741185618476	5.873328950633709	0.06028664444372718	49.85745764360321	0.0
1.362010049856972	34.148175469153216	5.482868794654558	0.0715552739017178	58.93539041243354	0.0
0.7585501513804831	34.43383366488686	9.10759322267334	0.06935090317137235	55.63067205788794	0.0
0.8639405527422678	23.64508476682549	7.108536000834976	0.07554653601160065	68.30689214358567	0.0
1.2656027949022408	36.00654749730616	5.965490821653688	0.07539127763378403	56.68696760850413	0.0
1.2798058396705851	32.072839339388146	11.54887611961519	0.07479540581827353	55.023683295507794	0.0
1.0704263245082235	7.260271366697589	4.978403916104323	0.05702437881284539	86.63387401387702	0.0
1.35799091980145	8.11748416727748	5.106167605650874	0.062119567529697765	85.35623773974051	0.0
4.606089507532447	6.308398407082495	1.071294399169943	0.09798529460108378	87.91623239161403	0.0
0.961615591060572	2.2662154305704565	0.20909969903551776	0.05114248524198448	96.51192679409147	0.0
3.2516843600484893	1.847637390889944	0.10780712727317403	0.12881042557210873	94.66406069621628	0.0
2.7200434128112754	4.77233845348584	0.24302860242248087	0.1309978189605449	92.13359171231986	0.0
2.6683317348144975	2.4664831050086007	0.07730909558692572	0.11826205693829951	94.66961400765169	0.0
8.392862212195533	15.643365440158519	0.2909609407039706	0.2811939089071879	75.39161749803479	0.0
2.9055714133004247	13.913860884893392	0.17150452042577385	0.40125435774321094	82.60780882363719	0.0
5.058109185282406	28.979245907143174	0.39983541715120574	0.49712740850143916	65.06568208192176	0.0
4.508826907611476	43.88152997404171	0.515828148193642	0.8144198067671545	50.27939516338602	0.0
3.4340731873559522	38.56262762233218	0.35804337704855227	0.8807475818628936	56.76450823140043	0.0
3.4320292003489405	63.95411076527415	0.24484522128523667	0.8390325569353624	31.529982256156323	2.0
4.926079516525119	47.45400499066342	0.3662626757569048	0.8424056116530311	46.41124720540152	2.0
4.601007296878279	50.06826359115826	0.5507330114382373	1.1392508406051254	43.6407452599201	2.0
2.092375733601792	42.03435606456087	1.642291915501386	1.3465434495676085	52.884432836768354	0.0
2.4802275686688513	39.58414054787117	0.9648743309397727	1.267741842969415	55.7030157095508	0.0
1.265992281384484	63.95368664035139	2.2648936074688675	0.9327951735733135	31.582632297221934	2.0
3.3023569350283375	52.286475160874524	2.2924259832615315	0.7457013534022275	41.373040567433385	2.0
1.019839727697058	59.32802206137634	10.396914883365872	0.5371259674057133	28.718097360155003	2.0
1.9275043633550906	41.12940301366753	6.584811705301541	0.5690027961700711	49.78927812150575	0.0
1.1450829802316673	56.88614816588199	13.398372664829065	0.29597659248055375	28.274419596576717	2.0
1.2114240252534694	42.971343828529996	12.280831688280331	0.21614020632218942	43.32026025161402	0.0
1.3585759089945215	32.74344510681312	11.599178397485488	0.19424043026676593	54.10456015644011	0.0
0.9290486913990441	45.68610624694009	6.992431509244959	0.22802924611470526	46.16438430630119	0.0
1.3091341631824378	35.0846665059402	13.284485700777902	0.23310782015657544	50.08860580994288	0.0
1.208755456916981	32.52546985741726	4.1990121935568325	0.23592688210537113	61.83083561000357	0.0
3.564961817354622	52.76987921794722	12.835994565344267	0.18472256695921735	30.64444183239467	2.0
2.6045384617367526	32.889723296852914	7.6161917296789285	0.10079356616209592	56.78875294556931	0.0
2.3993589630436647	41.28334504493616	9.088099298247169	0.11940902556339758	47.10978766820959	0.0
2.4880874890266935	32.50594926826469	4.5887312016282085	0.09840881043314599	60.318823230647254	0.0
1.5148863760112203	46.07921600206289	14.30747380820139	0.08218770276809757	38.016236110956406	2.0
1.0945903074750496	58.85563107336185	12.080501636721648	0.08162021312212343	27.887656769319324	2.0
1.2873168371216925	44.643219118078314	9.51219235661054	0.06887281536170406	44.488398872827744	2.0
1.0514354241317228	40.57037162319931	11.013357162918643	0.05753195510036518	47.307303834649936	0.0
1.127904052168375	36.2879197412654	20.31039647641623	0.0832699993873762	42.190509730762614	0.0
2.158211125883106	28.01599659576384	10.140112565010106	0.09738279824728494	59.58829691509566	0.0
1.7069117871020727	27.701686933447846	19.994523876798215	0.11020412278406078	50.48667327986781	0.0
0.7307298703886306	14.043177358561747	4.327659649414265	0.1173170299265337	80.78111609170882	0.0
1.4431348634079793	6.05112561090932	1.150100353517101	0.065634962752072	91.29000420941354	0.0
1.4159750673782858	12.29994769000598	5.755826219975295	0.10884499074636944	80.41940603189407	0.0
2.1078945310222164	12.886344770587254	2.4394370303304576	0.11413811284395256	82.45218555521612	0.0
3.5586306571343096	50.59483699635609	1.9909465212370696	0.08889152836955332	43.766694296902976	2.0
1.5818090275879406	46.711543709861665	1.5548254943648563	0.0932551719936816	50.058566596191866	0.0
2.954841402576933	38.53966273030579	2.3874511523803843	0.14477446552017276	55.97327024921671	0.0
1.732768281174293	58.40668519187731	9.690940514903952	0.11476445402338986	30.054841558021074	2.0
0.7739276372569721	43.34602918158103	6.067941498362542	0.07383648271230674	49.73826520008714	0.0
1.3554279921053651	43.62610559652301	29.68348768489581	0.0913532594329431	25.24362546704286	2.0
2.728386571381752	44.746377846547055	10.459978312382608	0.13839173248575637	41.926865537202836	2.0
1.2551547252703223	28.784592391206722	8.713911626440055	0.07284336824705111	61.17349788883585	0.0
1.4978962503297393	28.230515774581953	11.773065287631923	0.048798465076478253	58.449724222379906	0.0
1.4645118021163117	32.63152045874854	12.008524678445799	0.0516983797812705	53.84374468090809	0.0
2.2943421888199653	25.566488621640644	16.031894896539107	0.05623429732814616	56.051039995672134	0.0
1.79387773213436	30.119988898595256	11.407825954266357	0.057765878299592316	56.62054153670444	0.0
1.8600132271940923	26.197593516496525	14.103388202727851	0.04709560528410274	57.79190944829744	0.0
2.3806440726455236	21.219492335150505	10.238133848863116	0.10012749800484733	66.061602245336	0.0
1.0380857271069461	11.962078129290251	4.528210478150676	0.07109656978221096	82.40052909566991	0.0
1.279496214712404	8.068967535944694	1.1569802219404974	0.06583331340044592	89.42872271400195	0.0
1.0117173324520339	14.656310295110151	4.64063913088327	0.05498017845951329	79.63635306309503	0.0
1.8671136507511177	7.528682784853495	5.32727494878733	0.0803032859752271	85.19662532963284	0.0
1.35312369859817	53.21905752253138	7.947050785142109	0.1761915980266519	37.3045763957017	2.0
1.523630995270411	18.861784196503653	3.5227847135980075	0.14200291160765466	75.94979718302028	0.0
1.2428111268871935	2.9301783350034176	0.17925993607627455	0.056888978223261284	95.59086162380986	0.0
2.324266141896273	7.24919355706121	0.4105753118411809	0.11179410088665218	89.9041708883147	0.0
3.836698301984779	22.186415025257595	0.6791632450912595	0.44872176195959507	72.84900166570677	0.0
15.043799811015912	19.571028474299087	0.33003093559221913	2.1803335299620965	62.87480724913068	0.0
4.438664337053635	31.065347084021223	0.18030781645803734	2.028790506577725	62.286890255889396	0.0
1.2693603533943352	3.149078622635295	0.04764621104277317	0.8782222357470278	94.65569257718057	0.0
1.0730208923407456	2.4953821505532763	0.014587413327735301	0.3569191662185953	96.06009037755966	0.0
1.7750962176163874	0.7662293093359575	0.003131379666858349	0.19489150881829737	97.2606515845625	0.0
1.9076358049858495	1.3798179475630492	0.0028201490627627382	0.17668792899549693	96.53303816939285	0.0
3.0119177714584224	3.103613553972842	0.007186089737412735	0.12164318858890563	93.75563939624242	0.0
9.475942318943801	16.675922836698472	0.009730709191459455	0.1459673849093691	73.69243675025689	0.0
3.4690165936093864	11.53714839096327	0.011827447855585949	0.1355712417583148	84.84643632581344	0.0
3.822954276894831	9.01084771039445	0.004261204592337826	0.20502850756772834	86.95690830055065	0.0
2.904715310189477	18.210732860801155	0.00555108125878821	0.2614762483548076	78.61752449939578	0.0
5.7742473733936555	17.34162775451246	0.010701128128185968	0.5948015766751328	76.27862216729056	0.0
2.937646623594437	7.788560487548738	0.04512767416421195	0.6981909500969933	88.53047426459563	0.0
1.396543928698722	4.4663303373740355	0.022607710178493546	0.2020791128863871	93.91243891086236	0.0
9.412205804952997	10.245598877753071	0.030908522445478995	0.5904616793693814	79.72082511547907	0.0
1.9608720453629405	1.6473443140540138	0.030812514711385828	0.17009114200349681	96.19087998386816	0.0
0.9828632434556488	0.70842833541965	0.0010997021577840254	0.043384915805685154	98.26422380316123	0.0
1.00559679870861	0.9443962607063084	0.0053015518482044275	0.08251931321158848	97.96218607552528	0.0
1.4544528594821962	0.9632796495993942	0.003661455075432323	0.06534577308838346	97.51326026275459	0.0
1.2974798431116958	1.766205128795336	0.006065093128929962	0.06473524533097264	96.86551468963307	0.0
0.9758647680287126	1.5186883430924134	0.0032614648608357538	0.050733685373972326	97.45145173864408	0.0
1.844590131854779	3.1451599368982968	0.02424506164684839	0.08318168298090228	94.90282318661917	0.0
2.0003189693952304	2.6797806366391708	0.028260508173197207	0.1513337256943634	95.14030616009804	0.0
0.19034851747158543	0.19845915296107544	0.0008890584988073757	0.028332714243172064	99.58197055682535	0.0
0.7911515070048092	0.6802772399500213	0.0026412009067645894	0.039325393411375247	98.48660465872705	0.0
1.0878801079651559	1.088196211049378	0.007983106245072487	0.0742440869787298	97.74169648776166	0.0
0.6831525061221353	1.5656453610377905	0.02281593411266407	0.08438542193381694	97.64400077679359	0.0
0.38240472404838355	0.44500600612819974	0.004560406770526641	0.02608093488957536	99.14194792816332	0.0
2.1424370946790554	2.506299596340331	0.004780611598755719	0.08333238389894138	95.2631503134829	0.0
2.3572466964218344	4.27673843809016	0.0077093836862511715	0.11766915193784906	93.2406363298639	0.0
0.20540234943551045	0.13599076117432704	0.005209025432797154	0.08621056779244568	99.56718729616492	0.0
0.6630039381215641	0.396491279605086	0.003468526486330518	0.10030235388105829	98.83673390190594	0.0
4.048855805857771	2.0519963122778826	0.005337056942498078	0.7640856957088263	93.12972512921301	0.0
10.856609576417169	12.95405143740126	0.014696169285417532	2.863580457976645	73.31106235891951	0.0
16.476828597976706	45.22933213071874	0.019940493406234012	7.78781510870349	30.486083669194837	2.0
10.582111009263196	9.914528487995748	0.027723166384715038	14.036199087947873	65.43943824840846	0.0
5.20186650747116	3.8753913957901593	0.009329412132968378	33.618918187351724	57.29449449725399	0.0
8.277983916725244	10.359854571995598	0.009216033990848834	17.531583751143813	63.8213617261445	0.0
33.88354272865501	2.548887832893047	0.006040022958263983	29.06677050513713	34.49475891035656	0.0
8.318206234543485	2.849914443766737	0.0042018761309171645	59.377566506683934	29.450110938874936	4.0
8.287880096910792	2.334587221812405	0.005590977065961838	67.48088406440773	21.891057639803115	4.0
6.613439074112354	6.700473244504113	0.007400793063037052	36.97943824199333	49.69924864632718	0.0
2.778507082343681	1.714226392385071	0.0019762000571452655	41.0173150799071	54.487975245307	0.0
0.7430272050754955	0.577179295270626	0.003118021911571779	80.9484248665998	17.728250611142514	4.0
2.976310767642813	3.521466863970545	0.0060753111734747345	51.65578934596531	41.84035771124787	4.0
1.7346439237565872	0.8280238610123827	0.007079229587966031	79.08200257725578	18.348250408387287	4.0
1.578428687630578	0.6731483206855723	0.0036306965140586994	82.15351209965701	15.591280195512777	4.0
1.5921043313633225	0.8594682213384709	0.00226668479972384	67.2583343399936	30.287826422504892	4.0
4.504640093914676	1.564583898421496	0.003601319608207963	42.464196627210974	51.462978060844655	0.0
4.064277234718078	1.1234717416153286	0.004777210442697632	47.133534195340026	47.67393961788388	0.0
2.6009246735838483	0.9954675136872078	0.04239077214150278	41.32250464970678	55.038712390880676	0.0
0.9041980493766165	0.4912871752606037	0.015124580933099015	87.71764474737913	10.871745447050568	4.0
0.8410692739019829	1.074153435218591	0.007118965499843682	57.02948077603002	41.04817754934956	4.0
1.2707033365520042	1.159669082969106	0.0045788588195233085	74.23008328578119	23.334965435878164	4.0
1.8297095427373875	1.2533880263676165	0.036833815899736604	48.65765212069276	48.222416494302486	4.0
2.7098538141970647	1.6167425328266267	0.006890167273545295	17.849546459925705	77.81696702577705	0.0
2.2547633870147283	1.4316883558671771	0.009553999664874108	39.07461994757689	57.229374309876334	0.0
1.6947973037766801	1.25499300377815	0.03350379963690448	47.75933757992025	49.25736831288802	0.0
0.5374512929097114	0.8025594132159022	0.012289037809034894	60.83847141946615	37.8092288365992	4.0
1.1386325046591237	1.0851713790379258	0.02746076637990717	86.54271118401405	11.206024165908996	4.0
0.9907524811614009	0.453535838685999	0.013725851302140135	92.97702646451857	5.564959364331892	4.0
0.9288931634431093	0.7205064160715233	0.025272733580985064	65.50410713211762	32.82122055478675	4.0
0.5618411947000002	0.38013003955644264	0.013754819201306393	95.66859642215381	3.375677524388447	4.0
1.445737574313365	0.5588922897631832	0.016022027810049605	60.126902340344046	37.85244576776936	4.0
0.34492293716731187	0.34789557267438914	0.010088619578084747	78.20819044977286	21.08890242080737	4.0
0.20111251151605844	0.37582665307841817	0.006456058418595054	88.69015300459405	10.726451772392865	4.0
0.2468124723797459	0.312045223250017	0.004170927337876791	94.18190868947431	5.25506268755806	4.0
0.9289026412996331	0.779731056141024	0.006888128396511342	77.17941587522135	21.105062298941476	4.0
0.432186392946395	0.29590734177795597	0.001684610032938354	93.8594614017882	5.410760253454505	4.0
1.1681184553927255	0.9528480592024188	0.0018622376380808244	72.56101203100239	25.316159216764373	4.0
4.087601465357041	2.1042934150743027	0.009377389913594113	51.63135831857216	42.1673694110829	4.0
2.427303147958925	2.1600495622478495	0.02499253579027569	55.3471880709131	40.04046668308984	4.0
6.297975174971876	0.7516785062044763	0.0245390780443208	49.40431132592022	43.5214959148591	4.0
2.244697322502064	0.574895452490088	0.007925856348827193	82.16899593126557	15.003485437393454	4.0
2.300915268166573	1.0336576030262299	0.01570466673539287	70.842452152169	25.8072703099028	4.0
8.524825520516096	1.4703410968366173	0.03474960359572975	43.67467738363129	46.295406395420265	0.0
0.7008078744088937	0.9427950076177586	0.017114910077252434	58.38956828049741	39.94971392739868	4.0
2.89309781077942	1.4747689392395382	0.012876316522472604	80.46262053214534	15.15663640131323	4.0
1.8327137993637028	0.6750574830202623	0.009440945584394067	63.12664019087085	34.356147581160776	4.0
5.923978983615609	3.645941604490678	0.010657453411368836	32.63851657000054	57.7809053884818	0.0
3.6976638924704464	3.2238812219282846	0.02008846503851858	57.95668026273031	35.10168615783243	4.0
4.376918144534752	1.6529431725566712	0.011939758424402144	38.291564764785406	55.666634159698766	0.0
5.944851825546174	7.543379973512732	0.012956290785731895	29.797876685869934	56.70093522428543	0.0
4.544293172708256	10.045824223757775	0.004133844302548522	53.438737763658786	31.967010995572632	4.0
1.4663847711635563	1.6736876951284574	0.009712896639019156	80.24824651773706	16.601968119331918	4.0
1.757754240360724	2.8824196497215726	0.009907122969358929	71.44726899098546	23.902649995962886	4.0
1.3554979526516318	1.748787838326355	0.005730397298959467	79.27985595879258	17.61012785293049	4.0
2.091856801911094	2.7127334302117334	0.009533618320456658	82.93533824346841	12.250537906088319	4.0
3.445994314854118	1.229565048075856	0.0020858196058970674	70.38932602181161	24.9330287956525	4.0
2.2873706371188196	3.948402172346379	0.0984113626885947	46.85140054867637	46.81441527916984	4.0
1.6842342326031594	0.26515255919057806	0.004986910108148609	89.29969666445689	8.745929633641229	4.0
1.6284539447007722	0.42468152240582807	0.012712550982588177	54.039688861950495	43.894463119960314	4.0
1.1609784304025552	0.7054857395648735	0.004689779741556406	79.25369096811575	18.875155082175283	4.0
3.477890134442438	1.9444530584145108	0.009278295668189322	55.297476139988625	39.270902371486244	4.0
0.9743121560880457	0.5082317936094112	0.0046684432451737385	79.86655542951408	18.646232177543283	4.0
4.776874862542802	3.7492112544553646	0.04637899795103766	43.8598577098073	47.56767717524348	0.0
1.807120570152554	3.1619440910755645	0.02079566089948667	21.107213311101685	73.9029263667707	0.0
7.12609578324048	5.385365313795851	0.4064148945472552	39.61067219325054	47.471451815165885	0.0
8.698397322312347	9.219932606950248	0.0120518049831643	32.51535289638186	49.55426536937237	0.0
9.28979665770277	9.03165863761041	0.0031904520860927678	15.45205600277328	66.22329824982745	0.0
3.540430320021119	8.811352810449174	0.007758214997261786	29.500354669917733	58.14010398461471	0.0
4.140611078744837	12.271095645292245	0.057903112095357694	34.40323719561291	49.12715296825465	0.0
9.998057720162386	26.59090600452641	0.0989886056344565	38.441263732635846	24.870783937040905	4.0
6.915889129153856	36.0327637363985	0.08220159707109187	46.905294758315456	10.06385077906109	4.0
5.588291363162464	29.09381949564423	0.012018238534087932	47.04463942213968	18.261231480519534	4.0
5.857243437387952	34.56827839135654	0.01088181971186009	45.33984718402755	14.223749167516095	4.0
4.8134130760511535	18.61296012145834	0.006585699639262392	57.86869267058788	18.698348432263355	4.0
7.358036566066693	17.435858245636222	0.00704960665767431	42.806839395280235	32.39221618635918	4.0
6.338856557826249	23.683496734677803	0.13687386821395336	42.2086341146169	27.632138724665094	4.0
5.3670685362970385	17.087729961092446	0.08833886929556567	48.27551121955733	29.181351413757607	4.0
4.141058616873757	20.1281510193472	0.07506997144303021	44.90631186705793	30.74940852527808	4.0
4.20384418365172	15.50731064302985	0.006017480425039334	56.55325075894561	23.729576933947783	4.0
4.176408374830804	4.6671193468423615	0.005394221877390187	36.03293691347795	55.1181411429715	0.0
3.5192134581683314	8.540405505245078	0.010877571195237568	26.671896056281934	61.257607409109426	0.0
4.5627384630023196	12.955731365055954	0.01630317765613115	31.128511585246084	51.33671540903951	0.0
5.032368520511808	15.607114126607971	0.008001201944698543	40.06420411143447	39.28831203950105	4.0
3.8047314536044854	3.2362776056071083	0.008034947935106614	54.46438060042785	38.48657539242545	4.0
1.71912179595778	1.3275733624130224	0.006297756998786984	63.56323787440235	33.38376921022807	4.0
7.985777387230959	1.7441889028357798	0.005530895458615187	51.90614681362832	38.358356000846335	4.0
5.272020858372387	2.4426620685341285	0.0137964004578568	27.18846615522586	65.08305451740978	0.0
10.5023968206578	4.566928369485878	0.012650210919650743	28.268387377952166	56.649637220984516	0.0
7.069442413291736	11.170138312088344	0.00907137946377769	10.957728763122491	70.79361913203364	0.0
15.657020348565304	23.745437026389617	0.008997282264037062	29.404835888098773	31.183709454682283	0.0
11.008365289350584	24.699295445481255	0.013985454596187913	15.972091485738405	48.30626232483356	0.0
4.406055049137368	31.399696881719898	0.020427525455648094	12.070576658332529	52.10324388535456	0.0
7.532932301266078	67.2376657379935	0.03516753908874777	10.677975724036683	14.516258697614983	2.0
6.976938733494649	77.08384501215751	0.09957049759103866	5.592358687921487	10.247287068835293	2.0
8.215858101884074	58.66385634943387	0.11699402366013709	7.0675535977327115	25.93573792728921	2.0
12.533576254211857	47.31353246126523	0.20448345220450154	5.453363708111863	34.49504412420656	2.0
8.554319830232835	73.14905362449849	1.1403668858965548	3.8558896205413973	13.300370038830742	2.0
7.834385557141385	72.93918267851272	0.08512573809246937	2.97852300148867	16.16278302476474	2.0
5.917761403480214	78.74690462769998	0.2447146517830337	2.0865679315466448	13.004051385490131	2.0
1.3547095716036748	92.45890547680578	0.02290919194532877	0.5636719595675899	5.599803800077607	2.0
0.9366890798414046	94.46936027069924	0.020384957407958485	0.5454472005672331	4.028118491484181	2.0
2.1943471636975596	89.98797744864592	0.08579397600201501	1.2239397923499975	6.5079416193044946	2.0
1.2686851670221593	94.9256801594603	0.06456544210277784	0.32195616384317477	3.419113067571597	2.0
1.3851580058502784	94.03782071396172	0.018898754738899973	0.21323638865483246	4.344886136794257	2.0
1.5945592252631247	83.68710493880826	0.2761477381603682	0.4816671716808733	13.96052092608737	2.0
5.578699937275541	72.98876212323052	0.3187619641021211	0.4357651241645069	20.6780108512273	2.0
7.04991926025125	65.78590016180796	0.8436643215317644	0.9624733183128333	25.358042938096187	2.0
1.2734012483800456	81.00328504343996	0.49825147298534045	0.45694432492813997	16.768117910266504	2.0
5.613469980723935	76.34643164882505	1.1265052909086297	0.530708245347143	16.38288483419525	2.0
5.893447551552883	62.85761828807181	0.7902621643728412	0.6090583437047773	29.849613652297684	2.0
5.675994485233116	65.9132539100911	1.2796186227947803	0.44149570843801894	26.68963727344298	2.0
4.1056158689715145	69.01614079750458	2.030303786953443	0.36072538372036383	24.487214162850098	2.0
3.8795021247598505	62.4755723606906	2.2368853799267256	0.34821691387179	31.05982322075103	2.0
2.228935293102295	78.76515733637835	2.870381421894442	0.27109176198633195	15.864434186638562	2.0
1.6513383480515837	79.3817405031952	2.224150171059603	0.27249386781037666	16.470277109883234	2.0
2.2718778838111238	76.45298066035299	2.2557301387039796	0.18603927915797044	18.833372037973927	2.0
2.008619185821219	68.16634129829728	2.7948158669671077	0.17232183884939223	26.85790181006501	2.0
2.931058823877342	75.8545633562054	3.5160541115695354	0.14833796142454583	17.549985746923177	2.0
6.098600307257459	61.591095734959225	3.0757146793766186	0.2322343570213227	29.002354921385393	2.0
2.5105751360107584	70.11102086886534	4.024116153970485	0.1632131932651176	23.191074647888296	2.0
2.245089878873224	54.7405218109854	4.693544167600082	0.05543507951908963	38.26540906302221	2.0
3.0749270110572966	51.8280840982394	4.254945634307063	0.04140925156350611	40.80063400483272	2.0
1.7191182313307491	55.066774072274214	13.224778000808582	0.019671561021403283	29.96965813456506	2.0
1.3532811742026538	61.18563963171725	10.965154099774772	0.032519192200293444	26.46340590210505	2.0
1.275403140319788	52.85927192310697	23.654257046195095	0.03292174504925721	22.1781461453289	2.0
1.9521124452255716	40.85758169870564	11.400006715137575	0.06653568173653339	45.72376345919469	0.0
3.0195535551801598	43.390792191290956	7.650814666488529	0.0788420982492942	45.85999748879106	0.0
1.481383123974174	25.057799859458807	15.803052109408384	0.04899943978018059	57.60876546737846	0.0
1.4118903189601553	25.636617239370835	16.23211092582808	0.05642894169049571	56.662952574150424	0.0
1.1783581376309482	39.898028724038845	11.259917805914368	0.08328938096814512	47.580405951447695	0.0
0.9381128389869829	23.57904754712998	19.82254144043313	0.0765347567723716	55.58376341667752	0.0
1.165284417759519	23.62095433046111	14.494198010360124	0.08193303332153698	60.637630208097704	0.0
2.224167925855207	42.97586589949795	8.052047596414056	0.056004205713871776	46.691914372518916	0.0
1.1523930505071256	21.73915941051659	5.442867933996382	0.054324090350897344	71.61125551462901	0.0
1.1856212282193535	28.786288532548937	7.068300539026957	0.11435592857014668	62.8454337716346	0.0
1.609398676992239	42.83101385958037	7.947796109921539	0.25742926036853786	47.3543620931373	0.0
1.3151458350102974	32.97665119073816	13.7774499875365	0.106285876506127	51.824467110208914	0.0
1.9834461379479424	38.564047045354044	5.714833305991455	0.1370160342014956	53.600657476505056	0.0
2.1477722683427825	27.384901937800844	12.342321927560205	0.1301520310860673	57.99485183521009	0.0
1.5869566196289546	22.373627591747955	19.18845126693964	0.08569620280585852	56.765268318877595	0.0
2.6377731051151065	25.259856392453262	14.688457014564202	0.10116882294634445	57.31274466492109	0.0
1.5344613351331133	17.40354209749745	10.042495798820084	0.07009548398117875	70.94940528456817	0.0
3.066635691171617	20.795764168208073	13.239552024112644	0.024649763135875524	62.87339835337179	0.0
2.812674911482967	23.802300221722735	11.031532604941303	0.024889432174552903	62.32860282967844	0.0
3.488021647351443	23.18801147539564	11.760667983443607	0.029592953427285577	61.53370594038202	0.0
2.417028958863466	28.24563958675132	16.512466529070593	0.029400419223875915	52.79546450609074	0.0
2.5218668749036497	23.691652550045788	11.963426780079827	0.0429198715845481	61.78013392338618	0.0
4.47506157463206	20.93100863691222	15.18319445275569	0.08830388075538483	59.32243145494465	0.0
1.6839650113134566	20.263879343344925	19.1432411750832	0.05070827505681704	58.8582061952016	0.0
1.6325729629741443	5.86230926052622	3.8061827570662574	0.058387317839515576	88.64054770159386	0.0
5.765182258744129	14.972970685800732	5.387817088299897	0.04362546360083803	73.83040450355442	0.0
3.3792595113740878	26.272243852883125	6.744377308543716	0.034607309529368406	63.5695120176697	0.0
3.6485260078820594	35.812467961695624	3.1688657308634647	0.04272184384752043	57.327418455711324	0.0
1.91246794575547	28.769889744730502	2.45480788814152	0.03508880463969469	66.82774561673281	0.0
2.1624315230885633	12.235835690683711	1.3746257224543972	0.039202822442658596	84.18790424133067	0.0
6.9691325369574395	28.465220715471496	6.752021627571439	0.13317510008402897	57.6804500199156	0.0
4.903520962027525	29.25154418624588	4.253805875810452	0.116750654445389	61.474378321470745	0.0
5.764136304885438	49.847307804999446	5.176183454688944	0.10621864650996841	39.1061537889162	2.0
3.6236026686131737	77.26754974174348	5.938247869278781	0.16955164093820005	13.001048079426367	2.0
5.83696835242827	49.315532175049924	4.0215047056670645	0.16098091946191084	40.66501384739283	2.0
6.890870358628749	25.705919759112312	6.492845068540078	0.18292092629179277	60.72744388742706	0.0
15.029786785190666	34.81194775583252	1.8957355389999309	0.2177197088288953	48.04481021114799	0.0
5.856247047969466	58.337075158060244	2.151335579027891	0.208570133753225	33.446772081189174	2.0
3.0379088647597356	68.16707270849311	5.165960426002512	0.16688485809844975	23.462173142646197	2.0
3.425268856774012	55.57541195760389	3.744364284655182	0.26637547071373674	36.98857943025319	2.0
3.2966210534750915	59.75757195061202	2.4510353143697574	0.5132739448123582	33.98149773673076	2.0
2.650622490688874	42.49163814690489	4.722741642050831	0.6131162314664022	49.521881488889015	0.0
3.470551244105105	58.213814678859144	5.535389370049333	0.5966504286176889	32.18359427836873	2.0
2.6228914238949983	48.949161343271825	6.542405272723972	0.38141937539581633	41.50412258471339	2.0
3.3330646717836294	40.13661815318784	6.185000939304628	0.42193079639340797	49.923385439330474	0.0
2.260056083414997	40.86451400011236	8.769353927022514	0.22060123609911525	47.88547475335101	0.0
4.70279937233755	38.45964216516423	6.139196633127067	0.0986233821125016	50.599738447258645	0.0
3.7934285539811485	37.199713044497756	11.61516360130292	0.12521757232029404	47.26647722789789	0.0
3.827551476744605	30.830074519095067	11.757042371524545	0.06920321272391022	53.516128419911865	0.0
3.3015886684401643	26.823075083176906	7.3582539938452545	0.15172939346543018	62.365352861072246	0.0
3.2595750175393983	25.94309916157541	4.61272816986752	0.06336880275374246	66.12122884826394	0.0
