0.0673930567526328	0.03666982225169342	0.01201382199201994	0.003423810019877828	99.88049948898377	0
0.36828580893799995	0.1411756541356161	0.003372282948533311	0.018333217967391218	99.46883303601045	0
0.8442499038489379	0.3697839475621361	0.004493374994994899	0.02433405417045878	98.75713871942348	0
8.843702286131622	0.9198711089210048	0.0060764201468957195	0.06393670744542741	90.16641347735505	0
5.251686091374499	1.0596557531368271	0.0035876818135182507	0.032215526674527754	93.65285494700063	0
2.712694817882578	0.4004070856653272	0.0006265723536614488	0.03927486221430675	96.84699666188412	0
10.384265279555638	1.8623310846159153	0.0019427717789759341	0.038424359998522874	87.71303650405096	0
9.696967587132557	1.5855625276899568	0.0030136603229139417	0.0656812842597026	88.64877494059486	0
9.222525263426965	1.448288106126406	0.002340793681021406	0.07722343158798362	89.24962240517762	0
6.698656621491573	0.7664484139082425	0.0005774078839415192	0.07340775279912962	92.4609098039171	0
1.0992015636488666	0.5390051071999924	0.0026540015358763863	0.050442477262431985	98.30869685035282	0
2.7038029274297557	0.7411884582205028	0.0013283785862599445	0.06307940403301507	96.49060083173046	0
7.533085465634398	1.0189873161199219	0.0007074656263446609	0.10111779812823761	91.3461019544911	0
9.843626511238776	1.006333076021488	0.0016707476183420952	0.09390595166243584	89.05446371345896	0
10.69365269093671	1.0888814155624584	0.003451664247072282	0.09300709245557476	88.12100713679818	0
9.975373594645063	1.0789433491925646	0.005565425997527373	0.07851827395410976	88.86159935621073	0
4.6844430681482105	0.6925640748183564	0.0019502124597040923	0.05962558162701876	94.56141706294672	0
6.68176367453826	0.6745820497014993	0.004080571264121171	0.050547174506708675	92.58902652998941	0
11.474890401056271	1.0831441653378144	0.006030111067883876	0.05272630050574986	87.38320902203228	0
7.06252411858922	1.4166681144650746	0.007330788095115004	0.061911489771857973	91.45156548907872	0
5.037838931602274	2.553065313528271	0.006420544703809669	0.08234215704654786	92.32033305311909	0
7.3756534303857535	3.0978760759234185	0.006393589691227743	0.1288812108004974	89.39119569319911	0
9.032964792881918	2.662772616904421	0.005623319078326414	0.05576767908995093	88.24287159204539	0
13.003853899792544	5.294178131290749	0.00326868590919194	0.09562118230558782	81.60307810070194	0
5.362706447462407	1.8325655137596566	0.00275170065060101	0.041287640778617206	92.76068869734871	0
16.094485286028057	3.493398197512195	0.007507301596576737	0.05013835136527366	80.35447086349788	0
4.816207332298697	0.8037784126545581	0.0026344462883705596	0.02852950315347818	94.3488503056049	0
3.255763035322518	0.9652643489574002	0.005041046079037354	0.036688597725736155	95.73724297191531	0
3.248282415312108	0.7769942402528089	0.0017830492019103026	0.012750704421158075	95.96018959081202	0
1.7426035512438474	0.6402279858108868	0.0030360717720487344	0.010415906364455642	97.60371648480877	0
1.6136628465207046	0.7862631799797756	0.005127084346783358	0.009947640854417105	97.58499924829832	0
2.7264722313093115	0.5744586558552256	0.0018037455441695571	0.0077162437967375885	96.68954912349456	0
5.955955569182497	1.371140989490801	0.002123565965307304	0.034851631359513816	92.63592824400187	0
4.604713920403238	0.7274784233399234	0.0012121206195646668	0.061719157945710326	94.60487637769157	0
2.6179405918881167	0.2115893883386851	0.000992299556619425	0.06262721125290767	97.10685050896367	0
9.797555292769708	1.0649674813428305	0.002804240426306572	0.19513118984706035	88.93954179561409	0
16.7787306413517	1.7239020799715998	0.006264537411178671	0.2854590659702385	81.20564367529529	0
7.593905808191553	0.739937994187592	0.0037492673067981387	0.14477319379190062	91.51763373652216	0
4.050208638389071	0.5599478506491592	0.0017617425118154422	0.17320162041782416	95.21488014803214	0
6.592278869624618	0.5033441101447254	0.0008401857207249889	0.21308420591208793	92.69045262859784	0
7.906869970886802	0.3882914071050727	0.0004086476806690805	0.135340785658386	91.56908918866907	0
8.931543296836027	0.5030803615170445	0.0011069851195675796	0.1597471727163143	90.40452218381105	0
9.30477060186444	0.7148469644320963	0.0008129031279148374	0.10170438507627207	89.87786514549927	0
5.2660849016737625	0.6136124754063005	0.00149741038145048	0.16955326335289733	93.94925194918558	0
7.55195796630759	1.0222319747768496	0.0014271188088231012	0.15641345818731506	91.26796948191944	0
7.6948715482229995	0.8204465013948112	0.001252801836751707	0.07573436743792071	91.40769478110752	0
3.5215560249652396	1.0267038105461552	0.0013006437259541154	0.038103363836032654	95.41233615692661	0
2.7209885333982498	0.27980759931864135	0.0016601959883457112	0.022487925384230247	96.97505574591054	0
6.671214962157661	1.281102115881327	0.0028386740595462943	0.04077134603428399	92.00407290186718	0
4.271173802382128	0.651066894157824	0.0035984083312898753	0.02918095068410511	95.04497994444463	0
8.326812029826849	2.271806216073161	0.0028313880327176556	0.05806727684965411	89.34048308921761	0
2.1392234480840844	0.30638545326857086	0.0007497599235173519	0.022845414725730928	97.5307959239981	0
7.309234328148663	0.9680976320532639	0.002883824780206307	0.11155798356779367	91.60822623145008	0
1.7463881685108942	0.3324014319255488	0.001464302686528988	0.0320980348329391	97.8876480620441	0
1.533108120915881	0.5613756049804062	0.000972773840622039	0.04612986381075694	97.85841363645234	0
0.6506611949416483	0.25744346855259015	0.0004552286944149058	0.07200180889126849	99.01943829892008	0
4.3907684010608055	3.1751068866963146	0.00513064740668745	0.4033086746891637	92.02568539014703	0
12.92439589740921	1.8143939180861501	0.00030801851263980107	0.2386730825231941	85.02222908346882	0
11.779339760595873	2.3919345887600847	0.0011292687424475523	0.49393856713230044	85.33365781476928	0
15.209112951392962	0.4666537486318112	0.00014993508347643968	0.13285643740950465	84.19122692748225	0
21.191125668761714	0.34000913169763824	0.00014926531575988838	0.3026455335941879	78.1660704006307	0
53.25870797961021	0.7442208563071374	0.00018226544536292932	0.5757641984079137	45.42112470022938	1
16.560212436413256	2.0589739831204144	9.920129903023066e-05	1.0026778110038683	80.37803656816342	0
38.20050616204861	1.0695353100813125	6.324368948710611e-05	1.4762575815137071	59.25363770266687	0
21.940331211311772	2.242720066697718	0.00012793566747770007	0.45494302871959763	75.36187775760344	0
28.72009099399422	0.6568411992150326	0.00014345238103715996	0.6356503299922946	69.98727402441742	0
73.66886767671123	1.0908201841008962	0.0003536525037340145	0.42247541080388995	24.81748307588024	1
5.232868859477368	0.3038666296847972	0.00011788305608227134	0.4887938702539014	93.97435275752785	0
12.391228940380277	1.095512541092932	0.0012131287859068896	3.408110017000812	83.10393537274007	0
3.1244506762791224	0.23472954596513818	0.0005317184882904957	0.5442540070293482	96.0960340522381	0
71.08219703194783	1.1012056739173115	0.0007416621705424197	0.4845352766953903	27.33132035526894	1
88.04490177676094	4.7215510018702975	0.0006569756432548935	1.0031784497839498	6.229711795941551	1
37.57560865926043	57.397278937230936	0.03821230592519479	0.44014219169152113	4.548757905891937	2
10.211772176307528	81.53404075705332	0.10824264876741119	0.6227705318862986	7.5231738859854485	2
0.33560146837995936	0.33831491032371663	0.03125538938242148	0.05739163518749547	99.2374365967264	0
11.966519727328569	1.5640922579270065	0.0019397580946505868	0.36435918474606954	86.10308907190371	0
37.85501840863354	42.1621505138158	0.05698886771549282	0.4116737288915851	19.51416848094359	2
21.988551510288442	63.23950271536704	0.27990303369756936	0.31670892554508917	14.175333815101881	2
2.7766825223453573	93.96667086747323	0.19689981194216735	0.07791209925216036	2.9818346989871167	2
4.597530834919978	94.4421519030757	0.06097889937889061	0.1379943725984242	0.7613439900270205	2
1.618839640089943	96.93785611501647	0.6610242642182104	0.25093146739061906	0.5313485132847543	2
0.4943698346938926	98.78645231382514	0.3892109485644408	0.0935755554211827	0.2363913474953488	2
0.34357999687051155	99.21984653271359	0.08499853660594467	0.18184722487810223	0.16972770893185074	2
2.630430837301967	93.59420695322413	0.8057949817539023	0.16059711940633722	2.8089701083136647	2
6.488548597747178	92.54054219349675	0.025470819902929112	0.16739597808629791	0.778042410766842	2
0.5725140732641427	98.82123243574654	0.3172698331011983	0.04944711374702044	0.23953654414110093	2
1.4898960518448885	97.71614345312008	0.3519389130076161	0.09766175755693876	0.34435982447045393	2
1.627841202922722	96.37860988642151	0.23500224536018433	0.03172145228531254	1.7268252130102772	2
0.5545057982653162	98.6529583268566	0.31189149287824636	0.11964716192640223	0.3609972200734228	2
0.21867245867296473	93.73582601140389	5.62505381624805	0.07255160083401906	0.3478961128410502	2
0.45643422790412197	86.39611336555984	12.076220000189018	0.04264701374336488	1.0285853926036492	2
9.953537690761133	82.40663102609655	0.03085013311823986	0.03861746086917041	7.570363689154924	2
0.7888891001975956	97.73903291998842	1.0451667665911375	0.008680618248777312	0.41823059497408155	2
1.6400049616189394	97.07255833693382	1.057298985746689	0.008498302949189832	0.22163941275136506	2
1.1851371657858427	96.2331369167398	2.371085506523637	0.004898976020673744	0.2057414349300629	2
0.3026224797903962	96.19171263585399	3.236085305301105	0.01864835809399549	0.25093122096051446	2
0.33451108598478624	35.04301985547263	64.33028854426988	0.044069773958174525	0.24811074031452318	3
0.7092934909912353	89.76974117398686	8.702660279479668	0.037644154549007526	0.7806609009932209	2
0.36224074907970844	73.0525968925486	26.093057477743777	0.0257281491033741	0.46637673152453085	2
0.07826812442812099	51.38803603019863	48.264479617565456	0.013249962525080435	0.2559662652827198	2
0.04450456119112148	16.356293505905715	82.83983957460798	0.011991130445047522	0.7473712278501343	3
0.10455917420373444	51.010903940271426	48.43768306901062	0.013987487178422572	0.4328663293358055	2
0.0312772505495712	6.658489777253063	93.02556525053569	0.010148503181936	0.2745192184797397	3
0.026726123321217623	4.940358161750769	94.77120015938297	0.00672593495031781	0.254989620594725	3
0.04449635139080447	8.612152445154791	90.97698076245608	0.013465529466046337	0.3529049115322596	3
0.11480337171180038	13.00493312821527	86.47355369954855	0.02180648578770224	0.3849033147366849	3
0.06602660564456894	23.996262120693217	75.66984985524192	0.013218569266330343	0.25464284915394947	3
0.0484934150344952	20.1475389414601	79.0685992361366	0.01631300030258157	0.7190554070662032	3
0.03910264242218402	4.007092685025595	95.53238041633587	0.007369190243543501	0.4140550659728183	3
0.02807402700072885	6.522388964306418	93.24961026535622	0.006627556209903171	0.19329918712671143	3
0.027502460352020617	7.773801733041001	91.73589969093507	0.007684229035533913	0.45511188663637897	3
0.06544827567239166	9.690900220284988	89.60707929016843	0.020617173221190607	0.6159550406530166	3
0.04937357560001902	12.856265610777665	86.44082070032269	0.01310567840894557	0.6404344348906772	3
0.019532652204931986	2.572194973215803	97.32016903683328	0.007793006409583162	0.08031033133638737	3
0.047870061235137346	2.8677155411213953	96.88404509292275	0.009728788917447733	0.1906405158032861	3
0.01613868179983504	1.7186586882425692	98.17087982531838	0.005103956639197039	0.08921884800001396	3
0.09581602435355466	14.36324088397356	85.1319784466022	0.013180074087938323	0.39578457098273495	3
0.013097455587745338	1.340978795597794	98.54822597717214	0.0075768188869562636	0.09012095275537506	3
0.024080915122654964	1.2633530237716801	98.29444198722538	0.006988219052230991	0.4111358548280665	3
0.7201221504652145	22.83563354486281	74.62555088197269	0.02885113787180961	1.789842284827474	3
3.1515141939871634	65.42441200064152	15.237337476743692	0.05362264522763751	16.133113683399962	2
1.9962107979639283	89.04881837571195	1.2879178215328106	0.08683691652599337	7.5802160882653125	2
0.4082816001550295	2.2769773520889975	0.1465292086801673	0.02785008138136834	97.14036175769444	0
0.03173857139425795	0.052820040122700196	0.004928129944595191	0.005312126076545324	99.9052011324619	0
0.21360189347153294	0.08200092863913933	0.00042594179484386926	0.013998348657962782	99.68997288743651	0
0.19662522045565486	0.1420615269600234	0.001180156560653322	0.02245954834561309	99.63767354767806	0
6.048431949475541	0.3516248406682773	0.0008156993261007254	0.1363866207916544	93.46274088973843	0
39.361262021995486	2.0916156688684397	0.0012585109466403239	3.5529333581418583	54.99293044004758	0
58.551857643833685	3.0835746233691825	0.0023386764331768256	3.297780638655936	35.064448417708036	1
33.075283943129854	27.96547244192767	0.010990384085319868	4.165719576465143	34.78253365439202	0
10.03052433087997	82.41572142756792	0.069490514767577	2.2595393379018467	5.224724388882696	2
7.225160907085565	89.21433968666251	0.05110712672855223	0.5943771701902191	2.915015109333151	2
8.773344516530516	89.07560539530547	0.03258325730244397	0.7838321462311038	1.3346346846304917	2
0.5612810108382816	98.9798259949367	0.2626235414831479	0.10906270257022967	0.08720675017164577	2
0.47613820429364156	99.19477214699609	0.14887747998221035	0.05287765376008125	0.12733451496799714	2
0.58993731159789	95.94318478673242	1.6969142049055868	0.15748997887398705	1.6124737178901096	2
0.44432021804148125	98.24180950064904	0.8294663949702689	0.0938578329024583	0.39054605343673615	2
1.0510643533747075	97.94466413050144	0.5387306462774888	0.028099475247647946	0.4374413945987173	2
2.0276488297062505	96.96772410923742	0.19266708060678625	0.030400254310406293	0.7815597261391366	2
0.510674267461442	97.18612793330705	2.08973810460511	0.03146195630508417	0.1819977383213054	2
0.5042620677089741	97.88902721705041	1.4686412325984155	0.026760659487292712	0.1113088231549114	2
0.42580684818657993	96.80410986589592	2.5020718630528815	0.04060734326115835	0.22740407960345335	2
0.42631531738927825	48.145978738258194	50.9877720914192	0.0843003418925951	0.3556335110407355	3
0.5618546865689369	90.35671793046801	8.357474464069746	0.03012207341545555	0.6938308454778391	2
0.2782931918175906	85.07103571788852	14.354370880809014	0.02552260135817714	0.27077760812669	2
0.3773996406304225	91.82208794653225	7.480626800018535	0.02193459772008423	0.2979510150987084	2
0.2583313136860521	67.09286516857797	32.43507632785321	0.038185009628964185	0.17554218025379026	2
0.08668883951270509	17.52745501549969	82.1928412985417	0.018526938262766506	0.1744879081831396	3
0.254753356317494	25.657929355447273	73.96995719170923	0.020063666834062622	0.09729642969195443	3
0.30313130809368777	12.621640811547058	86.71859327632387	0.030492522116364603	0.32614208191902294	3
0.5957014664374707	52.42618676871867	46.07446715652328	0.03499931092554816	0.8686452973950218	2
2.889889475295271	68.1184700073061	28.620604263013373	0.07823324457069539	0.2928030098145812	2
0.5928014504637412	65.89792535935999	33.167193321537475	0.02649989347069437	0.31557997516811653	2
5.490132701398532	89.44631604683792	4.338626186593335	0.04449195715627891	0.6804331080139306	2
0.4858729509704349	73.06259254426428	26.289883106066174	0.04951890923261987	0.1121324894664943	2
0.28699777908608687	33.42964237228468	66.2023271551125	0.030645073966884217	0.050387619549850965	3
6.814801802629941	84.293046921465	8.308867386173883	0.05845663723327051	0.524827252497896	2
0.4956147807664464	60.159964825412985	39.223287715565334	0.05216717770287646	0.06896550055235962	2
2.5840193901905066	83.84976534259492	13.192012490704514	0.03156015502558028	0.34264262148448416	2
0.6031006888621776	88.18947376744144	11.100040173907637	0.026194631679287386	0.08119073810947577	2
1.5415455091324652	95.1084174223787	2.8818411966598947	0.02762328340178312	0.4405725884271561	2
0.15230879508396866	73.1176301658222	26.545628162397573	0.04297962452400336	0.1414532521722655	2
1.2530612172818003	84.56836003916838	13.77359997702359	0.04491803559770885	0.3600607309285239	2
0.8053051417242232	92.95245512006784	5.382672715700997	0.1254892982903543	0.7340777242165815	2
0.529717045858189	66.49179124891124	31.192802920795536	0.13472755926195285	1.6509612251730823	2
0.658605165824636	94.79116325098119	4.242925435447593	0.07660881295439897	0.23069733479217994	2
0.6338127113890256	88.68385598442798	9.831151949981662	0.10315952309772834	0.7480198311036069	2
0.24643538364545786	93.924356064406	5.241059503839557	0.10811166104108387	0.48003738706789595	2
3.2256318262855093	57.03555234450178	11.15825786453242	0.14555384167809632	28.435004123002194	2
0.5595704429524264	0.36330834280503316	0.020330105922978455	0.17579596005066683	98.8809951482689	0
8.836378849183903	1.209747124967654	0.011276931199390605	1.4210181994879914	88.52157889516106	0
5.81818702245091	1.8178385007671949	0.008751993271546243	0.4542152092362331	91.90100727427412	0
20.593609191203317	12.527282359320017	0.006138183411747156	1.2639663085793325	65.60900395748558	0
19.32428872850241	28.08493447008774	0.0142680177329192	3.502805660180477	49.07370312349646	0
18.043083387327343	63.724538334404826	0.04742153508104487	3.098404334232831	15.086552408953954	2
8.814385480689364	79.74208657491046	0.0657803843444067	4.729578283315327	6.648169276740455	2
0.11133955464670178	0.11173117917843203	0.005156643035815206	0.3229582723302319	99.44881435080882	0
0.0487060756526843	0.04264687805058451	0.005577403705877875	0.15531223853559212	99.74775740405526	0
0.23679160308444094	0.20557092383911196	0.013755916390640636	0.23403081836927392	99.30985073831654	0
3.2634768277149138	0.1250410109118637	0.00044400371549711153	0.6164265231992354	95.99461163445848	0
37.61331567625751	0.423004893723152	0.0010759307652241524	0.7294465064842359	61.233156992769864	0
76.75773679003431	8.30761681180741	0.002581883299386706	1.406276501555353	13.525788013303533	1
52.68367942853074	41.14837081804358	0.010530237880283705	1.7389843454448959	4.41843517010051	1
51.18965581306303	12.858950908091197	0.001490443335805392	2.411662105957193	33.538240729552776	1
61.90312480671258	23.420478819214523	0.0018218348346098509	4.070050718732624	10.604523820505667	1
33.82756859199085	13.5045038506566	0.001887420758513519	6.373217257495027	46.29282287909901	0
67.80690513979005	25.64403616881291	0.010604307327599939	3.249571010119933	3.288883373949505	1
57.91007233462936	30.74761096897981	0.006895303138994731	1.9659761494953514	9.369445243756491	1
10.19840720887959	87.65938469238755	0.07239976981015109	1.1615243849039025	0.9082839440188004	2
30.75747840667705	39.328131403917446	0.01535558629836321	3.084467536540093	26.814567066567037	2
5.696552613971581	90.7798346958875	0.09086304389504944	1.5605841274265926	1.8721655188192683	2
1.462823374055741	97.3316450622448	0.29574759003129486	0.1636552756391041	0.7461286980290748	2
1.9607293391578902	96.37367057218873	0.2948602148462562	0.278211743675073	1.0925281301320522	2
1.4364658593405408	96.64472260717326	0.5425311423575973	0.12709220168542687	1.2491881894431394	2
35.42940399584077	40.42480643306795	0.10608241063594437	1.3460327588885264	22.69367440156682	2
13.754336433237382	79.09535431658222	0.1731324238397944	1.0655161139912508	5.91166071234936	2
2.310547644903996	91.73214907677232	2.4227021028429845	0.1657227008702287	3.3688784746104767	2
2.1952932845977604	2.2289099856640693	0.13456742986276307	0.2726777123260246	95.16855158754937	0
0.7062867345039483	1.8385467953035866	0.4064028420734067	0.08571063124427979	96.96305299687478	0
1.3927197914718645	0.34982040503467177	0.03203902757486711	0.10292793121990987	98.12249284469868	0
26.007773533618778	1.88401432544721	0.005553552503489488	0.5964413047305206	71.5062172837	0
80.42293290689737	7.797657683662034	0.0045925365634413694	1.930873623782526	9.843943249094629	1
70.7598323551776	24.040183946937113	0.004467687495807637	3.0734464545641633	2.1220695558253366	1
15.018215470030766	79.52827863172969	0.025492017118862002	4.456208020367262	0.9718058607534256	2
6.6415455909728545	91.02167909398207	0.21661260132403376	1.43069478446122	0.689467929259825	2
2.7841554839614058	95.93325671017661	0.13226226081484896	0.6570672848668836	0.49325826018023816	2
9.513099638287436	86.461262934746	0.039305736942616236	3.1888364867314722	0.797495203292492	2
1.13624775736967	98.30343739243398	0.08982015251626901	0.35897690959188994	0.11151778808817553	2
0.5902810523284846	97.10392466605118	2.003445254304979	0.16795236800535052	0.1343966593099777	2
1.494902991234175	97.54092496463025	0.5592007278107406	0.19910688593002115	0.20586443039482438	2
2.0859235603940878	97.07082322126926	0.4574805283867252	0.10133689660373804	0.28443579334618607	2
1.2028073715881777	97.46082148273331	0.934773573608488	0.0512919547302146	0.3503056173398228	2
1.8681886200339641	96.94393649695402	0.5968147026256696	0.15351757498063034	0.4375426054057067	2
1.1022439067814065	97.51109063038696	1.1616059911776637	0.06407823641074059	0.16098123524321217	2
1.162846811667464	98.11772692601023	0.49590593232746405	0.04699210622604214	0.1765282237687872	2
0.9764796156776697	98.49510309199587	0.4473846900524341	0.03525259800909885	0.04578000426490055	2
0.8583838490167479	74.6007483000855	24.34627139206432	0.036073299074818044	0.1585231597586003	2
1.0456091482909284	94.83200354853801	3.7833319446679954	0.06298494091076169	0.27607041759230827	2
4.345533055838102	88.36590660706017	1.0182951683965777	0.034503271746320646	6.235761896958836	2
4.473012093126156	92.43974334203256	1.9297936945590128	0.043869139988836806	1.1135817302934417	2
6.295989296890582	92.51214908733955	0.877708552450484	0.02905025581089411	0.28510280750847855	2
3.362722006945415	93.93630428964153	2.1882063528884896	0.020228442453981185	0.49253890807059025	2
1.4684307593461254	91.10049358086466	7.048482694564472	0.014060597963325453	0.3685323672614167	2
3.130921234322457	95.74115349671047	0.8771352290059453	0.03507597516559543	0.21571406479552993	2
8.450415548014286	53.809496256124824	28.316169218935645	0.05426117308134161	9.369657803843905	2
18.839621135245007	75.94434276252994	0.44956917787532125	0.12715421423787007	4.6393127101118665	2
5.547646408889606	92.82464778382993	0.4223178111590081	0.05387208306031951	1.151515913061144	2
2.856951256804625	87.33412122920156	7.31944159331895	0.055105689018982364	2.4343802316558962	2
1.5242773668654488	95.86375217760329	2.2991603720668783	0.05209799381388204	0.260712089650474	2
0.45124323837935987	83.70418258457323	15.623268723789934	0.0499808759266117	0.1713245773308359	2
0.9790074635744656	85.49707211793445	12.928476270759157	0.2500991828123752	0.345344964919543	2
0.9203213752315524	95.3455807593368	3.0597866056196485	0.21768636737893293	0.4566248924330607	2
1.63770244835495	88.27887915389043	8.220611164093741	0.7506678622328349	1.112139371428019	2
1.4813998472969074	96.43076520573541	1.5078381168536308	0.31802083916592827	0.26197599094813956	2
2.3373526362040393	89.18801976727964	7.225532388446582	0.20622658630520138	1.0428686217645586	2
6.942990807987988	91.58072061217625	0.484286356627921	0.2793578540337045	0.7126443691741454	2
19.685584439486313	77.01052427762458	0.051636066280021736	0.5458412580987554	2.706413958510313	2
4.928979533468438	93.49054792335261	0.45263692328141547	0.7148336980826309	0.4130019218149046	2
2.038231856358486	96.32255437581546	0.6999793898704986	0.6537622979446812	0.2854720800108984	2
15.4454049875296	41.436568187536245	0.07234063535536496	42.54689214456842	0.49879404501038227	4
3.344032914580458	69.54896787403044	0.17327988832972321	26.287882732849937	0.6458365902094378	2
4.407723083249106	54.56281735596227	0.390979397306782	39.86185654638562	0.77662361709623	2
18.734286917779343	53.47493916481309	0.047134865523385694	26.67529522255403	1.0683438293301686	2
27.384558114851863	21.37380921503849	0.009368096667364456	49.40723963717784	1.8250249362644542	4
8.295122700117801	3.4598871124269883	0.007972891057036895	12.817903782417586	75.41911351398059	0
45.26369702783782	15.322231928234975	0.0026688904751304625	37.964587642799856	1.4468145106522012	1
21.3691078636515	30.249983056796953	0.03646584221148449	47.163651352967705	1.1807918843723695	4
26.423051116523805	2.9912221566764106	0.002124028536315254	70.08022917679033	0.5033735214731542	4
5.327786306781861	6.6314025125460985	0.00347517793953041	87.82850635981167	0.20882964292085118	4
4.1350693161160805	11.021848989729023	0.015204755095953182	84.60740417670597	0.22047276235297436	4
1.3053259486388584	12.233345935871535	0.05410830794368124	86.05408202703055	0.35313778051539185	4
2.1092856413984054	7.053843012047979	0.004953373896761732	90.68653370155496	0.1453842711018867	4
2.2711612493979514	1.2944748774914514	0.000699962069470168	96.14771552146789	0.2859483895732166	4
1.1450053574201444	3.9576800224362643	0.005363436819568926	94.74900710758595	0.14294407573805681	4
2.3038663833244533	0.8491538468713821	0.0005118543249989464	96.71385215011814	0.13261576536101582	4
5.940517952039575	5.230514622175078	0.001499836298018301	88.09463389582442	0.732833693662911	4
3.0946322617276167	1.1256118071190242	0.00207759418859889	95.66597924038027	0.11169909658449408	4
7.2257229464649795	6.0867066735520226	0.005514458233800809	86.3984901522623	0.28356576948688944	4
2.250007985761509	12.630853855874921	0.008780762775643864	84.73703439646832	0.3733229991196173	4
1.6615323392008683	5.584375363592859	0.013490691576176567	92.16623295308088	0.5743686525492187	4
1.771778768342041	6.703721105208247	0.04235803761686679	90.98261167610775	0.49953041272509285	4
9.544673636043045	11.556872281430017	0.007547395458476688	78.25668100558079	0.6342256814876703	4
9.156689458568001	1.5239957769610397	0.0009318910622648968	89.04711537681574	0.271267496592952	4
8.198358390318157	0.7359075336717362	0.0011134714494858487	90.78064399475485	0.2839766098057769	4
2.2604201677610427	6.5652892638642975	0.004784813691252575	91.00334422316512	0.16616153151829396	4
1.8981393566976152	0.5686778330109392	0.0006899254774468119	97.1496434275279	0.38284945728611064	4
6.205614355709926	2.375218611841043	0.0011186565875990046	89.87094968698219	1.5470986888792628	4
18.066275654158535	2.0517494269076892	0.001514252520821742	43.576845650978164	36.303615015434794	4
14.90685519076081	2.010044631822025	0.0011943793516428955	34.11786159480994	48.96404420325558	0
66.88594585594369	4.135128838510123	0.0031268726310432348	17.000965868190967	11.974832564724204	1
58.31839567763919	7.829684480435335	0.0011009343329592745	17.716451586417637	16.134367321174864	1
59.120660543843115	10.68509815013333	0.007254396814147127	25.187606777171506	4.999380132037926	1
18.684215496662997	66.46224893536345	0.04721481580573868	13.045487575597411	1.7608331765704148	2
9.350433349850746	33.78780109023598	0.019247143298509226	5.466203873358256	51.376314543256505	0
2.272629373946333	0.4478499355164128	0.0005429451429857904	3.1550836006365173	94.12389414475774	0
86.67177414041076	4.876771562044669	0.003055446370461351	5.10010995206005	3.3482888991140576	1
18.109806863303515	75.48847131537345	0.04863047900327391	2.361585045554208	3.9915062967655657	2
6.637067580879273	91.30690580603546	0.036216256330314014	0.6734092664726198	1.346401090282338	2
3.732475810591511	93.17940623420775	0.07233050100054705	1.6666760449214044	1.3491114092787997	2
2.7806638391170377	95.41072375982799	0.19427736982291718	1.104440487036599	0.5098945441954794	2
5.318502066603002	92.22599855326368	0.19130058187489798	0.06399450582835839	2.2002042924300786	2
14.79049507278058	8.478334201422353	0.009056290057043604	0.23284497126078094	76.48926946447925	0
71.29913461138882	27.13941485818881	0.02106992756422734	0.12614219872372232	1.4142384041344074	1
13.945031181124213	85.73795550480196	0.10367842095012578	0.03685683899747901	0.1764780541262257	2
3.204852347537172	96.516780177313	0.22230039339693242	0.012749163485181342	0.04331791826773597	2
2.5685088866024217	96.29456909712712	0.962121869508671	0.04176045154128796	0.13303969522048978	2
0.8084160669898224	98.98428361704875	0.10170861242348231	0.03393702367133462	0.07165467986663178	2
0.3060117598357923	98.95539748927953	0.6823388518960187	0.016087628415073774	0.040164270573585126	2
1.0910090683282418	98.09845712591917	0.7195252581970376	0.029977789149453628	0.061030758406075074	2
0.3548108320053858	96.08542468512076	3.4844269391996705	0.016450399785376248	0.05888714388881865	2
0.5316391502911995	95.59278343746583	3.790617766731218	0.012583468859986706	0.07237617665178123	2
0.19130873743447419	71.20046964643333	28.51556346804916	0.011613747636617554	0.08104440044640993	2
0.18826442773166216	87.71068470146301	11.916410846037614	0.015714263929482077	0.16892576083821598	2
0.17061858039414615	67.81618369466759	31.90345822881428	0.010361268952987788	0.0993782271709961	2
0.9167955170471901	63.73903362840758	35.067751454377664	0.012485595296124353	0.2639338048714343	2
0.4816346867416821	84.3412329479315	14.99163858370155	0.012123651627317319	0.1733701299979523	2
0.17144647584102377	37.22291039566969	62.464587626398874	0.0077787694178873745	0.13327673267252232	3
0.09291846097089122	8.91838138382557	90.83826398165613	0.007108912301339176	0.1433272612460736	3
0.18843162435805033	53.19528644242557	46.39356593151117	0.021028841053565905	0.20168716065164502	2
0.21589287166428453	28.06246974206182	71.37267158906721	0.03334339995165565	0.31562239725502333	3
0.05422119320602246	3.4771492435492526	96.40157208108533	0.010056304313474974	0.05700117784592044	3
0.08167880716483929	8.888223071864884	90.87079312827181	0.010280567375834382	0.14902442532263635	3
0.03262321995742577	4.100326427624963	95.79595561246546	0.008694848074239946	0.062399891877907364	3
0.07071122549503119	5.770597129022722	94.09336062627219	0.022309861761434225	0.04302115744865678	3
0.047000012618030704	6.6538167181174	93.14822571815945	0.01695559235915527	0.13400195874597684	3
0.016729289982695964	2.441469716572307	97.47473532507964	0.00558636101394697	0.06147930735143334	3
0.0515844573569155	9.046791532587728	90.65624633868762	0.013847113409475528	0.23153055795825128	3
0.022764023052882762	4.598184138519523	95.31115040687929	0.009974156576024077	0.05792727497227816	3
0.019588838126558393	3.6311998497264137	96.27886161525468	0.00570250213230764	0.06464719476001873	3
0.03381382165822629	2.8778423174348897	97.01950056038578	0.006291654841765581	0.06255164567934846	3
0.043270718472541506	2.784578731308397	97.03879286290955	0.008899731720019241	0.12445795558947664	3
0.0378524763127962	3.5293708841080345	96.35281540396281	0.008518134711586535	0.07144310090478782	3
0.024065870774645334	2.169842867794275	97.7180230644442	0.006764466884969642	0.08130373010190965	3
0.05182137650984113	4.677888333144325	95.15862245033944	0.011999476234734269	0.09966836377164659	3
0.33029680131013767	4.342864903213653	95.22060456130946	0.01731869152993583	0.08891504263680666	3
0.05777271749320532	2.0145972634958187	97.85928783570796	0.008045097597434386	0.06029708570558947	3
0.07387723173220835	2.1433847304809204	97.68435701247402	0.015057119538652557	0.08332390577417996	3
0.129418091684812	3.408937675581964	96.32223723149787	0.017393948537238118	0.12201305269811183	3
0.04143112429113959	2.7130014450804243	97.14530108232931	0.01792502050345676	0.08234132779567697	3
0.04729646842956489	2.795164044012611	97.02315701447479	0.017331074633074213	0.11705139844996373	3
0.024477897445680023	1.5668061232322603	98.31427862855688	0.00673160994770658	0.08770574081749549	3
0.03810666248587168	2.7209960850582364	97.15277055304689	0.006545547480654321	0.08158115192834862	3
0.034460679912004494	2.340394949080991	97.53890929888291	0.012769173745427959	0.07346589837866901	3
0.01818559241629304	1.8185558510473734	98.05339327694932	0.0034423144985748556	0.10642296508844382	3
0.018955975005442622	2.771150549849427	97.05010361194087	0.007274569684693172	0.1525152935195451	3
0.02493986221612954	2.347401450760974	97.43614644810947	0.009201817379919498	0.18231042153352975	3
0.10231752541186186	3.43478976499581	96.3321655477111	0.01229341800115466	0.11843374388005516	3
0.017596389621781686	1.5094721794538166	98.40649689717658	0.006206042774407068	0.060228490973401744	3
0.027032225147148092	1.7986484018520554	98.08835471772201	0.007651358106713228	0.07831329717206445	3
0.03769413994875549	3.773088288423735	95.99405903842133	0.01283253818989925	0.18232599501630187	3
0.03085088996957147	2.9472627136085485	96.88463404688342	0.013718736724764057	0.12353361281369629	3
0.03550798683914684	2.2370395119342334	97.61650299342135	0.012029898037806165	0.0989196097674608	3
0.01836093119398394	1.6747434776430485	98.23193889643159	0.007447864278216729	0.06750883045315609	3
0.02645645638859883	2.083254222320158	97.76544754618351	0.019882089120619405	0.104959685987099	3
0.0649534610087589	2.1150230649791313	97.70352417005633	0.013104457644040824	0.10339484631174665	3
0.015371122984552316	0.8445907648232467	99.08081828916798	0.010369286282509587	0.04885053674172162	3
0.025004244657663256	3.5412138067252013	96.29520191212737	0.010758679329825608	0.127821357159927	3
0.06197220172106461	2.1592878014027046	97.69928166664002	0.008996866733629568	0.07046146350256952	3
0.024046799446554114	2.0404237545663193	97.85718084591404	0.005484499300959207	0.07286410077210645	3
0.04198659590427968	1.97523893549375	97.90360262936433	0.0068698314552465695	0.07230200778238129	3
0.017667606987998786	1.0666170750307107	98.83265281330864	0.010122013735355975	0.07294049093728179	3
0.034402793061975113	1.9518788517313115	97.89472076962053	0.00685174292053947	0.11214584266563699	3
0.020689797014302656	1.1942025378454484	98.72245795242988	0.005938802812209056	0.05671090989816144	3
0.09185752494305413	2.065831897257331	97.68776804771004	0.013536116223143683	0.14100641386641832	3
0.045061043250496216	0.951356243439878	98.74963055684816	0.0035918315551556894	0.2503603249063228	3
0.4615587341628201	23.715176087147082	75.21403005320576	0.013113669824737637	0.596121455659602	3
0.6250742804812264	73.56496518839005	25.254150907945654	0.048929080315038245	0.5068805428680402	2
0.23541035525613888	38.79656344378098	60.59544893657972	0.06858366512322617	0.3039935992599239	3
0.3203728990867386	65.8803421156125	33.52339910843371	0.02993207520651304	0.2459538016605338	2
0.24258527750524872	62.596770094834774	37.01653528236394	0.050472593592684786	0.09363675170335235	2
0.0937765323211853	22.715511191706746	77.08683593127705	0.008588868143333104	0.09528747655168114	3
0.09759469727517607	20.506154685930568	79.31688241024281	0.00999104970827871	0.06937715684315886	3
0.054763845034218925	6.4279093248813925	93.44547292790551	0.01145604958955906	0.06039785258933416	3
0.05096665971606981	7.753292215700832	92.11053741655888	0.010477679007422552	0.07472602901678509	3
0.1354768483545825	15.852398217986657	83.79643519485596	0.019888442308943495	0.19580129649386038	3
0.13147737697873382	10.039440526655472	89.58746982986759	0.024046517126450163	0.21756574937176199	3
0.9428269958098336	17.970529709477027	78.16563508948626	0.024261165836799197	2.8967470393900725	3
2.331610697606786	54.299140246826596	41.716068154849104	0.06198841486071088	1.5911924858568078	2
0.7056459213151309	50.542816989978554	47.978032348824776	0.04153903660060677	0.7319657032809331	2
2.6625650458712706	67.60834553768349	28.618792423233323	0.0290577973595079	1.081239195852409	2
0.6956617595199522	74.19430805539189	24.811283668150793	0.011437620794625465	0.2873088961427354	2
0.7006071966048428	69.6238630653437	29.253145103054184	0.046998202901157755	0.375386432096122	2
0.11341564990303953	12.288800186998007	87.47640018664158	0.010527569999194462	0.11085640645816254	3
0.9128483501559059	86.21080113922145	12.197898378742869	0.11026361272674237	0.5681885191530334	2
0.10815763964332994	6.835865307943227	92.85375566161726	0.07994425443029951	0.12227713636588822	3
0.3225374793698846	60.851488401402975	38.171718033292485	0.25638175646314826	0.39787432947151646	2
0.7773043869662435	23.72468049503263	74.60617487893624	0.034078412608894666	0.857761826455996	3
6.849910444810154	73.87493920936794	17.475588384933584	0.11251372304772414	1.6870482378405809	2
6.296094035737688	86.99660605359861	5.39281958584864	0.14299931960436643	1.1714810052107054	2
1.5189833860537394	75.63664334183616	22.200638205734823	0.10361089127529904	0.540124175099968	2
0.4410652255007602	8.695160807618695	90.4619739049584	0.1433755600279158	0.2584245018942475	3
3.5311781726366944	81.7787513624948	13.93210716446289	0.27064095604517807	0.4873223443604442	2
0.6353753833440217	80.44376882239914	18.362285221156114	0.28652086579741676	0.27204970730330125	2
0.8695005406728908	60.12338000298192	36.9649167743218	1.6243294990207564	0.4178731830026312	2
0.5742982513475224	53.1184557290516	45.645207222919666	0.5047759160943773	0.1572628805868437	2
0.49049956036167736	27.95295674630981	70.03503486286736	0.5568994695680287	0.9646093608931228	3
3.065070110627727	84.72173014319286	9.619711681556426	0.8168203111504478	1.7766677534725588	2
5.557321104196911	83.77967402387463	3.592762931889246	0.49184289809180587	6.578399041947409	2
3.694893089611467	90.23265172312246	5.493103059559834	0.15977811891125926	0.41957400879498485	2
46.50615394151611	17.97030327994181	0.07092928406125595	0.18947363037449713	35.263139864106336	1
6.74062125434086	88.95646300512497	3.997087849027688	0.11568946329641547	0.190138428210065	2
7.292577995646946	89.64382151499309	2.7226154140437187	0.14216466642278247	0.19882040889345137	2
14.251753528372843	74.90409007720383	8.842288878468887	0.18939116980445814	1.812476346149977	2
0.5596769351360071	81.81089485796765	16.81352481076574	0.6304142696008176	0.18548912652979205	2
1.030020066902995	53.98004076524864	44.272661324136116	0.4772497166708651	0.2400281270413928	2
1.1103580909905646	62.816378689085205	32.940431951346376	2.934343268121528	0.19848800045630197	2
0.9273570966175411	79.19031880526371	5.064452458195528	14.41163363534599	0.4062380045772404	2
1.2463237852396114	89.05028317313487	1.25267397964716	8.048653101066023	0.40206596091234037	2
0.35997206251097336	70.6261280358057	0.7944267562131988	28.08823591971943	0.13123722575068844	2
1.0480103024495273	41.322022940472785	0.16987801143295078	57.25169967764112	0.2083890680036162	4
1.044073583758314	28.504194170230342	0.10195063756370977	70.23777570129178	0.11200590715584613	4
0.6729573324225637	9.018430341304857	0.001988015387228355	90.14440948740518	0.16221482348017746	4
0.701054857439867	7.928639393295632	0.007279162112185461	91.17107558393627	0.19195100321604305	4
0.6040817852601476	3.3831129136982065	0.001512754778356171	95.88240346285876	0.1288890834045307	4
0.27259690695123506	2.4673387222140275	0.0019956325457875794	97.18816053899268	0.06990819929627043	4
0.16474301127378488	0.9063857115780178	0.0020619580433225426	98.85643609339857	0.07037322570631574	4
0.08335250578439889	0.47123059023106983	0.001918314615404941	99.41173679537631	0.03176179399281511	4
0.3736459213652253	0.6196855413423941	0.0025478761379744744	98.93124854134217	0.07287211981223701	4
0.374676894546984	0.24901884284625003	0.0011187111183839137	99.30419860243958	0.07098694904880189	4
0.1797432380406146	0.3046043638747558	0.0012514144781592563	99.46851958650345	0.04588139710303946	4
0.2636193324707334	0.46227235530332844	0.001085912086214363	99.2163793218364	0.0566430783033218	4
0.09209851353231055	0.11897915914201253	0.0015259796805101378	99.7600603621077	0.027335985537467276	4
0.36810020579327246	0.7815111639395633	0.0018036451625111627	98.78660364519801	0.06198133990663206	4
0.2994421053068572	0.5190474486663132	0.0016489583547808298	99.09750184169029	0.08235964598175066	4
0.3587535580073614	2.55964260023192	0.0020574867251949326	97.03272152415971	0.04682483087580024	4
1.1123164343675076	4.233049776005311	0.0037811364285077905	94.56389457583771	0.08695807736094695	4
1.030113415515335	4.939972005050283	0.006477400122046066	93.9214976557872	0.10193952352512214	4
0.7685773648891743	4.795409261717679	0.002803355075916338	94.31910338015193	0.11410663816528738	4
0.8266375678447235	4.095391317461181	0.0023534152796690832	94.95446180259938	0.12115589681504801	4
