N1	N2	N3	R	W	anotacion
0.01710881505913987	0.13769285426019023	0.0020505402503846115	3.6908630085804576e-05	99.8431108818002	0
0.006810478679629843	0.06140721335924544	0.0011610296233089121	2.764565928438719e-05	99.93059363267854	0
0.0013999726303543546	0.023684177304447922	0.0006916624036804154	9.666050387999102e-06	99.97421452161113	0
0.002428996237229736	0.015597339496080493	0.000509511256383719	8.015748962811992e-06	99.98145613726135	0
0.0032693655920747826	0.01913696809227227	0.0011349171218395146	5.383954028171693e-06	99.97645336523978	0
0.0020963917618058484	0.029212230197731552	0.0009102017412142341	1.21144366086694e-05	99.96776906186264	0
0.002763949247278432	0.025540265969632128	0.00135106974071322	1.1032731394804891e-05	99.97033368231098	0
0.0014798712857008484	0.016637358701017887	0.0008812082899116858	7.019105125413318e-06	99.98099454261825	0
0.002548977475504504	0.04753723264049664	0.003871849307677994	1.6853567495442436e-05	99.94602508700882	0
0.006734107203418305	0.037082706754453035	0.002110756945487904	1.6556650568789953e-05	99.95405587244606	0
0.013227226511752286	0.0786125963014592	0.017212369286833656	4.108163994440974e-05	99.89090672626003	0
0.008852823223361814	0.03795415291415862	0.003095802429682851	2.8596730393041664e-05	99.9500686247024	0
0.0197269870495137	0.033953786001231265	0.0016282975814520596	4.826370730374367e-05	99.94464266566051	0
0.04511484468679329	0.09208243719820375	0.003021097329693663	0.000365770429996893	99.8594158503553	0
0.14208266027820948	0.10440329139142435	0.0033012466946921257	0.001202051926843468	99.74901074970883	0
0.14248295406224437	0.06809605138907172	0.0008964232171726381	0.0014716251277114877	99.7870529462038	0
0.1770704307586215	0.12141799754646034	0.001985836629984792	0.0024470564487742265	99.69707867861617	0
0.74200035306755	0.43889973763184925	0.0028459989239092336	0.0075167533537500945	98.80873715702295	0
0.6610034209952159	0.24912798190426388	0.004934837675318152	0.004536483843759082	99.08039727558145	0
2.3600468211333316	0.9138769891181292	0.005648152782759669	0.038628031992389136	96.68180000497338	0
45.77741901321402	41.89137146940098	0.14942162476521112	0.13958730502083294	12.042200587598963	1
17.451785659963985	65.77270947344128	0.5474417457771884	0.06260510436287843	16.165458016454668	2
10.167420336089116	85.05476130091122	0.5027792026629125	0.10962395470494625	4.165415205631812	2
2.862424770274582	94.5176778872638	0.5966273343759022	0.016053475285823914	2.007216532799906	2
5.617945089624865	91.81168286834553	0.055494269702670296	0.025759858584453565	2.4891179137424913	2
5.518877746397106	93.37223847152126	0.08409095988634861	0.017907555238786753	1.0068852669564632	2
2.9216979313924663	94.69294044935734	0.19440133303566906	0.013070939151358268	2.177889347063176	2
1.475415799228704	96.30125899057373	0.7754603094280414	0.004281920125072486	1.443582980644446	2
3.2697268130880537	94.84123732020245	0.31216052769871244	0.006466630470387803	1.5704087085403957	2
6.997537972077447	89.73212120422895	0.20831629398989268	0.009477403873163663	3.052547125830575	2
1.2617578878571407	95.25943411667008	1.636096016883051	0.0025931286683288793	1.8401188499213845	2
2.524953941591495	95.83383513147542	0.32002986422886515	0.009739361613279145	1.3114417010909514	2
2.3530112284626177	95.40334688963816	0.45064781383428437	0.003776201404055076	1.789217866660884	2
0.42603806452242415	96.26785113390319	0.7436794531491585	0.00429559775113478	2.5581357506740763	2
3.0607635403787263	94.30599277443092	0.3861433129864685	0.007707018601231217	2.2393933536026567	2
0.6076893613923974	96.97510687994043	0.883414493065437	0.002495443481338902	1.5312938221204078	2
0.3765202389584784	95.23848268861532	2.9315529203255366	0.0017266209191127155	1.4517175311815467	2
0.49061249699491455	96.12378359147407	0.7981895585899373	0.00539034302414579	2.582024009916911	2
0.25228110207030335	96.09351960037405	2.318564458939513	0.0015337949492254513	1.3341010436668872	2
0.2122669174598283	94.12167708121162	4.172176517943097	0.0025681103678594666	1.4913113730176164	2
0.12059302728309315	93.04660497410583	5.849293379936102	0.0010217227522623796	0.9824868959226996	2
0.1741979323660755	94.98708401784232	3.366696435883258	0.0009173060875815773	1.471104307820732	2
0.16736272780365494	93.55339876462897	5.038904207878097	0.0006664759367756226	1.2396678237525094	2
0.1520574063203365	89.66983597844282	8.668213071132623	0.0006478356366559757	1.509245708467583	2
0.17341196544601903	88.03428699379826	9.583380075231169	0.0006439279081123939	2.20827703761642	2
0.08095728879932113	92.09006283293667	6.6188786300469244	0.0005014467800941977	1.209599801436993	2
0.07532994554911451	81.40460939609146	17.268157795151385	0.0005599032294038128	1.251342959978647	2
0.016488877874304673	26.56174961810351	72.69670822005718	0.0003460548756904164	0.7247072290893217	3
0.1228817310451684	64.49106987704268	33.93929230538703	0.0008723924579963506	1.4458836940671553	2
0.0922322727401087	76.76944435314562	21.827632051317778	0.001024292290379947	1.309667030506102	2
0.07965965064104888	59.044837445552325	39.89818136044986	0.0008496955896099455	0.97647184776716	2
0.043141991522407185	22.97563166023967	76.3701870119651	0.0010088351661452332	0.6100305011066761	3
0.17978275775908972	60.93032018123456	33.48457871938414	0.0055636040698686055	5.399754737552345	2
0.06788267678635378	14.129210586848332	81.33596324731826	0.00428482474181101	4.462658664305264	3
0.5661204871459307	3.464264867835593	0.14571791313567117	0.0034782509308769996	95.82041848095194	0
0.3994051698642204	2.2072752723667475	0.0747937710846517	0.00034302048870716196	97.31818276619566	0
0.01721305802593322	0.1055528318816375	0.007833075620781029	4.7023541508001044e-05	99.86935401093014	0
0.005867257978775309	0.04192392608086768	0.0029963504412514603	1.823315427153264e-05	99.94919423234482	0
0.015432247746546926	0.06377015207715032	0.003390225739479633	1.080506378313323e-05	99.91739656937303	0
0.007204446823544895	0.1221901728880816	0.005898305131142214	1.648953410479608e-05	99.86469058562312	0
0.01657945645971523	0.22568198132368467	0.004612223366592316	1.90735081145493e-05	99.7531072653419	0
0.02418818068685643	0.21971032105226335	0.01860895164849774	3.2446594653781905e-05	99.73746010001774	0
0.007262279821208211	0.11818255106743379	0.0539465059398483	1.7705085870014757e-05	99.82059095808565	0
0.008272079292409803	0.049717679573648074	0.01597821228637024	0.00012724120026431622	99.92590478764731	0
0.1920896413193978	0.4208540675888345	0.02300316561114356	0.0008052494503493731	99.36324787603027	0
0.36253148352300674	0.9059831404771046	0.01840990218223692	0.00206927413702101	98.71100619968063	0
0.20563085832513167	0.17975100375470154	0.006052727790051121	0.0017126306743439025	99.60685277945576	0
2.0350657476709504	1.7348336941487723	0.004363078592003963	0.009172468585278907	96.216565011003	0
4.379497921691087	4.362820615161034	0.006519519022140689	0.010495789787378014	91.24066615433837	0
29.69689994802107	13.045082575213025	0.00307030971315761	0.04925828570951357	57.20568888134323	0
8.269960850866239	9.697671803823857	0.010855258627872314	0.009043565650965384	82.01246852103107	0
27.01248537153579	25.460820777402247	0.0238272068396593	0.11458947234415115	47.388277171878144	0
7.019845347253906	6.40830573744884	0.013332127011420421	0.02705653365562491	86.5314602546302	0
11.718123178362564	15.323701124563987	0.008850878421424735	0.035876339404025896	72.91344847924799	0
11.408997697655517	28.882004549052414	0.020954709956928184	0.01331683884030881	59.674726204494824	0
15.295410776948785	22.888722989654397	0.016454534361233154	0.009253324997085418	61.790158374038505	0
6.88973896764072	50.857061375504266	0.026737547159858467	0.004176545308996579	42.222285564386155	2
8.58272144181024	29.346682575340242	0.022753297443045876	0.0048840732489375885	62.04295861215754	0
5.692487293965008	23.452163590494017	0.03931379497675856	0.004408575069469901	70.81162674549475	0
5.476573263496938	21.307552522983233	0.03712164993806727	0.0032929123798340863	73.17545965120192	0
7.201029390049009	25.115689160598798	0.04067636204430633	0.0035974364786250644	67.63900765082926	0
1.25719631636064	4.428203621211554	0.07557802737160958	0.002136899432135417	94.23688513562406	0
10.455530255584307	20.384356568618355	0.027930932170429523	0.005730735993838788	69.12645150763306	0
4.051732033349386	6.026102229564393	0.02357053515436405	0.002526226953288643	89.89606897497858	0
6.9247004414812405	24.517884259981372	0.2544729214237853	0.005672523743894822	68.29726985336971	0
3.5372665115573367	20.326770333619663	0.47953223847921955	0.004185105658259891	75.65224581068551	0
3.5319396304144735	6.9087603392790795	0.2353722300377278	0.0031258355648898237	89.32080196470383	0
2.5313971586100914	6.102863914800325	0.11952412452403498	0.001772707690944065	91.2444420943746	0
2.241059516577064	12.344690419503769	0.1476092779555625	0.00205493944332412	85.26458584652028	0
1.399113190761833	5.624199863657102	0.3440768482019675	0.0015179383594764893	92.63109215901963	0
5.111307425376759	18.252631789863077	0.14070839474357524	0.0027450871602457266	76.49260730285636	0
3.9966398027934793	10.785018434408217	0.3964227123229024	0.0021599688365544667	84.81975908163886	0
2.718736946139801	6.971888964936429	0.23033443340173673	0.002312791495241868	90.0767268640268	0
1.1096520713311113	2.3430828723842905	0.15790131129312573	0.0022413601459512033	96.38712238484551	0
2.817235273639487	3.4908418042171228	0.022973800410203842	0.018347560303362723	93.65060156142982	0
29.62328561420295	66.2656199871923	0.03168135347535455	0.042629211711194846	4.036783833418209	2
31.479552461707875	65.27575620211769	0.06463774982687408	0.3985941781729649	2.7814594081746185	2
4.824187860106206	92.82861704893813	0.17812772409461722	0.2748594111530873	1.8942079557079476	2
2.622929871487407	94.38954996104114	0.050211918133996995	1.848010117354177	1.0892981319832786	2
1.2955611290675293	96.3263891397819	0.06980178742151782	0.9351070133388536	1.3731409303902093	2
4.192925491282714	93.01008095854867	0.043822643793666245	1.5173076553518785	1.235863251023059	2
2.087414331537651	95.36437490333434	0.042480785611998965	0.9696243848374978	1.5361055946785096	2
0.16324969347613533	0.6371050138908929	0.045712329312131574	0.015855172539040455	99.1380777907818	0
0.29298455965508674	0.8126414947019158	0.015857177623201425	0.002118339333338244	98.87639842868646	0
45.02873572306241	2.908173636293499	0.002645050829006611	0.02911497175745687	52.03133061805762	0
54.875964792495715	33.120723435763	0.025047751868677966	0.040456675813465	11.937807344059143	1
32.4756472092129	60.03032317541297	0.02686822715424343	0.08321816242873062	7.383943225791173	2
0.6015481227756457	2.5023503389947805	0.03401583391658289	0.00616177463152441	96.85592392968145	0
0.9442122188830478	1.8507906318803984	0.03662277439267022	0.008124274545169133	97.16025010029873	0
4.601999420424626	1.0938801686150033	0.0014050186223357282	0.01217186886018699	94.29054352347785	0
26.852919979394585	14.043771330621876	0.027270018635538757	0.009936457091996889	59.06610221425601	0
8.423936639478672	6.1846209363356355	0.008176124045509157	0.010787254793259373	85.37247904534692	0
39.75026777933914	58.68951298009073	0.029824466346179954	0.017805880070505084	1.51258889415344	2
26.487548803560195	71.70532459004828	0.03607096152710728	0.019657276718276884	1.7513983681461385	2
4.696328820485265	94.49130891063344	0.10069955966257409	0.01724771940482607	0.694414989813904	2
5.692119337944105	92.94853242568499	0.04264567698560919	0.038945519668337765	1.2777570397169487	2
2.3221290201117455	96.49761889752119	0.16705768921676603	0.021349109947194706	0.9918452832031204	2
5.192969155515704	93.83046013819916	0.06713923626599187	0.0241748647492954	0.8852566052698457	2
3.148902630746183	95.86347803391291	0.2907848773756502	0.015831273191983825	0.6810031847732884	2
4.8555254378038075	93.719315193356	0.20399419248886436	0.034325256691851894	1.186839919659482	2
2.54367110876672	95.97226269257125	0.2623743962961857	0.01839330884001088	1.2032984935258557	2
0.8439775834668236	98.09813124702754	0.38499990423359476	0.019298615101826743	0.6535926501702312	2
0.6687257376519968	97.60740367007837	1.0668879365071957	0.01570154756042978	0.6412811082020019	2
1.6010059362336158	97.00361726865573	0.4108407590505332	0.03008494501432097	0.9544510910457887	2
0.933669888750964	96.67402737684941	0.9298642554126801	0.015408548975108792	1.4470299300118272	2
0.6717670351680873	97.81213606993437	0.4953537534162753	0.009014092030667994	1.0117290494506124	2
0.24941893573904866	92.25260101815906	6.400047717527155	0.004805238554993089	1.0931270900197476	2
0.3131301302496422	94.20141129245818	4.325965342470883	0.0072113039869199595	1.1522819308343997	2
0.790406069431112	97.41815034212871	0.765246174265785	0.012124088297747361	1.014073325876654	2
0.28427814659414957	93.1719627907564	5.834559917667983	0.007348316406780313	0.7018508285746765	2
0.2491250405231426	91.06877853677679	7.846973125267382	0.007321755979877434	0.8278015414527854	2
0.26037994107077933	84.19248514803014	14.595897158311852	0.005449997666555315	0.9457877549206893	2
0.25007913251886454	76.38514728698415	22.536655052172527	0.004858736781168014	0.8232597915432972	2
0.32383142384924324	93.6405823042477	4.770428494825504	0.005143082911134309	1.2600146941664365	2
0.22877980791202865	92.43760985982914	6.201312642908117	0.004226545504810529	1.1280711438459041	2
0.11353737338243161	56.30378945065155	43.22398728558223	0.0014328279189142821	0.35725306246487065	2
0.037334233930487855	12.726745395618485	87.06637012610237	0.00045428625852877703	0.16909595809012243	3
0.0681261725252165	51.459627906959085	48.148883898188984	0.0009438306787304235	0.3224181916479696	2
0.0288625298175173	7.046433674764057	92.81910895445782	0.0004764706842013713	0.1051183702764049	3
0.17149900765082443	77.19205681975299	22.118674489570438	0.0015187418393930259	0.5162509411863466	2
0.027147804250464876	14.017281256450717	85.81865090230866	0.00034824171687094374	0.13657179527329324	3
0.018477266571340446	9.989159675424196	89.85357452183425	0.00033072984840184334	0.13845780632181492	3
0.061719882652298	53.91965217369792	45.59206100434536	0.002155562523245656	0.4244113767811789	2
0.021066701560520998	5.606068347577494	94.27697632163023	0.002756915627479244	0.09313171360427268	3
0.38096370441858934	74.18673081864812	24.948045144256977	0.03972468647573543	0.44453564620058234	2
0.01493783360082405	4.442408836812838	95.48296081129725	0.005775054221633937	0.05391746406745276	3
0.05669790271133321	20.18964062627005	79.6216954987459	0.010265979943432722	0.12169999232928767	3
0.018555850574767965	7.093118587357321	92.80004134738478	0.004742326808718072	0.08354188787440361	3
0.020279408422047018	11.986467130282835	87.89384619903326	0.005586847259125909	0.09382041500273684	3
0.02546876538087975	17.147145683742497	82.70385565612119	0.009354773855075275	0.11417512090036411	3
0.03358300464291966	21.077494526142747	78.73327641126326	0.010751655358228829	0.1448944025928322	3
0.027625299607789762	7.994531067708952	91.88891593292503	0.005654694335122486	0.08327300542311167	3
0.04450246255834671	22.623577580371414	77.19241634354754	0.009630075186412563	0.12987353833631018	3
0.02789308149672416	7.955148154911928	91.90719694815105	0.00825737682098165	0.10150443861931431	3
0.043548508263664375	13.860698358206713	85.92668340801157	0.01329007598123085	0.15577964953682172	3
0.0238495766112645	8.96570221725798	90.9420068318	0.007774641170229115	0.06066673316052394	3
0.028807561708477827	11.55775131326806	88.32269632280716	0.006352003821486862	0.08439279839479562	3
0.008418785106770724	4.556045520608121	95.39576148831551	0.006802517811296206	0.03297168815829805	3
0.06225382971189959	54.706778667502135	44.939871154888664	0.0632261055220456	0.22787024237525877	2
0.03232071987257584	25.619337019671757	74.1642775482502	0.012182921448225394	0.1718817907572533	3
0.012634246429459671	3.1863132025215415	96.69299571348489	0.0147378762524738	0.09331896131163593	3
0.07729138603288825	11.743075612046898	87.08435787369372	0.09162113593364508	1.00365399229284	3
0.4402108491578548	3.933304803633812	1.4842647022351636	0.003915497027606303	94.13830414794558	0
13.822403880952999	12.874515412182935	1.3910609610142666	0.01067711973036003	71.90134262611943	0
21.919539856335838	15.350827456154645	1.0139718131716764	0.010313221262999028	61.70534765307484	0
0.19374770296331278	0.1029813689127267	0.0175463842546441	0.00039813023244397185	99.68532641363687	0
17.544162103317714	1.730831502450855	0.019157363163146354	0.003114530652989842	80.70273450041529	0
11.084845165928728	2.7768921580573847	0.007018615086974579	0.01701186454678921	86.11423219638012	0
24.79667300429767	2.358480140872382	0.008033567403424055	0.03271679767115513	72.80409648975537	0
17.000591310204957	20.67793522818835	0.00960366133063823	0.17613753265515997	62.1357322676209	0
33.301997811946336	62.65367384775891	0.031145744778800655	0.07558365027195986	3.9375989452439994	2
66.54393260915171	21.57750478660579	0.0036536195431286066	0.29298464062194307	11.581924344077425	1
16.10000498506324	80.37329082571226	0.11531386680112794	0.24606669977317372	3.1653236226501837	2
31.530273146618704	53.67398606934858	0.03196938443308456	0.4927372890286336	14.271034110570987	2
11.293296195687885	87.44714126012279	0.06573368448677631	0.6023964346060702	0.591432425096472	2
7.359931511755008	91.2127656204189	0.04024319089281653	0.4465725890020888	0.9404870879311753	2
7.337465608454828	91.1500270180517	0.19335822256130172	0.4223704892690911	0.8967786616630684	2
2.1988573666029145	96.02654353222283	0.2194976283762314	0.6134724688871452	0.9416290039108889	2
3.5245960819380526	95.33824639079589	0.09089654386915079	0.5722216403706105	0.4740393430263068	2
0.7275500773491527	97.8259392827859	0.5149512276727248	0.14636085657419037	0.7851985556180515	2
4.062424206061796	94.69932955006865	0.0767437581975929	0.3018225755846211	0.8596799100873335	2
2.6156683474834996	95.73310591265437	0.4966267472134963	0.4349053315015266	0.7196936611471424	2
1.3213417985579183	96.82697841923125	0.9439349816518281	0.21255312472042248	0.6951916758385892	2
2.1639493307232125	95.49618693543962	1.3655449416596133	0.17156945951551703	0.8027493326620339	2
1.2503050978758412	97.40637059322475	0.6143598232566876	0.1866391653926745	0.5423253202500463	2
0.7683881702780258	92.66233459390725	5.913515584177632	0.12165741472404369	0.5341042369130512	2
0.8192017366686675	96.95157336408761	1.5330281356308448	0.1406035516031009	0.5555932120097632	2
0.5981182607908877	96.10408663915089	2.672382597178019	0.08235562304606638	0.5430568798341422	2
0.6007419172768009	95.15070287507255	3.5559201652268992	0.05923139635505437	0.6334036460687088	2
0.7380371152668719	87.70882859499059	11.017770753251297	0.07459681611002984	0.46076672038120536	2
0.2645357429108884	58.854793114435125	40.45878236423056	0.02949326385988013	0.3923955145635567	2
0.5205532231461388	83.05104231835136	16.069470454591293	0.023953823577765796	0.3349801803334374	2
0.16402996438238987	20.21636455924375	79.4344017857977	0.026018522951442535	0.15918516762470475	3
1.0647580362762057	90.84384715522354	6.616131779723612	0.09175969622370411	1.3835033325529515	2
0.18338743554868187	42.98582394816523	56.543926036842265	0.038290174569651406	0.24857240487418253	3
0.5571440241099918	66.35567292747528	32.64541177104952	0.052894749599266315	0.3888765277659364	2
0.24823688000384078	52.99612351448435	46.441654642708976	0.029302180969090312	0.2846827818337433	2
0.5093483002041046	82.77440970192922	16.064753893324298	0.06136010382901358	0.5901280007133591	2
0.10146781905625202	25.515183266780934	74.20679974419402	0.019617027356162855	0.15693214261263705	3
0.09127209435266101	33.02701007583268	66.65043844159251	0.024653285893182126	0.20662610232896275	3
0.27452342566145865	74.81300738698707	24.535304971499023	0.08583220835125328	0.2913320075011881	2
0.20650821735318114	75.78355823361947	23.478167867957612	0.12176813843880786	0.40999754263092775	2
0.13384251495306568	52.80112600628022	46.51279018681844	0.11315902414724803	0.43908226780103654	2
0.05809379034330771	16.052785765767972	83.65933818301122	0.05505922907350644	0.17472303180399515	3
0.15128770021394786	30.825449799761923	68.77825965292828	0.06759531663137038	0.17740753046448296	3
0.22350038369090244	43.45387381161292	55.762583812132135	0.15776029393464655	0.4022816986293923	3
0.1845139720984271	46.53241535866946	52.969648197781574	0.07253081813677674	0.24089165331375942	3
0.09398320090371723	16.57494100002993	83.1420051234818	0.06857856850216779	0.1204921070823813	3
0.11306720452527537	28.821636214399383	70.59881880037555	0.1585314319640406	0.30794634873572935	3
0.0663640403060675	39.69406246067237	59.850598237085926	0.1152494964942976	0.27372576544135047	3
0.033427441768675716	12.520503780964848	87.1755639047637	0.13365020320681367	0.13685466929597204	3
0.007889556061621056	3.5255738237764414	96.38752754095701	0.022265588795387307	0.056743490409520606	3
0.014834594619406595	4.123674419427145	95.76048409170971	0.028602346412941036	0.07240454783080309	3
0.0190532083742647	4.33162295982236	95.5282266510993	0.04076057095573928	0.08033660974832893	3
0.031067336263103353	8.559155292619376	91.220908660162	0.0657467294818138	0.12312198147370786	3
0.07933106140893688	37.20052450485959	62.47544433031773	0.0780574684497301	0.16664263496403958	3
0.04354501868538505	23.039606455081074	76.5488066406783	0.13085703102086954	0.23718485453438692	3
0.014910825850831018	4.046152017873631	95.7961636739643	0.043706697146707815	0.09906678516454662	3
0.027356090499881896	16.34685825824356	83.41524992295054	0.08074459846606656	0.1297911298399522	3
0.021340664862892145	5.852047611554882	93.92412649979593	0.08932815877872058	0.11315706500758539	3
0.017128088252572223	3.4268755684040766	96.45630432344761	0.030749326968506827	0.068942692927222	3
0.039559308581568094	20.643703697049173	78.83890301722303	0.20627722813321686	0.2715567490130128	3
0.014089842997173219	2.916385201689418	96.96636924562729	0.035243115952821445	0.06791259373329081	3
0.02062298826522078	3.4468247697744405	96.40740347955987	0.04876443314107418	0.07638432925937709	3
0.015951679883820635	5.625918791996135	94.21489604101879	0.06617988687757621	0.07705360022367418	3
0.05748436535113464	14.222271839828263	85.47037466021915	0.10172182256342592	0.14814731203801845	3
0.06316674976769639	28.200042342305814	71.41209432183337	0.144913552324378	0.17978303376873028	3
0.01823193776194309	3.760509715360668	96.09956405228026	0.05070043185547758	0.07099386274167262	3
0.022967261149548	4.130183749082641	95.66075739583898	0.10132129159499495	0.08477030233383796	3
0.04691290702743407	8.432251858459058	91.3700962995118	0.06222264826182582	0.08851628673988934	3
0.032136837572148275	6.412650072085056	93.35925986121306	0.0880618834051131	0.10789134572459667	3
0.03121232308953576	6.825851699777906	92.93776505812662	0.0840252476605338	0.12114567134543842	3
0.030335669371481282	8.584718872650225	91.23447585502018	0.0661745501890469	0.08429505276908074	3
0.03482288738890181	7.998551199996981	91.74645230253351	0.08799512684003936	0.13217848324057235	3
0.030148596696720324	8.167591770597374	91.635458035089	0.04966839796269568	0.1171331996542224	3
0.2530275101800799	53.76809479514309	44.96153763371643	0.38651451372573237	0.6308255472346588	2
0.012526316908171532	2.8743018425622426	97.0134462929057	0.035515371997289734	0.06421017562661173	3
0.024549157066255326	2.931899419078352	96.937761144886	0.03197366934461149	0.0738166096247969	3
0.04802052259101404	9.549723783955562	90.0743357049674	0.10772083597782522	0.22019915250820832	3
0.010344879771440873	3.2575214310042453	96.66097935163121	0.024460482103175717	0.046693855489911694	3
0.0281878001075224	6.37163507964083	93.42341990091528	0.08627742610116816	0.0904797932352025	3
0.025647221501195548	5.999946081186453	93.85089346263031	0.041054500793240946	0.08245873388878978	3
0.07470365744345729	10.620516557761201	88.8033679627615	0.30505710465218555	0.19635471738167065	3
0.07966669444106388	29.567352442823612	69.99328382961534	0.15822711274258325	0.2014699203773947	3
0.0868661414704355	33.75842338737311	65.70670871189182	0.22330890082710064	0.22469285843751194	3
0.09740316336294347	24.06414235534568	75.47306735881932	0.18862335680317247	0.17676376566888372	3
0.04305383038288962	10.808580537374581	88.98757041012601	0.05023100788144681	0.11056421423508021	3
0.048187260815327405	15.612606046080932	84.11689762700266	0.08719943169847379	0.1351096344026204	3
0.020332922433599538	6.084182165223279	93.78319460047426	0.04076686004262393	0.0715234518262235	3
0.023543356941047103	4.294553086537499	95.56231960507634	0.029220407742173153	0.09036354370293283	3
0.03656131751247902	14.220597934226362	85.52380753047828	0.09739220365787439	0.12164101412500145	3
0.023738244570659112	4.100695267338422	95.77853640267048	0.030720837097853337	0.06630924832259422	3
0.1791133507732934	45.06887025307915	54.33999198591732	0.11229984222878592	0.2997245680014567	3
0.031682154391620886	9.732962312442133	90.13297747962343	0.027370578920216136	0.0750074746225977	3
0.04380610391959696	14.200965092611284	85.55616532956061	0.0536232365145463	0.14544023739396608	3
0.031195219828984856	7.6990300433366	92.11820566270623	0.031302394507138495	0.12026667962104823	3
0.039719112249609195	11.384206900723534	88.41602710710552	0.06707323910357886	0.09297364081777111	3
0.05668091845853001	8.4174075802528	91.3882081126718	0.027633496804821665	0.1100698918120241	3
0.10671593487335015	18.22210144499219	81.39297232599718	0.10812715778167623	0.17008313635560457	3
0.010854754109066918	3.918335933189875	95.97286061573956	0.026981034172688958	0.0709676627887961	3
0.03310778943330969	9.388233188866861	90.41727844393851	0.04846080457141375	0.1129197731899006	3
0.0248613110485777	4.170006430494085	95.6576336541001	0.051736164017674856	0.09576244033959089	3
0.1646014194762198	45.898469502002555	53.42455359974131	0.23125534131763167	0.2811201374622936	3
0.046326119308635484	20.166998339920568	79.61819395410812	0.056682716441003894	0.11179887022168551	3
0.03426614389850328	7.858412579042566	91.92298368226706	0.055251225259390586	0.12908636953249017	3
0.02502140175169972	9.162924280291966	90.64970760405149	0.04878919954053621	0.11355751436430171	3
0.054828237109477	14.923178028447342	84.66407949611917	0.23762185237779623	0.12029238594623247	3
0.030293344753048162	8.830344717185202	90.97451255401695	0.062417571033774384	0.10243181301100909	3
0.07494764248494086	23.696935803254078	75.6782403773958	0.18858746329906054	0.3612887135660983	3
0.0634314362529598	15.960460732145904	83.58306779068249	0.07594558744137993	0.3170944534772722	3
0.08086080151658073	17.23350800875901	82.21175638038554	0.21902573304655334	0.25484907629232995	3
0.24762130005683125	25.476185272024342	72.0179289314919	1.5919790031368928	0.6662854932900529	3
0.3235846759606228	11.838620239182255	86.44850424534647	0.3322221437745736	1.0570686957360707	3
5.243986104533624	65.18324955228333	15.098490060287942	3.4857884801113834	10.988485802783728	2
21.237231909412184	55.96915988856643	6.336335025719928	7.471546165379814	8.98572701092164	2
16.476321324233908	9.332467121761018	0.3282382152868295	1.4436492301600155	72.41932410855824	0
33.947169098937906	10.80190888355917	0.349699947002753	6.907889394437023	47.993332676063154	0
32.04000759118257	24.065927950878365	0.13128075609777135	31.72830365151257	12.034480050328721	1
28.167678292218177	20.389136669589135	0.2799487625450977	41.96508589515868	9.198150380488904	4
5.003608524067637	3.8852173673464505	0.008335359216350879	88.94119469729642	2.1616440520731426	4
12.61983623124134	7.140085512119191	0.0023147428351655655	76.9590363940837	3.278727119720606	4
8.08878386253043	2.3772712703333547	0.0005940826234519048	88.64975520629208	0.8835955782206796	4
4.058326525014127	5.6704341446071105	0.0032765515979015164	89.41265511451442	0.8553076642664246	4
1.6665205900722422	2.6933563534025975	0.001207278804148947	95.16818231765136	0.47073346006966327	4
1.6919095212554764	11.668781527423002	0.0012815309225877247	86.30141171281376	0.33661570758518117	4
5.380114859621483	17.411791226625137	0.0005950693366718243	76.23416949016405	0.9733293542526577	4
3.021602473115767	14.197012395058515	0.00028941383322102915	82.54592755158066	0.23516816641183688	4
5.148709883786739	18.53982755621457	0.00025788455722135055	75.38815203846772	0.9230526369737339	4
3.0225351548356887	19.94729935325819	0.0004984602783032154	76.64958524792631	0.38008178370150003	4
2.5322685253014154	8.84172988224889	0.000796866802365971	88.14925689185414	0.47594783379319094	4
2.839161733736104	9.221054136899456	0.003868804780516621	86.8062350007978	1.1296803237861464	4
20.11275781390096	21.98216875623431	0.001406770538763953	17.97684274637012	39.926823912955854	0
28.30954854872368	32.65660000016905	0.0004333649729543412	37.20584807091535	1.8275700152189929	4
15.912897193093373	19.821219606649425	0.0011039970425778221	63.310520173492016	0.9542590297226126	4
22.751880262018826	15.572874474645303	0.0012198484725981476	52.99947720673175	8.674548208131522	4
13.43623276967982	18.666167997303404	0.000941920963834114	65.67826233768317	2.2183949743697693	4
19.188092843987587	23.167118287600243	0.0018510926190143146	56.8597397102027	0.7831980655904602	4
14.910634994469449	39.87377424827514	0.0011573283953536322	43.954935963647	1.2594974652130517	4
8.730869699470201	34.43644681044798	0.001166117509546359	56.07286047004367	0.7586569025286004	4
11.257069588236847	23.90765627548757	0.000921034120278066	63.60308995852697	1.2312631436283177	4
22.90732062455368	11.024900483994744	0.007427398279901826	22.689817523385685	43.37053396978599	0
33.13711237438134	24.00631567563223	0.0016417404169219163	42.318780176523944	0.5361500330455471	4
20.73515161832604	24.218601638564145	0.0008643741466139181	54.622524313912955	0.42285805505024876	4
11.2895977593703	32.338623825117935	0.0031084781399500234	55.91382523154939	0.4548447058224231	4
5.442670707307311	18.408377429115266	0.0007749978688867829	75.76478092455396	0.3833959411545644	4
6.103375249625516	26.708573592815004	0.000956081542499453	66.75205117059289	0.43504390542410243	4
26.318211460405205	29.21614606232251	0.008003759993501294	9.645766135550408	34.81187258172837	0
48.52952153963611	16.538371754059096	0.003379613907110039	31.178017014554666	3.7507100778430345	1
31.57870674380925	39.90600958329226	0.002221326597011824	27.468783297750687	1.0442790485508087	2
17.19123129006135	48.8205639736007	0.00833365736033942	33.33031179892801	0.6495592800495937	2
7.926234989295125	25.017118668714293	0.0015072250260776403	64.65279938761587	2.402339729348635	4
4.426987268491789	42.33900987623065	0.0024456025231409536	52.71580153433087	0.5157557184235526	4
8.044683002276814	33.54510627476108	0.0007457507888215413	57.73060864318699	0.6788563289862823	4
5.3448252620850765	45.66415884400576	0.007542876506492169	48.1271422410168	0.8563307763858582	4
9.919535468046375	62.320315922211876	0.004590181158103101	27.1532752101933	0.6022832183903382	2
10.20696904346576	52.86686474357087	0.004813964971594029	34.73910978285913	2.1822424651326506	2
5.670583756515557	76.23397229868795	0.006054195863350771	16.57992596409722	1.509463784835925	2
18.64726373540956	62.44958823033505	0.004782956277779549	18.536158815877517	0.362206262100083	2
11.990524114519527	72.52283048344458	0.0033572178481332377	14.72690384696932	0.7563843372184463	2
5.608681985621486	68.44660374068889	0.016914971769203865	25.284954979409523	0.6428443225109032	2
5.269167294454144	66.45143607411073	0.011042134016270402	27.9305600038445	0.33779449357434743	2
5.4642385203154165	55.177312072878124	0.014297043973761895	38.09021274361557	1.2539396192171366	2
4.242853538959207	76.77655387334009	0.012822603154957814	18.593894003096953	0.37387598144878625	2
2.7839103356381316	74.68467874092923	0.023886838361771145	22.133528089625045	0.3739959954458215	2
8.97793570309313	77.48785135195087	0.011058786621427107	12.701953845766278	0.8212003125683041	2
3.5771115453120146	83.46346254266038	0.017920807255241374	12.503591239009362	0.43791386576298175	2
9.424285387395823	74.16996435122468	0.006647776006100685	15.598497446528526	0.8006050388448877	2
7.902396522051467	85.00575142109874	0.025796329014010622	5.404008186226612	1.6620475416091758	2
1.3426814409920702	93.91288150721687	0.04509895830191198	4.327754141244867	0.37158395224426816	2
7.368593119403935	88.50648033773166	0.03238291820515333	3.3105618339584546	0.7819817907008041	2
1.3865150684534213	97.50883108082185	0.1156582746742122	0.7174153829267741	0.2715801931237467	2
2.8067589586208395	94.66753855965017	0.025619893811302353	2.106527932073212	0.39355465584447147	2
3.742340984880326	93.02078681269718	0.044506313274451835	2.455249821583279	0.7371160675647523	2
4.296247209323144	91.61872807666626	0.05852623972198433	2.7560233488209613	1.270475125467658	2
2.2223397102175775	96.42702393721727	0.057804901278190754	0.7273201124397609	0.5655113388471888	2
4.029898259053624	92.78415286876597	0.03794743279507605	1.414263964035561	1.7337374753497508	2
12.76293524590742	84.4877406358782	0.09921164477645283	0.40230333042205996	2.247809143015864	2
6.857212068594758	86.9577236329976	0.10001368011230859	0.10041047498534311	5.98464014330998	2
6.920702095628949	91.94878025270833	0.052865041040543855	0.09161894243692313	0.9860336681852667	2
4.942542783014841	94.15998071062188	0.038840904369866286	0.07359290549842652	0.7850426964949963	2
7.9762152414223655	90.7451461173052	0.04667979938418425	0.03898316350091526	1.1929756783873613	2
4.414544854128911	94.29199203142814	0.047814535250756074	0.061157022484344875	1.1844915567078464	2
2.843668318792779	95.74974090344548	0.34530114155787106	0.03789205207023601	1.0233975841336314	2
4.363354647043344	94.0713723793418	0.06572815273912617	0.05233306418285013	1.4472117566928941	2
3.5944269540265394	94.97087244340806	0.11243260103953673	0.08672297643396149	1.2355450250919042	2
1.5337648048706112	95.77319618473405	0.6106497277180736	0.10520693732867148	1.9771823453485933	2
4.32565166071203	93.86204346831241	0.24181581156016868	0.14652693981690523	1.4239621195985157	2
6.600564986303405	90.86405523666622	0.10020086947537853	0.23897384721259327	2.1962050603424017	2
3.684663810310033	93.80895387841117	0.0911149335897336	0.15662780553017738	2.2586395721588994	2
4.155597136048935	92.18608971892081	0.2300820532087023	0.2062142543746801	3.2220168374468776	2
2.7605211134816714	96.15186175060143	0.3958507477263981	0.05880767765068217	0.6329587105398229	2
1.368451494833527	97.29456848347078	0.6591548145662691	0.07499625294935641	0.6028289541800391	2
1.8217362943026592	97.08850564207407	0.17662887806027325	0.08810762496857065	0.825021560594421	2
1.3850403082666485	96.71985243457725	0.7498486336761798	0.09042530042320707	1.0548333230567004	2
0.9810657913836559	98.38606499959648	0.2423633877673925	0.035634230381135445	0.3548715908713391	2
0.7814638266774235	97.9705606385185	0.8202379598891504	0.039285973811703255	0.3884516011032114	2
1.354346923915772	97.24487669407202	0.4562127970754246	0.10507657007225311	0.8394870148645404	2
0.6929955942532875	97.43241953569193	1.3326185650042026	0.034174318267682885	0.5077919867828707	2
2.2079437557120145	96.16648307783765	0.29563262817633335	0.06750480251426103	1.262435735759739	2
2.214302611351744	96.78725117787229	0.3350449246533854	0.027432369914532295	0.6359689162080607	2
1.3884534982736296	96.9979662725339	0.9731693327701925	0.02164452185542585	0.6187663745668656	2
1.2438485684227873	97.67369276472343	0.5875198750381098	0.015858125189061077	0.47908066662659293	2
0.5161197021177871	95.31768817148871	3.4933077752283137	0.009198041595923991	0.6636863095692391	2
0.6797053498448129	94.99475333617436	3.7920581733258367	0.013615751974374625	0.5198673886806133	2
0.5622861861940752	97.28704207972932	1.6429681405829435	0.012035146208954732	0.49566844728469955	2
0.8619893288934314	97.36128334052869	0.7408200376724472	0.008509346175494488	1.0273979467299637	2
0.44781677467068987	96.07920076639365	2.7651684534019707	0.007652791295243317	0.7001612142384255	2
0.506863995299166	97.05978218917409	1.7493918876461858	0.009250946974691298	0.6747109809058783	2
0.627047955140571	96.7583274251368	2.0403835827492522	0.008971885214310098	0.5652691517590615	2
0.33734892131586713	97.89805821240792	1.3162545393117266	0.00547331577024146	0.44286501119426064	2
0.68641360296894	96.95219360999934	1.4058504426700675	0.013428492722464939	0.9421138516392131	2
0.4125604421992939	96.09822368777358	3.1505577659200874	0.005967567140457302	0.33269053696656115	2
0.42535919669546574	91.51625647772843	7.616440758367393	0.008081547224312015	0.4338620199843984	2
2.676315563500736	95.37611893365805	1.2250028389507508	0.019414632778705174	0.7031480311117634	2
0.48845859635263283	87.77716663880449	11.49387875792218	0.014556956659403823	0.22593905026128674	2
2.957304617490379	95.9818316671967	0.5022127756104077	0.08607066851650884	0.4725802711860018	2
0.33726760618973783	93.4312305952628	5.8810805201146215	0.043569383338221745	0.30685189509460215	2
0.42514813330656026	91.43627373360094	7.41701245798247	0.25764211403861337	0.4639235610714377	2
1.4255605634566457	96.60059767268139	0.8662281758426048	0.5524775746646804	0.5551360133547006	2
0.6351921267109347	95.87720860462471	2.7069560577366945	0.30091234992625704	0.4797308610014088	2
0.4605484742233254	71.2227877822211	27.689379105501715	0.1308285428217643	0.49645609523210077	2
0.8770207734092009	84.53662612419971	13.726614261925574	0.3193400615066232	0.5403987789588893	2
1.5374515473716381	95.21934861828645	1.9031311882164632	0.7088855699222616	0.6311830762031732	2
1.4045806628015194	87.01467943101754	5.339860090604019	1.7449604858114927	4.495919329765449	2
1.7210423351217106	92.02933894515427	2.676824842864233	1.4736778921675013	2.0991159846922627	2
1.2233154553622634	50.648461337267634	39.874585940156685	4.595968169383471	3.657669097829957	2
0.6176685213594187	2.109736391328479	0.09735769399759867	0.16456170012447102	97.01067569319002	0
0.13331617448756325	0.1447404323152163	0.004933104333708206	0.00795993714505457	99.70905035171846	0
0.06532344566792402	0.07573082522081476	0.003954843564640279	0.001014394911100381	99.8539764906355	0
0.019956690146282784	0.028171385235563534	0.0025440261244190185	0.0005045170440433448	99.94882338144969	0
0.0192364657953911	0.02344056047080222	0.0008391949766989272	0.00016600971382580836	99.95631776904327	0
0.013368593299349621	0.014133545341479386	0.0009610781386793789	0.00023125188787751684	99.9713055313326	0
0.016209176338225703	0.03523728366889371	0.0028068186974709187	0.00043265112064028307	99.94531407017476	0
0.07236390842395973	0.030375816188772328	0.0015988592251046697	0.0006951287294034483	99.89496628743278	0
0.027770381088608572	0.03831576099418315	0.0023656420524183945	0.0006768386165177145	99.93087137724827	0
0.07468159097422485	0.07904919989953471	0.0012883101033561441	0.0010908959144253574	99.84389000310846	0
0.007415697310918625	0.022374622230037142	0.006689435954543713	0.0009927795434248286	99.96252746496107	0
0.021513926072720985	0.06726978574096291	0.0024497659630201844	0.001495862722230136	99.90727065950105	0
0.15077660629283943	0.2680660009572064	0.007106202336249844	0.023012629996564386	99.55103856041714	0
3.2713281068231264	0.6333694914749021	0.0019162771814059984	0.04855209683756026	96.044834027683	0
4.111332627114376	3.2514525390551388	0.008950310836491756	0.10110965457190146	92.52715486842209	0
22.70397484581387	4.7149589724141165	0.007895498055450203	0.39120547486013946	72.18196520885643	0
79.72707226074725	13.30017454323144	0.003274453987329821	1.2680351725499106	5.701443569484082	1
38.08491824662907	13.614004067477323	0.01697433050546722	1.3022471099225612	46.98185624546558	0
40.318512502506735	56.24571660414056	0.012134502479042972	1.4999465379349681	1.9236898529387056	2
0.6851992308471209	3.5559084069009375	0.09690637655817556	0.06403831416682047	95.59794767152694	0
