N1	N2	N3	R	W	anotacion
0.02101229334937369	0.006808447169156925	0.0011942854896248036	0.0012479391198706087	99.96973703487197	0
0.0055862148438583165	0.012238862242926725	0.0011896779882870636	0.006227978444038428	99.97475726648089	0
0.0011032310829194249	0.005107536897151089	0.0009775714330281784	1.8119717007538666e-05	99.99279354086988	0
0.013259690442365244	0.005344142073355892	0.0004266375047678254	6.275756841309916e-05	99.98090677241109	0
0.003442373264592929	0.0020911409878867707	0.00029687588536545304	2.164118996473051e-05	99.99414796867218	0
0.03491780309576588	0.049467536202574595	0.0006547978074529805	0.00022905095057297066	99.91473081194364	0
0.03519645206655864	0.06599024841966887	0.0024275534062003002	0.00039207538715620654	99.89599367072042	0
0.025952272527513056	0.015138482161882474	0.0003346898860493388	0.0004248060858917584	99.95814974933866	0
0.35158741136695415	0.052726781049514115	0.00014119020349054686	0.00489449999249937	99.59065011738755	0
1.1158457116732372	0.12478570860997759	0.00022213499338448586	0.013482594236471352	98.74566385048693	0
1.1439678616728948	0.06303497049164293	0.0002579231845264953	0.009565529588472486	98.78317371506246	0
5.93850015397871	0.10317255805969341	0.0001891534203183219	0.009170561553831023	93.94896757298746	0
4.589561128993322	0.14699676365051673	0.00012871780367530627	0.013425056609263339	95.24988833294323	0
3.1953304116840666	0.3289058568946435	0.0008107927031019817	0.0046291638605472675	96.47032377485765	0
4.237988322165706	0.6324282777800361	0.0012702123991335315	0.00984000824248178	95.11847317941265	0
1.3607136112481801	0.38624766869471666	0.002454082524184152	0.009475254428242532	98.24110938310467	0
3.339052775313809	0.23518762466137594	0.0004469048581256	0.0036374171585234548	96.42167527800817	0
3.0094447715254167	0.11769047258023861	0.0002483394028860127	0.002472969014089236	96.87014344747736	0
34.46307181225392	1.5888596931460097	0.0016174090758242872	0.10907154133920187	63.83737954418503	0
56.71330590166538	1.6346401498288716	0.001168740238206873	0.12044446581956096	41.53044074244799	1
70.8373113737718	2.4114095349681777	0.0015196105265850423	0.2179637116023894	26.53179576913106	1
63.339911092104536	8.965411297578111	0.005297546280005508	0.34987152040567243	27.33950854363167	1
57.55681337023967	17.249083985885267	0.017454948853989505	0.5060536130386474	24.67059408198242	1
46.96107010074589	24.394294463936717	0.01199491717634383	0.2375348736691573	28.39510564447189	1
28.957143964498382	34.65458720335846	0.011335098307898226	0.5245346261728263	35.85239910766242	0
26.439227124755003	33.84834741684013	0.01624332726422739	0.5059557931701195	39.19022633797053	0
22.003060221620878	39.19857472548692	0.019141320224898107	0.5187006431538241	38.26052308951346	2
1.7844049993696276	5.1291897989879685	0.01512653267144666	0.11016668559052877	92.96111198338043	0
0.06991162024547651	0.12527186390093317	0.00685005743018024	0.0028661185952417716	99.79510033982818	0
4.91479753268269	0.5985553121092257	0.0013223962954608264	0.0197049819853387	94.46561977692728	0
45.60995045725809	1.6587789311950394	0.0025771930747221137	0.018821314381596323	52.70987210409055	0
43.598772928478326	2.5758631223050403	0.0028194725350021276	0.00890711387795721	53.81363736280368	0
72.5600633346151	9.489976838781695	0.015974925280656305	0.017556236790411846	17.91642866453216	1
31.07059957363324	57.38101220668608	0.05007006269655454	0.03169890415640281	11.466619252827712	2
18.104279742716546	73.20532979592492	0.05766569879987589	0.10786818062991908	8.524856581928741	2
12.391501148258328	78.38636231878354	0.186945702027448	0.18461283240555076	8.850577998525127	2
10.90870450988715	73.21202218488341	0.5859268132454566	0.21011218691535846	15.083234305068618	2
18.273509909888833	51.161350242146966	0.14885717283497388	0.30278379763867835	30.113498877490546	2
9.713605077099732	59.84613633448574	0.5009211608919375	0.37861753068279436	29.560719896839803	2
8.77058103845992	66.65849023248614	2.262255164221861	0.2920606183478504	22.01661294648423	2
29.678084680570617	55.12247643659124	0.3670717845465748	0.3530264339391308	14.479340664352447	2
15.630335346928433	66.12503131141176	0.47934735966608133	0.7702954393063028	16.99499054268743	2
10.623797528547172	71.8712494936062	2.114059655737839	0.39307896488593164	14.997814357222863	2
26.467456346375773	41.31617905056705	3.3980235652946984	0.2713513275775359	28.54698971018495	2
33.03801435941298	49.64724074928627	0.5234770150133213	0.40385026652493583	16.387417609762483	2
22.457380977585625	66.10583638650884	1.2059825940557978	0.29527153601751244	9.93552850583222	2
17.810352683201224	52.87275636721805	5.111657922618683	0.19932580739022784	24.005907219571817	2
11.028720109560991	53.87111710844083	25.206169397300116	0.1696354156161205	9.724357969081957	2
13.14844675411785	63.0608155621395	6.891542740972841	0.384942500789735	16.51425244198007	2
7.80787027342607	60.972160564705455	24.52803116256938	0.12669400181442747	6.56524399748466	2
6.46761168373065	70.88325405401127	16.796827007389705	0.11191800323505305	5.740389251633308	2
8.050152645531142	70.92959587300466	16.12979342297792	0.06923702908478044	4.8212210294015	2
2.8387059309302436	48.134872219167896	42.76072505403772	0.014580062250393194	6.2511167336137525	2
2.500244210429984	34.17941277341755	57.96980935435647	0.011559831743852209	5.338973830052147	3
1.9165215688917239	29.38058509210591	63.74135996747906	0.004653598349029025	4.956879773174273	3
1.7383943038172742	22.520535449642832	71.24879287358273	0.0024056656601481098	4.48987170729702	3
1.9397171435782692	28.149781563580373	66.2774529911955	0.0036018814043532973	3.629446420241511	3
0.7066619008081458	27.18668171886145	68.88431694021541	0.0022873105207888685	3.2200521295942046	3
0.5301612715269072	16.10650542414934	82.21540031627555	0.00153877196073253	1.1463942160874727	3
1.0341009422970127	27.120147831593798	69.54104996067619	0.0023746028935828613	2.302326662539414	3
1.0579568634842522	25.46117343236193	71.78755279461345	0.002583367851618889	1.6907335416887708	3
0.780734857707567	20.68141502011949	76.92513126022227	0.0012405462037216762	1.6114783157469428	3
0.5634909433706018	20.879034043436665	77.26463577982315	0.0011854737696916987	1.2916537595999067	3
0.23872245744872306	8.596680767413137	90.25864554832205	0.0003249937271456252	0.9056262330889677	3
0.24346880368867693	14.482521452797156	83.89622628783714	0.0006830188548679479	1.3771004368221675	3
0.2388540503502451	13.723164506072768	84.62704842937893	0.0010671974320865091	1.4098658167659839	3
0.40518872401904166	10.96438273745475	4.322901102755284	0.0009839212639646952	84.30654351450696	0
10.1209919661958	60.546147470412095	20.17540920097562	0.004970701222750962	9.152480661193746	2
4.403984195489201	50.8719581964931	33.740118247488724	0.0033355063813384333	10.980603854147644	2
3.3842453990757795	20.898702503847876	65.17576879815743	0.004494023313864956	10.536789275605052	3
0.6025744152759083	13.81494679386843	81.90397942865003	0.0011761995410839608	3.67732316266456	3
0.961357718154877	14.459398072180695	78.11948094283655	0.0027124244661678116	6.457050842361712	3
5.2659148905033595	23.923191892204024	63.09646622276185	0.01058808054250318	7.70383891398827	3
6.355638728018702	32.519774257348914	56.267218792743954	0.0055805082819101294	4.8517877136065275	3
0.8919178287993993	10.547815332375984	84.48634111034193	0.002019821369684518	4.0719059071129955	3
1.6444461351281021	12.829766959033567	83.32338182577838	0.001982819762843653	2.200422260297105	3
0.14540340531095705	7.247201734325602	91.9018222468667	0.0005563771079538464	0.7050162363887839	3
0.1333083196051195	5.586203807833542	93.46045597644343	0.0005441295410638083	0.8194877665768546	3
0.22214724139631106	7.430193069224914	92.04214359983175	0.0005184010584118659	0.30499768848861375	3
0.22756413175335985	4.26992950301382	95.10389750630569	0.0004931399851266303	0.39811571894201564	3
0.3598662158782191	7.428837827521136	91.16992043390741	0.0003602513138874177	1.0410152713793468	3
0.10556069726588896	3.5327345790540274	96.05144210523399	0.0005247196210367527	0.3097378988250715	3
0.13911878394702135	5.098658441181909	94.34339111017687	0.0005567705485772795	0.41827489414561275	3
0.15174754548187794	4.619891132826951	94.81267255638309	0.0006220186643833351	0.4150667466437055	3
0.08505487129101194	3.9299327667196264	95.84911846122023	0.00021825385595695217	0.1356756469131834	3
0.23012366577736185	7.299265118403973	92.16172274172796	0.0006799011770849491	0.30820857291362247	3
0.13123488660789262	5.818234408380418	93.83694863543593	0.00035948651684181024	0.21322258305889047	3
0.07496877201972987	3.9975170219677225	95.76388860315872	0.0002940094005039397	0.16333159345330142	3
0.2515183500458609	6.558050478775017	92.81354017496014	0.0009124238173744606	0.3759785724015934	3
0.2382710220605095	4.6179129716881135	94.77087981365119	0.0006197618821508433	0.372316430718019	3
0.20792507350627817	4.44701354042281	94.82253845318698	0.0005239035134816509	0.5219990293704397	3
0.2162776994418574	4.72946913687509	94.45985329949214	0.0007508654627360911	0.5936489987281823	3
0.3054456105284694	7.264466037189971	91.52753725695237	0.001420883840768325	0.9011302114884381	3
0.6436981629079931	14.481311842109502	83.19768338498574	0.0029824057847364807	1.6743242042120174	3
0.5256966612147479	12.211432831758854	85.67720442767272	0.002839512844905201	1.5828265665087504	3
0.4298905893572057	9.581566891491516	88.34543778396528	0.004180938554528415	1.6389237966314714	3
2.538726715735193	10.12443635827548	6.855279378738037	0.016302860144406708	80.46525468710689	0
1.1683519973407661	5.483686165080973	2.178399492679611	0.003906314788250453	91.1656560301104	0
0.7640043733334683	2.3316849094596144	0.32372048106161977	0.002126301638619603	96.57846393450666	0
22.378261429489864	32.96140983776088	4.599204479046272	0.019207832006734066	40.04191642169626	0
10.777842421386035	32.29978750616987	26.257996072879624	0.015759362134567596	30.6486146374299	2
8.280316568491504	51.199338247454584	23.88267953847424	0.027871702177268618	16.60979394340241	2
4.308476953257251	38.70629817504018	45.072352985223404	0.019413290258878814	11.893458596220265	3
3.3391517627257095	33.85947264763161	53.23774479591511	0.008705180122476636	9.554925613605093	3
1.7432446101712327	19.362444740903605	72.6061978719926	0.00409386607556922	6.284018910856977	3
1.0838150757777905	14.348640416355622	81.39125595267032	0.0037060986246706435	3.172582456571598	3
0.2508529596419525	5.2103176156745725	92.24885651192017	0.0020234541999428466	2.2879494585633684	3
0.2771805519065515	6.421372938089521	92.04792651818622	0.002667527314305602	1.250852464503403	3
0.5004258051140363	6.9269310585680675	91.0422396312308	0.006663915687105152	1.5237395893999788	3
0.2475531942150289	6.896893279262716	91.72502012790164	0.003422622294345842	1.1271107763262698	3
2.0992926716558316	19.107604865105323	75.76801165510226	0.011791577884586806	3.0132992302519916	3
0.29617933039493316	6.766035108508184	91.75409549669236	0.009371861987163528	1.1743182024173657	3
14.889739066937334	41.72089630823548	26.803276237666978	0.1584946274781214	16.42759375968208	2
23.54917262306536	20.05951807345121	0.6842802138361799	0.05866328348059774	55.64836580616665	0
30.475191954535635	54.29241789805829	1.6238026694452963	0.3825534202434455	13.226034057717323	2
14.0151369883954	58.966285705672995	21.019928284884674	0.22859511187785206	5.770053909169089	2
14.966180668949642	59.87448633392861	19.544585724122825	0.8702103292834664	4.744536943715453	2
6.991255067369225	82.35278370012253	6.244523495329059	1.623171313457857	2.7882664237213306	2
7.544370634574479	74.3698189294533	11.893344184393287	2.1857615664492056	4.006704685129731	2
14.507560078915507	68.34443230012775	0.4688830278896102	8.024230153516912	8.654894439550224	2
13.619349564861485	60.64878021426837	0.2818138062309768	15.806882624990282	9.643173789648888	2
20.77059360404929	43.67373919617276	0.0701218328907614	18.905257865822158	16.580287501065037	2
30.855717906163427	27.26719211229974	0.07074315834582755	25.42760770297667	16.378739120214338	1
23.302454182188857	18.50323342144425	0.0007097638546946491	43.21059798016267	14.98300465234953	4
37.86586762420464	8.743386598924804	0.006638253787578703	13.601131750127518	39.78297577295546	0
34.506123780510706	3.0127150462947423	0.0006843491378716785	4.13836510085277	58.342111723203914	0
1.8998425483457246	0.5560923247645161	0.00036785090170845435	0.29815538152818827	97.24554189445985	0
7.034851182887215	0.3182858630531349	0.00021959169116021076	0.08662639226778189	92.5600169701007	0
34.21532810653764	2.1617126717658497	0.000768226622861427	0.2498011314285637	63.372389863645076	0
45.02962033781746	1.4839736616300505	0.0007907017051230892	0.5033688547478528	52.98224644409951	0
46.51983515716196	11.894559820476152	0.0005225063783062743	20.652432114722433	20.932650401261146	1
44.192126593972915	15.56416022150631	0.011369912624128297	8.710345265555071	31.52199800634158	1
9.032788559412024	1.0298029034149696	0.0007101852208319049	2.2554345796468747	87.6812637723053	0
38.7910740518501	3.587543907078502	0.0021348239742156345	27.88701568565456	29.732231531442626	1
74.8966224635191	1.8178918108483673	0.0007946992965389637	3.1267709538039785	20.157920072532022	1
65.61259136188788	5.073894112167335	0.00017637172301869768	11.785344480373372	17.527993673848407	1
12.307797102836195	16.300015162845078	0.00030169513473691985	63.168002012280866	8.223884026903136	4
7.042153290045057	16.58204525662655	0.0008579624386361826	73.46580246831137	2.909141022578403	4
3.6627425505603384	3.841139703665866	0.007863332899712092	90.19446858648472	2.293785826389367	4
2.146768530847697	3.392884453796194	0.00315189847661665	90.18787976026267	4.269315356616836	4
2.6315339242493128	5.001998396786282	0.00020040489956643342	90.67212030796226	1.6941469661025852	4
9.716678175215586	2.1218971827628117	0.0004692575535344504	43.27205359407907	44.88890179038899	0
15.556904894356318	5.604432981693748	0.00019827711527207253	64.54023038667479	14.298233460159857	4
23.552098817325795	6.265793639704224	0.01919951292928172	49.00702186782549	21.15588616221521	4
20.878718205758208	4.881919316734617	0.021203541769581932	47.731293217337495	26.486865718400093	4
19.98229261939591	2.586401210052594	0.0001525136593725179	5.2553729097829995	72.17578074710912	0
0.8772524721285452	0.21363396920292527	0.0018210477699672123	0.09329201827053797	98.81400049262803	0
5.32826909456934	0.20133269595704492	0.00031075637809715957	0.047237779431768996	94.42284967366376	0
0.9735224680590902	0.1589520524649367	0.0022039809859631834	0.012661013620329	98.85266048486969	0
1.6344768402983723	0.08627024701048885	0.0006829161643722915	0.011795543290412085	98.26677445323637	0
3.24965142502509	0.14747456159279296	0.0002370189800867935	0.0039039391835942534	96.59873305521843	0
1.7852671059720198	0.1729439219266951	0.00023062412388862114	0.010010402468619745	98.03154794550878	0
0.8716571051697772	0.08716772325491927	0.00011894685729799618	0.007526493367025021	99.03352973135098	0
2.552451273680495	0.3308531091910207	0.0002848070786808511	0.0060308733046637265	97.11037993674515	0
1.4367129196915935	0.40305154911375335	0.003621835765776335	0.019240384187002312	98.13737331124187	0
7.38810048519243	0.43668256446548925	0.0003341650988484783	0.028825831921452813	92.14605695332176	0
4.555213854527161	0.5163235765580855	0.0004716909718609361	0.014913002655922204	94.91307787528697	0
21.91943078521519	0.8877834677330381	0.000373747974378106	0.05678191211927532	77.13563008695812	0
0.6095370373283533	0.21838168761972293	0.00029837286832585386	0.01150281806594518	99.16028008411764	0
2.608277316664959	0.20793424119269788	8.609228654523784e-05	0.0015685248854159744	97.18213382497038	0
2.0026004320480832	0.15362644141102677	6.0718679998801e-05	0.005080554068589706	97.83863185379231	0
7.534370407058183	0.44308557163355733	0.00019547697264294149	0.004697690455097965	92.01765085388051	0
1.0423134048523224	0.6578818838051813	0.004559934675041547	0.025649715363433464	98.26959506130403	0
13.748022206225885	0.3672487419045156	0.00020363041036145098	0.03210895329259143	85.85241646816665	0
22.240008493405146	0.20705126704378868	0.00011326470881800224	0.010255541643560307	77.54257143319869	0
31.962238586364805	2.337446955005888	0.0010718390377843757	0.21443807724645098	65.48480454234507	0
45.79896993534025	1.3403879179396578	0.0006227475044668669	0.05387790395188467	52.80614149526374	0
56.325885356458585	1.4213255159902467	0.0017363762401534238	0.1755567314561859	42.07549601985484	1
53.678940351208816	23.711764666817057	0.03470734653602563	0.9137830504899974	21.660804584948085	1
61.36334512514584	20.77320072471402	0.012313030631485363	2.7583814963008506	15.09275962320781	1
8.046765044808952	4.376311136116338	0.007343288745098491	1.262645093919893	86.30693543640972	0
13.39271044849221	2.5199488422360896	0.0021713613467871204	1.1806129263721958	82.90455642155271	0
64.1511124126813	3.0524116620204462	0.002893658045289546	1.6421537006690634	31.151428566583906	1
32.15209719833129	11.000651324318609	0.05680185453826033	2.9918092582916334	53.79864036452021	0
73.93058226511732	4.638889168117871	0.015023818942214976	1.4461019657192884	19.96940278210331	1
73.01979130954216	6.889641980316939	0.005394076065453461	2.6841437840282816	17.40102885004717	1
60.996791565300704	23.602021889865014	0.025970522136532413	3.284966989815942	12.090249032881824	1
59.53638948027722	18.9622653288851	0.007385780210099319	2.711876591542141	18.782082819085446	1
47.6431035204469	40.25984200210899	0.02285257174094461	2.8657202733115583	9.2084816323916	1
38.26450256207586	45.55464099387721	0.035633387507474905	3.557540576181892	12.587682480357568	2
12.521102051697653	1.9245606095146721	0.0024726417268809003	1.0708801712940639	84.48098452576673	0
49.36063535134877	14.499699096722306	0.028191944986566148	1.2270678374584048	34.88440576948396	1
48.13522005643215	25.769025677028356	0.09025431198860516	0.8935296672385327	25.111970287312356	1
12.796704380816855	2.235930872596616	0.006140184720974137	0.42040272598129064	84.54082183588426	0
67.51363154777749	10.545960381038023	0.010030831560906658	1.3194835763450452	20.610893663278535	1
11.896516547543975	0.953539680367436	0.0019797847570625256	0.3350063517294213	86.81295763560212	0
41.339135447264205	5.814690617886594	0.005959148780497969	0.3965925487639168	52.44362223730479	0
46.299116746215276	39.98851867367821	0.033031153876917824	1.1400075363785176	12.539325889851085	1
41.27343372614762	43.45634437522457	0.057012659157550535	0.7351129750431172	14.478096264427146	2
20.322363253962028	69.7247545307292	3.1271174547874225	0.6572725323857389	6.1684922281355945	2
6.508391948985443	0.9705876222473542	0.007082243764674234	0.15399828251339207	92.35993990248915	0
69.97868499598592	12.094117718394221	0.02960120490440923	0.2470109870356584	17.65058509367978	1
41.95949963074845	53.79887220498604	0.07948500111919041	0.5823555479751161	3.5797876151712025	2
66.95015784133535	22.668922778452114	0.032838967737365964	0.1875646135036628	10.160515798971504	1
15.610171601342222	80.97949192720921	0.5830097705793215	0.24825104821714405	2.5790756526520973	2
18.924880169374134	74.08261277430057	0.06957116482359456	3.192068554125014	3.7308673373766976	2
26.337432177786603	60.08549131405074	0.27629069645368304	0.7109377820901893	12.589848029618784	2
16.17090889568054	77.5398918028655	0.2356461553969607	1.2021567245964573	4.851396421460528	2
48.91678317767915	41.576184852531526	0.011519154676392585	0.35157289523443985	9.1439399198785	1
16.456888704644086	17.478648073183916	0.03715084673919863	0.15871002239890072	65.86860235303389	0
15.758293351246003	1.271109750282279	0.0014893339223961994	0.1476198248659074	82.8214877396834	0
41.77388561397487	1.0921405584203387	0.001226639386945742	0.09002331368114161	57.042723874536705	0
80.76454337490497	5.211361749358166	0.005741030357639769	0.12028688715111907	13.898066958228107	1
15.703290415648466	0.9709333534076723	0.007060058733192945	0.09063397051071367	83.22808220169995	0
59.33716482442425	1.7102482460406638	0.0010300780972845923	0.1249259589348298	38.826630892502976	1
21.189120692615184	1.7965856945272223	0.00836029243143184	0.08437206469264844	76.92156125573351	0
41.1700135954055	2.6410654726113414	0.00701670039755859	0.08335172997866551	56.098552501606925	0
58.17772624584146	24.603839878954872	0.13451559050807613	1.3780056861129877	15.705912598582602	1
18.42092161210775	1.813137795253735	0.007512160823618488	0.3420423251905293	79.41638610662436	0
72.47341314371604	8.93933679975099	0.007080699421983446	0.37937536968848096	18.20079398742251	1
29.208843908625653	2.4210723399366407	0.0044985550543482815	0.5187783412637967	67.84680685511957	0
27.005712895409097	21.76990994557913	0.027378812418199092	0.5480586965605111	50.648939650033064	0
1.7798534965756028	0.6512941075161557	0.00021405216664215548	0.0906956030617497	97.47794274067985	0
6.079728547016434	0.26438266558716883	0.0002580795677877314	0.06349986753571556	93.59213084029288	0
25.978010106593924	3.567317342157699	0.0015850892220498117	0.24431999163182114	70.2087674703945	0
9.371368716660456	0.7356128901022815	0.0008968406386323479	0.1896008610315697	89.70252069156706	0
2.3809180863750976	0.258851596282607	0.0002576524838688615	0.10732155926554263	97.25265110559289	0
1.7752219054592666	0.6167464746205633	0.0013577824715965106	0.09936083168182105	97.50731300576673	0
7.52503304736295	0.7566269573581644	0.0010264540832475991	0.07441309292372598	91.6429004482719	0
33.057108648101824	0.4102660138261076	0.0005756587157832953	0.09216579223907809	66.43988388711719	0
55.03871479761842	2.996285890823583	0.004963078706272926	0.4068289445731118	41.55320728827861	1
67.66321298207568	18.10214799793729	0.01381701289433252	4.474149497023811	9.74667251006887	1
62.12579495360793	17.647970360796474	0.008886057516813055	4.7194810517389465	15.497867576339845	1
29.365748449647654	62.46373071772311	0.07266429665929801	3.0635886543796365	5.0342678815903135	2
23.693364782448487	70.95950350372901	0.18140593899348684	2.6484052050623648	2.517320569766659	2
52.309052801791246	29.076381207721536	0.08274525058727053	1.7461164951794208	16.785704244720527	1
26.6966992860464	69.54219959778615	0.20596217303623585	1.8824809977525239	1.6726579453787007	2
12.822510216328128	82.74061070439468	0.8689372615828476	2.1292477285497475	1.4386940891446007	2
16.762422697222167	76.56495701921571	0.4314100275095773	3.758084962866992	2.4831252931855343	2
5.546064034763541	72.0464885934335	15.200135158426209	2.936692872600419	4.2706193407763235	2
7.957471380956011	75.59090758381991	6.9567379019768145	3.958432790930784	5.536450342316467	2
4.322239174119816	88.0585860010218	1.594919607556014	1.733986555878387	4.290268661423989	2
5.684529695004861	78.8818750324849	10.000715247052058	1.7787211710837734	3.654158854374412	2
6.071609100312235	84.39931064035548	2.991459788018459	2.0304831379801986	4.507137333333628	2
4.859568164554847	83.30881377435776	6.763186704238744	1.1029954448921333	3.965435911956529	2
5.777175097052419	84.80557078191848	4.979083049573154	0.5218314868078033	3.916339584648133	2
4.2140848491135126	81.19798149997254	11.850037373914065	0.5960494999489384	2.1418467770509366	2
4.602172826127756	80.06281911285839	13.507536252283515	0.47316051758707556	1.3543112911432926	2
8.824676102656856	41.26607240204706	4.497330306401511	0.7576112875230628	44.654309901371505	0
1.1282546720145983	0.5281867038824327	0.05449566237405994	0.03810126010836593	98.25096170162054	0
38.753885330000145	40.87659143171675	0.6758493339778997	0.14198887483386777	19.55168502947134	2
51.22739110168432	40.98809675092966	0.4863900325928054	0.13702834575620007	7.1610937690370315	1
8.725865968195814	83.43339838857624	1.9147804465262017	0.3655922053283699	5.560362991373379	2
7.58224834550386	83.15070241305901	6.8723173478092345	0.2792022160933788	2.1155296775345382	2
5.977342755178832	74.04426340760256	17.11961103417886	0.1425535376810243	2.716229265358762	2
3.649580158629072	47.15365142677301	47.27188124458424	0.21092042774654698	1.7139667422671103	3
3.055686664298394	75.75134614840493	19.594469278426654	0.22121763326772856	1.3772802756022786	2
3.1191759875676803	68.25325466542654	26.987847025544536	0.108494226513984	1.531228094947245	2
2.24117654215733	60.68565208198285	36.08167864599849	0.03894977416670857	0.9525429556946194	2
3.3930509912895137	64.04530249257147	31.559413103571192	0.032289029459516574	0.9699443831083048	2
2.3697373917539766	49.401556235234594	47.15646691466949	0.025864970150484678	1.0463744881914636	2
2.3452347625681593	43.38151355494716	52.80006783565598	0.02411426370268241	1.449069583126017	3
1.2808320722391529	43.63416616403411	53.973313470364126	0.021889743288601646	1.089798550073999	3
0.27599205386827463	8.758695562531765	90.48985314793663	0.008779097658873882	0.46668013800446395	3
0.26624831524865766	9.343565040399572	89.94099727625287	0.006505168885411272	0.44268419921347535	3
0.10398944714240771	4.5232469252820575	95.21228135204039	0.003245786176827705	0.15723648935831006	3
0.2102995786651146	7.528604843360713	91.89758618791262	0.009721795793165585	0.35378759426839396	3
0.19226319217959922	6.842841110562007	92.71581379097668	0.0036448839326464755	0.24543702234907533	3
0.07446391605420252	5.501411897204073	94.1487223356651	0.007024715587306363	0.26837713548931397	3
0.2155884617775856	12.178814505141467	87.47530610814407	0.00833353214377658	0.12195739279310577	3
0.095032518073197	7.025464297990385	92.50745853999321	0.016069658070342233	0.3559749858728769	3
0.06773400970041712	4.916739094090392	94.83175788767564	0.0050751388460014354	0.17869386968755924	3
0.0712530965838465	3.638170549619662	96.14011543973332	0.006007825611140089	0.1444530884520446	3
0.06601854304722057	4.234758048508962	95.54415323662818	0.00712392163575412	0.14794625017986604	3
0.12108227871458993	5.712323195860635	93.92106617771188	0.023225027868673066	0.22230331984422536	3
0.10370199200615965	5.169520545969563	94.49714235271264	0.010827134492349488	0.2188079748192966	3
0.15543225329354257	7.013234489909066	92.12902294286299	0.025693395401253004	0.6766169185331479	3
0.39983333584384906	6.389907094577699	92.24237322431593	0.20074240713319208	0.7671439381293385	3
0.2800499213583255	7.172695027292042	90.99025879417923	0.5011084806502387	1.0558877765201855	3
0.6841650839450254	10.366203876756403	32.923915877073654	1.556927735827956	54.46878742639697	0
1.1476802512784285	1.0646738943402916	0.10405620546776696	1.1725876680602227	96.51100198085328	0
13.640687005426036	14.454388583293913	0.11279728972636777	1.1030000044142674	70.68912711713942	0
7.9413154919338425	0.3841353835097533	0.014519977070503492	0.26491787009414264	91.39511127739178	0
7.76231400546995	0.39371335459633794	0.009052272345648368	0.04375157944470772	91.79116878814337	0
20.150520789546857	0.37481681419061	0.002803495256925538	0.0497116742694415	79.42214722673617	0
64.61361681782877	4.663914977981417	0.015799799746224762	0.3303642781052569	30.37630412633834	1
73.57331324610321	12.16126473159599	0.03617889481298283	0.7715567110111419	13.457686416476664	1
40.6186106617907	42.57313027657733	0.5474842064307645	1.5424441563974751	14.718330698803722	2
3.608368697819157	5.794654690854154	0.46127755448820207	0.9917809563164893	89.14391810052199	0
10.461675450640996	1.7832866158909328	0.008739599868846414	0.356324781307307	87.38997355229192	0
8.159168102133044	1.9940964420169311	0.021879220481135518	0.31705065331680216	89.50780558205209	0
71.23426449534719	4.781812513985857	0.0056774994547618175	0.1026602222235712	23.875585268988626	1
53.44352663218827	34.684891087060585	0.06426015976159934	0.29118666679542693	11.516135454194117	1
36.07259901670498	55.99614823443155	0.4065286870710472	0.5416859091268926	6.983038152665526	2
10.849730757048768	83.83898515752867	1.3242461004991626	0.9261301483821269	3.0609078365412774	2
9.166433117941777	85.67937834967053	0.6783922146513353	2.0957144373629912	2.3800818803733708	2
9.489953135002358	85.17115709261448	0.6506979138556789	3.0814636481995517	1.606728210327936	2
6.5044717009371515	57.36909267841946	30.962631979940625	2.4556289119643924	2.708174728738367	2
6.335310031653503	84.91609748671422	2.0550119234293485	3.3858729840990462	3.307707574103893	2
5.016100806434264	87.76041214390041	1.0348352696812515	4.192452672650879	1.996199107333192	2
19.635844748179093	36.706555807776056	8.47898441998666	8.797329792906055	26.381285231152145	2
53.97745222894825	32.44470410816676	0.5397495673116083	5.590682293422051	7.447411802151333	1
36.423374508188125	50.59012800526166	1.8482379520626129	4.884833167632197	6.253426366855411	2
27.329940212007305	58.75998588763684	0.5585925402652405	8.608260853427572	4.743220506663057	2
4.7255508398884585	54.35222533660905	33.59548229268997	5.23989986416202	2.08684166665049	2
4.559868817004486	48.957757400496504	27.701921512054252	12.855950037869352	5.9245022325754295	2
2.485464871681954	50.72129188002794	35.75371027937555	7.858696680410042	3.180836288504522	2
2.9190286715317986	38.27616852491529	39.15069049402482	16.36658793437117	3.2875243751569214	3
1.6648501870394028	54.38253050404579	26.2773884842781	13.860980947110033	3.814249877526664	2
4.41489991522893	66.60102073088414	1.0531553414475048	22.87814420081774	5.052779811621702	2
2.837806506074358	62.19481722273413	3.741428005276933	26.956179904849186	4.269768361065381	2
7.5867611978770455	53.844537417239	0.23827746138219358	33.01211986201164	5.318304061490139	2
2.3091248458435967	7.279616331812316	0.0007063428075836195	88.92220491424216	1.488347565294339	4
2.015163935156703	1.3318667004012505	0.002617041985836301	95.7336867358659	0.9166655865903006	4
0.911549306780325	1.2829482782639572	0.0010081708700137929	97.26881410279118	0.5356801412945201	4
1.150181568169512	1.7778518309518443	0.0050046882456983455	96.45416391305332	0.6127979995796342	4
0.4179518993280851	0.3255822505423315	0.0009200546777298391	99.01017597856392	0.24536981688793977	4
1.8119707972583337	1.4485952216127653	4.144655545371088e-05	95.93779804301184	0.8015944915616073	4
1.5336697692826187	1.3584088975977149	5.1444388630709405e-05	95.35432711269593	1.7535427760351188	4
3.122431984023506	1.0490773202093893	0.0004686237115620461	89.72690964442805	6.1011124276274975	4
1.859021884439935	0.7686182580427531	0.0013967927182809636	96.13047950466358	1.2404835601354434	4
3.4027277427312326	0.8139094091170954	0.004952038452259213	91.89944667538155	3.878964134317877	4
6.323895560799173	0.5633973690308576	0.0013899596104947893	91.13679557400394	1.9745215365555433	4
2.5721334001570977	1.2705591261134548	1.5032012055695143e-05	95.51359609642746	0.6436963452899198	4
1.2533820989216415	0.811274891775045	1.454310723047835e-05	97.57559361677474	0.35973484942133427	4
1.8351670665727313	0.393848908426797	0.00048127809763821763	97.00596260657753	0.7645401403253261	4
0.5959058279647366	0.40014665843900304	0.0005996113973427278	98.64225452942775	0.3610933727711972	4
0.7970637371010126	0.46418986779407734	0.0007811395151409359	98.37810143851522	0.3598638170745446	4
0.8479455333422136	0.39601042019958965	0.0015123523765359602	98.09033987382088	0.6641918202607545	4
0.2645047762151954	0.14524593573061242	0.001245353641905879	99.3847694576817	0.20423447673058984	4
0.27493494719604117	0.057806408866833234	0.0003623732647050914	99.42893045454599	0.23796581612642725	4
0.02457961609423187	0.09902545575801469	0.0006954458826009196	99.5915498509586	0.2841496313065387	4
0.6212857156921842	0.5232479216735023	0.0018151451786696463	98.23733498111365	0.6163162363419956	4
0.06573321404124899	0.1596647922561764	0.0007422463412948429	99.65026994578213	0.12358980157914964	4
0.25577288150054583	0.18556281008199124	0.001470170300362404	99.451230848382	0.10596328973510656	4
0.07794368860065166	0.11114364221872855	0.000515834530297349	99.6683345070237	0.14206232762663676	4
0.3151832340594937	0.30170945960874396	0.0021187644834108404	99.07754671269603	0.3034418291523283	4
0.6199482854340138	0.16772845507228187	0.0017538339699852959	98.004257877949	1.2063115475747168	4
0.7344078392448254	0.24571112255995664	0.0031034293760989987	98.36994039689175	0.6468372119273763	4
1.0930517164938627	0.44574760423063037	0.0009211513352091006	97.21501818951246	1.2452613384278346	4
2.529503556260977	1.3234615677683441	0.0017316239016395233	93.97652316105838	2.1687800910106483	4
16.156368299190575	1.9568121572171855	0.002800075156087867	50.87772874291654	31.006290725519612	4
36.18309186123355	13.491690774225779	0.0017584324062964	26.465005228061777	23.858453704072616	1
50.61765214053079	13.438308723907785	0.000257867740414907	23.289221650335136	12.654559617485873	1
36.73991934164292	16.56766830258041	0.001252199874226643	43.167951065566626	3.5232090903358126	4
26.782650536337343	29.752428624538375	0.0004836240774297754	35.68065882620797	7.78377838883888	4
19.617362132915254	34.56063489173754	0.0009392988450462889	41.984938570519105	3.8361251059830375	4
7.715351173575087	25.860867517584694	0.10545159558602653	59.50630711291728	6.812022600336921	4
19.300139936587218	26.90081389437627	0.00321029479118073	45.80739085710223	7.988445017143106	4
8.242379072272644	3.8616029468896267	0.03915280356515695	6.192758397530819	81.66410677974176	0
63.31180204608776	14.051962356577619	0.00041595409347917976	15.400770575054059	7.235049068187083	1
40.15277877447073	49.83432547284095	0.311603755740515	4.696617278868303	5.004674718079497	2
43.94447429839766	39.267079754082154	0.006397657877418183	9.58593888315395	7.196109406488837	1
13.770707580600686	70.43796347269694	0.10101110760630931	11.11853762239899	4.571780216697078	2
22.26885215595755	58.025006068206075	0.0024349203161477093	15.591879744516799	4.111827111003437	2
15.924033288549547	72.74237089529255	0.0009963432372622535	7.41738295614688	3.9152165167737576	2
19.599379725117107	68.6938218401553	0.007821641060122344	8.22967197286312	3.469304820804354	2
15.234749230768738	78.82388111504154	0.21855921211651688	2.849988072187697	2.8728223698854967	2
12.05996620898836	84.37850340153763	0.2362847551197548	2.1902792439798273	1.1349663903744152	2
9.700381087978247	83.71435667604277	3.565472984132677	0.9197021388430527	2.1000871130032497	2
9.84609070026541	86.13422226947715	0.7440165531321075	0.9200873996539519	2.355583077471412	2
5.713657653711156	89.91856949272157	1.9408916652578447	0.9513025771263173	1.475578611183124	2
7.044853711107126	85.24246411003327	3.6701572048385187	0.9782198788848226	3.064305095136262	2
4.632403488679439	90.21648886062924	1.6542745567443382	0.5727376983280953	2.9240953956188696	2
3.407598767493689	92.6714489997162	2.468083831712646	0.31272160279636424	1.140146798281067	2
7.231767295737857	90.28559108633006	1.3685838339719538	0.235516274654068	0.8785415093060535	2
4.284632107026122	91.05946782444111	2.9083625276012928	0.38425422971439543	1.3632833112170877	2
3.447698094647352	89.66679445965774	4.7166057376341195	0.28210914422097055	1.8867925638398293	2
1.3916740305776616	76.00846331357438	21.41278676812399	0.08546111166927377	1.101614776054674	2
2.890451249198369	68.33160620653007	27.68465035603761	0.0993392813752586	0.993952906858697	2
2.4741297409985177	57.931478166458014	38.527460371216534	0.13588249045802175	0.9310492308689248	2
1.8966881598099579	69.73627549226885	26.958911336491216	0.1407815643024227	1.2673434471275669	2
4.923456925985679	80.0265422050957	12.423625423669451	0.442682608889954	2.183692836359228	2
3.446322526908849	53.403286539618655	40.92760122453837	0.4772257186561882	1.7455639902779467	2
6.914609951255585	47.57220930138963	8.842709337330062	1.9624404101170647	34.70803099990764	2
16.346888341048825	54.91846368458585	23.676150030817652	1.3925830901606229	3.665914853387066	2
20.749692486050247	65.63930460909208	4.487558251181296	2.826896235221711	6.296548418454674	2
10.200361313862414	65.52497519410443	18.712621554328482	0.7697544620135096	4.792287475691165	2
11.222462933540745	72.18645283301748	11.209585934312246	2.0785896951991134	3.302908603930411	2
4.696013793982737	55.82450442486036	33.630796962884865	2.5457819096172853	3.302902908654763	2
12.333422881708174	63.28802833755347	5.196241106898216	1.995622667709561	17.186685006130592	2
20.6079624020908	67.67027940006413	3.257184451504528	2.51816622023395	5.946407526106579	2
14.584411018787971	55.68083001765628	4.47292618320825	3.5630794046966043	21.698753375650888	2
15.849653190492516	59.14916593955365	11.49407618480582	0.9208392530320474	12.586265432115958	2
18.809022193976965	29.137919616639046	1.2215111555054567	1.1108467970959117	49.720700236782626	0
36.76233081362582	40.274357882760256	2.627448084274139	6.559989121062385	13.775874098277404	2
11.254287329040508	26.04146857828925	0.21746809278313253	0.9756915978819218	61.51108440200518	0
55.094361928223876	22.557616920552643	0.3997505059007498	2.0346861575020747	19.913584487820664	1
46.167640913773646	23.94793289385157	0.21366069361122256	1.7549477004146719	27.915817798348908	1
34.25986607730125	44.88982311272826	1.513066187475303	1.9054941611882525	17.431750461306944	2
30.60765198315539	54.6950318790795	1.4617392402996952	1.1702601916777504	12.06531670578767	2
44.40918145098155	32.183564197064115	1.6258525738591132	3.8453223309871776	17.936079447108035	1
32.80771417664511	52.492487650976294	6.299224009857664	1.8944201953066206	6.506153967214305	2
26.368511027507523	33.03083786521206	5.496853293562027	0.737132863422745	34.36666495029566	0
65.89932922732437	29.936414347670382	0.3483440835739139	0.2798466220242666	3.5360657194070657	1
53.37672898791885	42.44998703385047	0.6119367019563269	0.30139227418015463	3.2599550020942067	1
18.556802038262884	73.7018006464208	4.442247369558996	0.2738507684563975	3.0252991773009055	2
7.565470918890667	84.03875548336826	5.540235113687133	0.45364247193263196	2.4018960121212873	2
2.5536213596290036	59.57659501821028	36.38257471824421	0.10182341082353229	1.3853854930929876	2
5.036688747271394	81.60355413421374	11.571300505239327	0.11846651510083275	1.6699900981747169	2
11.341724348334582	82.94892895575869	3.553101290132182	0.2615789053515934	1.8946665004229903	2
8.579116515991336	86.86136242107327	2.1141324902507237	0.36902852331519054	2.0763600493694674	2
4.247299197501169	64.0470349685144	28.535858322895223	0.9925986655699542	2.1772088455192633	2
2.055534676786082	47.16374325154508	46.58053291808098	0.6840619642914529	3.516127189296404	2
4.268197209836196	54.29324556687772	29.74199788253642	5.532094186713169	6.164465154036498	2
1.0436166366974726	7.471039583601241	1.6447099031298467	0.2705942868352489	89.5700395897362	0
0.4534961798742676	1.3200558325035971	0.10833528027482521	0.41652711162627304	97.70158559572104	0
4.535538641908858	2.77871985645835	0.045220940048423475	0.1681276798655801	92.47239288171879	0
0.03034736187575268	0.04289580464368731	0.0025980529772157276	0.013425766528650938	99.91073301397469	0
5.95909569518147	0.5285368335830025	0.0020610575484187885	0.09950618151786249	93.41080023216925	0
32.55352060225006	2.2383074172447666	0.013604420665126815	1.2693106840812505	63.9252568757588	0
34.20181074898046	0.8840101479797259	0.004233938455834211	0.4757842523426029	64.4341609122414	0
28.834700175610863	2.8535040089786463	0.013275225458071579	1.8633270197025622	66.43519357024987	0
61.40613619231839	21.374537823340788	0.0705606572678446	3.3662043446830228	13.78256098238996	1
62.00064489922084	25.192443250738666	0.05833284660130076	5.005721156753687	7.7428578466855065	1
32.584845624990436	53.669070847763535	0.9741393261634904	0.9972556552174211	11.774688545865112	2
10.217924055622426	85.77828582923821	1.124266959190811	0.6823969086944074	2.1971262472541278	2
10.655968650574213	84.07831343139132	1.8470074769984957	0.42011520182429696	2.998595239211664	2
12.831265030056516	84.30528185746408	1.0735078781363165	0.32367695942433544	1.4662682749187488	2
5.5409127486738745	81.68017335646893	10.805342865662361	0.2543775416358551	1.719193487558995	2
8.24628615201169	87.02362655139956	2.3353694721370846	0.23328949318955997	2.161428331262111	2
