N1	N2	N3	R	W	anotacion
1.952583097532437	6.284259584238545	6.582051749836122	6.639189252557235	78.54191631583565	0
0.25816922869222114	3.7257568807493637	0.9140588688701563	0.2044783527969087	94.89753666889135	0
1.9558047436127202	4.32737370633122	1.2333540575820068	1.6861136904784741	90.79735380199557	0
1.1054937705384613	3.2822519352732566	1.0723340883230017	1.7186469951214252	92.82127321074385	0
0.557517297375278	1.75201929145856	0.9825808077271492	0.5290630958678554	96.17881950757116	0
3.223541177436822	6.903255475891106	1.6472961168954414	4.789002311287875	83.43690491848875	0
3.4561756465497924	4.225114378425531	1.9650186785376524	1.0313147746577371	89.3223765218293	0
0.6075198207086977	7.473400487229057	2.804892208851488	1.1125647537847814	88.00162272942597	0
1.204486730980092	6.094038810652344	3.2095039165465264	0.9074047611799428	88.58456578064109	0
1.6062550231034485	6.110938583372354	2.9796588648920292	0.6900006531778438	88.61314687545433	0
0.9985837340433004	6.981647239774374	1.9979701777261698	0.9867635397512241	89.03503530870493	0
1.204435409334902	4.64258828649306	1.42416654253447	0.46808332307953815	92.26072643855804	0
2.2471556531143855	7.074297465703359	0.991646902665423	0.11085608682135395	89.57604389169548	0
1.6744818420036585	4.399597190431452	1.507278027780885	0.20827847656229143	92.21036446322171	0
5.659957702718244	5.262457338475951	3.103647730754009	0.22665154114632174	85.74728568690546	0
0.5649835700616416	0.44223611761236953	0.42040757769873216	0.17176130533917708	98.40061142928808	0
0.18383389376238649	0.5397147706213791	5.845225974575133	0.3960859876386593	93.03513937340246	0
0.5980619785059548	0.661720082646111	1.5921583375665682	0.891601188099337	96.25645841318202	0
0.39750355367725415	1.2399147249449296	5.233025163069257	2.636149971211401	90.49340658709716	0
0.72049483032774	1.4158994355692247	0.817199566715684	2.048193365666335	94.99821280172101	0
0.5125993855111189	1.1003959810948727	0.28184883906912855	1.2846328891387475	96.82052290518614	0
1.2375406861422609	1.5575475407840838	0.3446621528315976	0.5859390443116452	96.27431057593041	0
1.2903332400929748	2.5893048482103134	0.18848345419179924	0.9510476403502037	94.98083081715471	0
0.41879803920882774	2.228902204247116	0.5064593125814582	1.904181640276301	94.9416588036863	0
0.43725321873919937	1.9176365160178306	0.17777672941993214	3.099273857357204	94.36805967846584	0
0.7280392170920982	2.505120142174642	0.16844121775442686	4.676084036787287	91.92231538619154	0
1.2493015227281348	3.455492894753503	0.7412253175285554	9.460441222300188	85.09353904268963	0
1.1262824041650654	3.5508722804098456	0.7877655892982921	9.7223646037786	84.81271512234821	0
0.7555280399031553	2.3772320356011374	0.1939910295772026	6.0133516756912435	90.65989721922725	0
1.8753946255905547	2.649574086850553	0.5881703052875694	4.053464154620956	90.83339682765036	0
0.44433209680290986	0.9915532683397383	0.9078884538961943	4.436549230185685	93.21967695077548	0
1.0473936077027621	1.6816391889071465	0.3077342788919446	6.268110113013384	90.69512281148477	0
1.0419787346021396	2.791413911491596	0.1516726427512738	3.7050342943572927	92.3099004167977	0
2.10642343362745	2.86507465754311	0.17208490031436077	15.720324834872649	79.13609217364242	0
7.500203767147531	11.435757350578747	0.6840459489126179	1.0675285417690747	79.31246439159203	0
9.436021071645666	5.450581083713011	0.35416800827912404	0.43687170443929746	84.3223581319229	0
4.383220640678485	5.762225330493313	2.39540116220773	0.11256087193490148	87.34659199468557	0
7.644711145981978	5.734926117275939	4.278622417518721	0.12940120299493146	82.21233911622843	0
8.860854598283796	6.10419901622254	2.259376317218675	0.4404258397704367	82.33514422850455	0
2.2905157717141664	3.229722384319839	1.173812115087323	0.19180782494360923	93.11414190393506	0
1.3837575541931608	2.7078854797677288	3.2432999555044133	0.5760655553670154	92.08899145516767	0
1.4186317660041519	4.306035802562391	1.9186329663285948	1.6231544697229472	90.7335449953819	0
3.766307070118117	8.730728110108657	14.59623894214098	0.9395610277723457	71.9671648498599	0
0.7085643487608049	2.7349562865873596	2.8753477753985135	0.7784647502523084	92.902666839001	0
1.4600015251262692	8.469966089878659	3.9078179946579765	0.8705566025477285	85.29165778778938	0
1.9386070479182231	6.780533003012208	1.8991295214291788	3.6322713923621825	85.74945903527819	0
0.8240199318782903	9.572286599951283	4.808958823163124	0.3319273995187941	84.4628072454885	0
5.2817929357094	18.11136128649606	3.5758741268206524	0.9322943179641054	72.09867733300979	0
1.379841824533234	19.59605662359246	3.1912488911422376	0.2439171278221903	75.58893553290987	0
1.4891223690435005	20.61779676730864	6.39118338743678	0.3045725858916446	71.19732489031945	0
3.712503453759551	19.34483959924269	6.707629241508448	0.7299608309724729	69.50506687451684	0
1.7673049896768982	14.95788982936149	2.3444635558501585	0.17971240113511358	80.75062922397635	0
4.3161455579097945	10.902466492816677	0.894047526117564	0.2918600289577131	83.59548039419826	0
2.6021911108734015	20.801347490062323	3.588996132857747	0.8948920606661718	72.11257320554036	0
1.894684542935553	8.855587581982226	3.316116083962782	2.7316916987099136	83.20192009240952	0
0.4072735349918824	3.200622914210266	1.0264719309698829	1.059307945520736	94.30632367430725	0
0.13290891501525282	1.7237013713633424	0.42818940866470145	1.5504289272020824	96.1647713777546	0
0.26783848718139647	0.9742298399376185	0.12818967410631454	0.5202785374516307	98.10946346132303	0
1.7503230189233647	9.037422030028477	1.0800001845025393	2.0759972004116274	86.056257566134	0
5.998781142073871	1.6308502244671623	0.23729253609814632	1.5273615785460164	90.60571451881479	0
2.0239137887183043	2.0988979794464373	0.8698819552615975	2.19401710676515	92.81328916980851	0
5.201498099455817	10.826704885825704	0.4172075364503425	5.880694947424367	77.67389453084378	0
2.407075166348375	5.091805289522952	0.342023980705525	2.6778390777620626	89.48125648566109	0
1.0272395772329226	9.546708847090786	1.5571633101183713	5.330738583479022	82.5381496820789	0
3.759953225385388	9.861692600050262	0.15389306446711068	2.9370498885239873	83.28741122157327	0
0.727993040575572	6.344031913858955	1.0129395489284925	2.461586860993062	89.45344863564391	0
0.6343895069132777	3.39148365156006	0.49485726408096026	3.229007058082847	92.25026251936286	0
0.6558154068676287	3.1581172140197724	0.28358541749147137	2.8035958168695743	93.09888614475156	0
1.3480627966612875	2.1329318631647856	0.24946314376092485	2.28130710368589	93.98823509272711	0
0.6625262659201565	1.6529298876298875	0.08784006692277976	4.488878551780676	93.1078252277465	0
0.7668877030431176	2.591905679235448	0.15364749742579215	3.095753678458663	93.39180544183698	0
1.1598719396038384	2.5325591914795194	0.12355713797346166	2.078628788093479	94.1053829428497	0
2.245874866861014	2.6576317063162267	0.27877970497464416	7.266674364763672	87.55103935708443	0
6.55843382827398	6.251485281662271	0.5597838345157318	2.442485328164654	84.18781172738338	0
2.2572972010254375	12.947676078535913	0.9078144938118032	8.905964127978876	74.98124809864797	0
0.7484066119101305	10.818178705080346	2.1455607773824945	26.434483408020814	59.85337049760621	0
1.5507246755115363	5.485828201831084	0.5032589049930911	25.672747385507215	66.78744083215706	0
2.378602777561868	4.281196498411853	0.9986677152237676	6.257028423948848	86.08450458485368	0
2.9056888919147847	3.9482467931155005	1.226201364244285	1.9139369630381824	90.00592598768723	0
0.9149337272701686	11.061920513488898	1.149444725089064	5.0651352883472205	81.80856574580466	0
3.381757036049747	5.216873249320535	0.874595908442596	2.661439272254545	87.86533453393258	0
3.147009741346084	4.367371082004159	0.49613507515076555	2.3101180669396033	89.67936603455938	0
1.4684771785840074	6.522959742007236	0.3158659353551224	3.0724099222834838	88.62028722177014	0
2.35166560629068	7.458723284236485	0.9425919909915021	1.2294951841868154	88.01752393429452	0
1.7001948581688557	4.786773568743967	0.6353753463491574	0.8417964451987994	92.03585978153922	0
1.393936589203892	13.094174088179978	0.6442755148624649	2.755268627786601	82.11234517996708	0
1.136195282801975	6.0654009456827644	1.7187829327007353	1.3149155224351996	89.76470531637932	0
3.8069780515278278	6.131216284031061	0.6010870619168543	1.001651879461731	88.45906672306253	0
0.7854670117153408	2.211741493128702	0.45479256406177	0.5644621013982744	95.98353682969591	0
1.8414550462706305	3.943080599754254	2.212072080119841	0.5179129694738412	91.48547930438143	0
1.4566994735730798	2.7139432172101077	0.6002378824904869	0.3969817684862012	94.83213765824013	0
3.0259452969014182	5.127234471636828	0.7866588212403023	0.8882701448626176	90.17189126535884	0
1.5157817941399006	2.490261912261346	0.2882678779008208	0.35330349385455695	95.35238492184338	0
5.704482998336602	5.254379744941274	0.3377935978067582	1.573038149660563	87.1303055092548	0
1.8438990605293963	4.09885781126689	0.9440205189932521	0.14192946263477818	92.97129314657569	0
3.377006365615346	27.522485665337875	7.59154676776045	0.2671159980420921	61.241845203244225	0
2.7161864393715924	14.038681628915564	3.8146561572148796	1.493564818640363	77.93691095585761	0
1.7176361386213708	14.085431275607622	4.124187908219529	1.8800717730674363	78.19267290448404	0
3.1875500056948303	17.131022400114322	2.3340252348690123	7.356457924234684	69.99094443508714	0
2.0851887706163734	15.708676617281075	1.2197503970706811	2.78306473505907	78.2033194799728	0
5.498008816279297	39.030354754324996	9.055311672706132	4.781167457859857	41.635157298829725	0
8.576443401021987	19.107075109997513	2.158516635318704	3.909407830766412	66.24855702289538	0
11.29502507793019	24.004343330602087	2.0946705855619348	4.499531140350153	58.10642986555563	0
16.32862493904369	20.110606399072633	1.4163156641072263	13.991218121255677	48.15323487652077	0
3.938843291564705	10.404738482030668	2.1518569410831994	19.198632071696448	64.30592921362498	0
8.138698354247857	38.173110770952306	6.6741483041489635	4.1117183649714795	42.9023242056794	0
2.831466868177559	37.04786464132014	7.8558597383085935	25.82564383034075	26.43916492185296	2
5.230083327394046	39.20514091890469	10.636925376520427	12.893145244757024	32.03470513242381	2
5.001620822674028	18.85967993260965	2.2193497651629284	17.031945177856002	56.887404301697394	0
5.517235876408417	8.906883741366313	2.0931468994189704	18.765466721270037	64.71726676153627	0
3.617902727025421	14.623653695598323	3.227728685666592	30.738287099351474	47.79242779235818	0
1.167933291422161	16.132397949106707	4.3809730110187095	41.46011753891988	36.85857820953254	4
3.8722214584271977	6.5284390075829455	0.961532794734362	31.662669323596948	56.97513741565854	0
2.104253292776232	3.9764396306655097	1.0598574853254974	12.883680812142003	79.97576877909076	0
1.620987695006241	2.5085241635315967	0.1347144279120452	2.1848164954808365	93.55095721806929	0
2.945562499937608	7.509224912811933	0.13628709973183079	4.063994730721579	85.34493075679704	0
3.039398387634823	7.615837041449537	0.1458945253143418	3.67763118021581	85.52123886538548	0
3.5662658326149823	1.8309328583867777	0.08667809980581524	1.9923217111954856	92.52380149799694	0
9.429608320917254	3.6800958395325662	0.2276950169414652	4.990322256322862	81.67227856628585	0
9.242228018419079	4.238535535173555	0.16455315183017255	1.291233115301201	85.063450179276	0
19.819857906168924	3.6612801939294712	0.19210130163876793	1.3303483767541304	74.9964122215087	0
7.329929560821115	9.55120256292793	0.14825921127576053	3.2780142885645653	79.69259437641063	0
4.22107412865917	3.3687871476566578	0.20124799336242494	1.0944401643707702	91.11445056595097	0
5.867428251734003	7.701849393611349	0.6977053958303604	2.3497823958416615	83.38323456298262	0
6.78309565949158	25.790894918643847	0.783479721938231	4.811893275318018	61.83063642460832	0
6.369630102043197	53.69050684686132	1.0044191869814407	21.062281768452223	17.87316209566181	2
2.69331585053054	38.88357808946344	1.7354951461954617	12.710526507313702	43.97708440649685	0
2.7554726700576384	35.7064039601132	2.8596218456945137	12.53163465457116	46.14686686956349	0
5.904279394955581	28.30543782417662	2.880552822348161	18.123363585992884	44.78636637252676	0
5.48141343450741	7.774526701614983	1.7819707558654783	13.173165916794488	71.78892319121765	0
14.552934509668388	31.373711943556216	0.43630474606267805	10.278426701493428	43.35862209921928	0
9.392528883457848	11.632488669026937	0.18210062963285797	11.288807314368936	67.50407450351342	0
14.621696001300158	13.809153023473392	0.7720791087442815	5.303595466147887	65.49347640033429	0
7.6868315728535865	24.32653950093539	0.8534709191223088	9.801381947493134	57.331776059595576	0
13.768046591407032	30.365353529082974	1.230586742410295	13.055441258647384	41.58057187845233	0
10.250722678733956	54.199018477061664	1.2305791907133865	11.239980793219795	23.07969886027119	2
16.412965229024252	18.411863464508293	0.7673286956092396	4.604987303742438	59.80285530711578	0
15.110932736329492	31.120503571160814	2.343219830354343	4.686994385043194	46.73834947711216	0
7.397252826697957	16.046835985756175	1.5817840770873708	2.4343251121023783	72.53980199835613	0
24.225888399849392	36.5547020662161	3.7344650507293906	7.070563160727475	28.41438132247765	2
13.031232519127563	37.37916938225103	3.129775415652357	7.769725803296572	38.690096879672495	0
25.854166991669725	51.662494032754566	3.1078128503217948	1.5704277779386255	17.80509834731529	2
4.730337193907397	50.420056106307	11.766894145825123	1.904750779828054	31.177961774132417	2
2.436579492873815	55.16229142700796	14.779365859062155	1.9352309545001036	25.68653226655596	2
1.1071588148073932	25.592598669231197	13.972448582706642	4.5168033531354155	54.810990580119345	0
1.7083604987695868	18.95774326477097	12.820942132494137	4.654797569597653	61.85815653436766	0
2.3373296225367013	23.075155908747753	14.02127365277909	27.62855873445896	32.937682081477504	0
3.163407851167857	16.60426036937423	8.51259873554059	52.58916013985303	19.130572904064305	4
7.036913963227008	15.60768230854378	3.215240959977065	17.356800293861063	56.7833624743911	0
9.149983952237184	55.918137502871055	7.7076097064013815	5.887904592107407	21.336364246382967	2
8.718347031169833	50.88031435149517	5.81560677335696	9.785358183807707	24.800373660170326	2
7.634543554706884	48.424941098729406	4.895430383755508	6.105078911653951	32.940006051154256	2
6.428858422234272	55.2222180003674	2.88010848364657	5.917252058731623	29.55156303502014	2
6.716411379932875	27.388974195499777	1.4694208825782025	24.49252550508468	39.93266803690446	0
28.949455705314598	33.19384793026719	1.4241132736152649	7.89222049202582	28.54036259877713	2
8.59187792067172	47.42239163585928	3.1175380379848923	3.717787842996413	37.15040456248771	2
25.237825290460027	40.11597912306535	1.7950797466498623	20.201184165009604	12.649931674815157	2
11.743895556998647	33.52526502304283	1.367877229275227	20.582559601741362	32.780402588941925	2
5.58571838574957	22.223221459541303	5.058514181619504	14.66963992045195	52.46290605263767	0
5.799692025533021	71.86584729143034	3.9940888853833894	2.624232371377356	15.71613942627588	2
2.833111246888024	21.92590440727944	6.617723661361395	27.745272808132103	40.87798787633904	0
5.044884998761275	28.50422886935222	9.070855113424768	6.780352511870251	50.59967850659148	0
4.93990890893915	34.202369912446464	10.37488462683329	9.614858971695895	40.8679775800852	0
27.709080962337396	17.135043740168484	3.905507913087021	8.946760755200046	42.30360662920705	0
3.1746250550621737	9.429989784182952	10.799228300399975	18.14110201020465	58.45505485015025	0
2.4893003551525617	4.760823579585632	2.4203591550229127	3.3490191522963784	86.98049775794252	0
1.3868675568971094	8.902539270532134	5.78162873633928	11.994032105667431	71.93493233056405	0
1.5687718714746293	20.75121673446203	2.215162963707982	1.9925698830791598	73.47227854727619	0
3.495312712829062	7.534914659988246	0.8467500647641059	7.335029906026276	80.7879926563923	0
11.694997295832941	8.868425923430207	2.6640355238599907	4.6471960496263165	72.12534520725055	0
3.939118768751409	14.163136973875678	4.678823717061197	4.319254072832298	72.89966646747942	0
7.097158708719749	15.071706828585576	3.9801164295396623	6.381391929682384	67.46962610347263	0
5.441663720287317	15.844850106673105	2.336381005558894	20.0826119967435	56.29449317073717	0
2.020707134713586	9.247488342562878	0.9879735082079639	1.4470145033333006	86.29681651118229	0
23.73773689674792	14.640917339900748	1.3625706759035843	3.7223555918073012	56.53641949564046	0
7.883034981288175	7.6469305715920965	1.8364209316793871	11.256744107534306	71.37686940790604	0
50.710555001455816	9.483830820287894	0.9516052268213433	3.280373629624387	35.573635321810556	1
16.199681155349914	6.898722722388828	1.1223552214953323	2.721800787057666	73.05744011370827	0
9.295946220663849	9.011516064258343	1.8781331476125116	4.1795663912990175	75.63483817616628	0
48.910788558986525	12.793991860529932	0.5604993295250361	5.136572351577614	32.598147899380905	1
16.38662590020578	4.894089005035242	0.7278039334271099	2.293371538594915	75.69810962273696	0
11.395796260714615	26.296559780212654	2.104492455339874	4.874898591450119	55.328252912282736	0
11.00230599357075	11.661362956775447	4.44603183904456	9.810555403407784	63.07974380720146	0
6.519195358543413	15.569592939430734	6.128270001841987	20.782055716281516	51.00088598390236	0
7.006454019876101	22.486987106181623	12.288382478205262	10.122518446043888	48.09565794969313	0
17.615916793434906	29.28036485707069	6.730930253965782	5.853198236124726	40.519589859403894	0
12.348717577825639	41.188334500932235	4.75045470840022	8.492032734951968	33.22046047788992	2
2.621969494422078	54.71829032585096	16.59224162711008	2.0844607085752602	23.983037844041608	2
1.205075854462804	35.48798020831111	13.794669285292125	22.259523475718424	27.252751176215543	2
3.855600590103947	31.01854133885945	2.7630365109304664	28.12463628511824	34.2381852749879	0
1.0682358364257571	12.874549005772659	2.1827198866708843	77.08410940171906	6.790385869411643	4
4.423215760203885	10.399554855719465	10.728934350552557	31.642217109066102	42.80607792445799	0
1.5921643083202361	7.533833531862956	2.4406465870310745	44.45617388810887	43.977181684676864	4
3.2415350328767523	15.3324638759184	11.97980376400489	23.67027654557602	45.77592078162394	0
7.2130322434853165	32.03975365447965	7.354792481296343	4.319793828404662	49.072627792334025	0
2.6046461623774535	25.510591269757114	15.625426349208112	7.802754935176481	48.45658128348083	0
5.5685330919604565	19.28055616947685	1.1925250748309084	9.096419951724862	64.86196571200693	0
4.598756403688175	10.255379613172629	0.749399475352841	5.052238627302021	79.34422588048433	0
3.3663358861530095	16.42354372322593	3.4248663796569927	2.357591094052435	74.42766291691164	0
1.3054574651098396	18.876234030404042	4.332777050092621	2.3515758833715408	73.13395557102194	0
0.3936978123644488	3.5169808278469863	0.07803961284906247	2.7678066701811375	93.24347507675837	0
2.4138222976312336	19.05252222188667	3.8842712505056234	15.569700569125827	59.07968366085065	0
6.07905678513755	8.012366951196368	0.41565244600706813	29.222424220428938	56.27049959723007	0
6.307631368985015	2.262134362604935	0.004355493764977573	48.81503598515541	42.61084278948966	4
1.4035235328916733	5.669084235797095	0.37145145226923887	5.06869274080244	87.48724803823956	0
5.954829539151596	7.436830999625421	0.3779975476703898	20.409470605715082	65.8208713078375	0
10.421912222466291	5.819100398435258	0.05921791509927245	12.147869702944208	71.55189976105498	0
5.6399821727442685	2.6915212788370764	0.14204667766399617	25.444777665330964	66.0816722054237	0
5.000380326161514	3.9540501557304277	0.39354573613129457	2.705160232529235	87.94686354944754	0
2.5293205461558808	2.0505713539771864	0.17805417377950877	8.018893200796272	87.22316072529115	0
2.1351335609975854	2.244409100818733	0.29130221004753387	14.931934079022044	80.39722104911411	0
1.414971692585751	1.4664440263281806	0.1269830139174446	45.964458769639535	51.0271424975291	0
1.0027568152618835	2.8528475465974026	0.8023441931735976	3.805879195929312	91.53617224903779	0
1.3812383915329414	2.2571559430646433	1.3889283622392141	3.4037333251607764	91.56894397800242	0
13.127655455851597	6.287162718750368	0.32543219116020755	15.206403865106266	65.05334576913155	0
19.346245498724883	6.6553014849176435	0.352637375783377	3.2417389807694588	70.40407665980464	0
4.684102391393296	4.117401058157737	0.42725491851087527	1.119819676824157	89.65142195511393	0
9.862187167271669	4.595904908558708	0.6376634906742464	9.679943092608863	75.22430134088651	0
8.846098625679893	18.377182724254475	1.3643292277349688	10.902117216007815	60.51027220632286	0
4.367635228083919	11.595142530927962	0.5427378945240179	6.350374890736248	77.14410945572786	0
12.55801210115588	12.904525122850554	1.2491285837906314	4.257037578131517	69.03129661407141	0
15.350794666900146	15.71804442533451	1.2106166389890085	2.356605093204153	65.36393917557218	0
18.311955686134784	12.661664672007507	2.9480324118805035	1.7466715229661538	64.33167570701104	0
32.07863606368903	20.213672062030216	4.148150666003144	2.086936496563092	41.47260471171452	0
15.641135416319733	27.364046424238055	11.606988818938941	1.1491977557655877	44.23863158473769	0
10.820664448383084	33.54928464785541	5.278447667475682	1.5251658685732885	48.82643736771252	0
6.290683201394776	61.47441383295478	3.046369198467475	0.8956321281261692	28.292901639056815	2
10.477006456376177	30.530193933070894	4.296582965127907	1.0059115461532189	53.690305099271804	0
17.618117177874808	46.583490449371034	5.667438899660525	1.6252597041110415	28.50569376898258	2
19.736207428373508	37.51867461304607	5.296585454262122	1.2158249156547125	36.23270758866359	2
15.248318158103153	55.30253629022277	2.7005939432830925	2.130752427252424	24.61779918113855	2
8.29600236135444	44.418527003484535	2.2369515567443137	4.132710278459895	40.915808799956814	2
8.100056173506053	22.61110187486447	1.8034752394333122	19.78789754698937	47.6974691652068	0
11.036940020180582	30.760685534582176	1.6928600999887407	10.002327811589158	46.50718653365933	0
7.759599131961583	23.461955319055118	1.6684733939912548	7.376877847682631	59.73309430730941	0
6.242746235390587	23.535189653575447	2.0669726935287294	4.724203812721902	63.43088760478334	0
16.89593780447714	18.00861342719598	2.065862019790317	1.5782978615960013	61.45128888694057	0
3.942470038263171	9.565627408500193	1.8413492126744073	3.52099768987756	81.12955565068467	0
4.23963978705307	7.089457707709856	1.811061158331796	3.5618769817348883	83.29796436517039	0
10.967437289513061	15.796045306776977	1.7247943633404115	10.044367093020938	61.467355947348615	0
12.336914658291965	24.68131449088917	0.6935070782629215	8.992508787192257	53.29575498536367	0
33.98708762832731	12.876119672107786	0.6715941381960654	4.708688931100405	47.756509630268425	0
19.77594858273176	14.283257708105273	1.024361762325422	6.588908390786978	58.327523556050565	0
16.497222744907855	9.259508439475095	0.6425240455375462	9.113801380763455	64.48694338931604	0
2.8407488483922845	2.177370431489782	1.3925196219235416	4.5436742605104214	89.04568683768397	0
15.918580215923747	11.85030896592819	0.98930348018691	20.79998673500484	50.44182060295632	0
16.11831758609925	11.74070095003288	0.8080373374928418	37.47324647652475	33.859697649850276	4
2.057018287516111	5.924194011452496	2.2030123674331996	2.362446686045547	87.45332864755264	0
5.484808991911137	6.108617102765721	0.8883552610847072	3.115976931075059	84.40224171316338	0
4.977465225349661	7.473603357274275	1.4402929196554515	13.687695255536921	72.42094324218368	0
0.9380668427413191	1.496010025220696	0.4425895836120121	3.783440247479809	93.33989330094616	0
1.4351240228334226	1.3685947082306102	0.6381793629203503	0.9878517718664909	95.57025013414913	0
2.991722763932075	1.911169106739501	1.2238692706518999	1.32445520524805	92.54878365342847	0
0.9175750116193627	0.7153793745527474	0.41929163315158013	1.5684252915368562	96.37932868913946	0
5.827544795425747	4.517089087476118	0.6936648707398214	2.1691181789879916	86.79258306737033	0
7.1194023510634254	3.620096484542807	0.37935879233033604	2.169112231070083	86.71203014099335	0
6.9451003686006345	4.006765892971269	0.07395901422522869	2.5026047411204493	86.47156998308242	0
5.830809686009557	2.8521478407763765	0.3978651983727494	3.551867333914429	87.3673099409269	0
5.623560701246061	13.023270470146556	0.6790757979520298	6.329069449172476	74.34502358148288	0
2.6895694226746523	18.291030443343878	0.7039605593482475	4.174091644903532	74.14134792972969	0
3.0267871458103794	2.5299096248705064	0.32041182904642046	10.403363202477738	83.71952819779496	0
1.469105332711817	0.8878487837344762	0.22326947001905234	0.9918388268342262	96.42793758670042	0
0.4941280965102026	0.7517834006686601	0.11313637319881131	0.6937187493906152	97.94723338023171	0
2.0618243848471653	0.7384281046410069	0.08884710059929676	0.855220914738192	96.25567949517435	0
3.141860008048873	1.9965663646761833	0.11199714101751647	0.35230610525358813	94.39727038100384	0
2.654285039957742	1.2431449368773584	0.15559965663094458	0.4661929853436102	95.48077738119034	0
5.804353330381738	9.325720925489515	0.6405924168845777	1.503291035399705	82.72604229184446	0
4.320801575237429	2.9234198962825975	11.60605200609758	1.0270830358848675	80.12264348649752	0
1.084946767260956	1.0889923540596644	0.7554802448343197	0.6474605808135669	96.4231200530315	0
1.616800882823129	4.770799366170507	1.8237027517260844	0.8352318503835563	90.95346514889673	0
0.8903731769713831	3.255667183593997	0.9416237090801822	0.34151272674339994	94.57082320361104	0
2.068842320288357	6.254485509316994	1.0010190761497668	0.5804491178287774	90.09520397641609	0
2.676847321348795	8.890795660740483	1.4895974938622132	0.3443661418912687	86.59839338215724	0
3.4762154449969023	11.3010008606877	2.6302689270597366	0.7927975559922112	81.79971721126346	0
2.216506612528672	4.868783679681198	0.9886152860925315	0.7291327728537987	91.1969616488438	0
1.4821756730824704	31.456849668147406	3.119689901149933	0.4255492876990858	63.5157354699211	0
3.3073128767132545	11.096242308015798	0.2657736493234323	0.6420778574022851	84.68859330854524	0
3.394022088019677	7.363751077689767	0.6900110645597897	0.6466952056624039	87.90552056406835	0
7.606888289838045	25.3788578076098	0.915159337886684	0.459059283145794	65.64003528151967	0
13.640477144449681	8.941548824456735	1.308256047192899	2.9582336643498692	73.1514843195508	0
26.861743534760627	26.791333005124727	0.38603789083703083	2.456699856943033	43.50418571233458	0
9.002046756280066	51.320737125850435	2.531209001525714	4.242259139976587	32.9037479763672	2
19.99904633751528	32.61514361623278	3.336465826678147	4.640464873347007	39.40887934622678	0
11.967474656448342	31.74821832397064	3.3752160469724664	6.756096982569362	46.1529939900392	0
6.567006056569859	9.535497554394713	1.8365708484165029	3.1567556659381317	78.90416987468079	0
12.740830731755961	21.15667480393013	1.4767143662351667	19.025223020764294	45.60055707731445	0
21.60064284870377	24.44993772079926	3.110167992004815	17.52345128435822	33.31580015413393	0
11.521986457644537	32.622161705822435	1.2265207702850665	35.69215589602979	18.93717517021819	4
4.149695693918272	42.901855946572795	4.752686273149325	28.350466282250274	19.84529580410935	2
10.060215233186744	18.88519430556572	3.132697046067829	20.213731958352177	47.70816145682754	0
14.393155853341302	18.87497966126626	4.386986134059076	8.891429051099932	53.45344930023342	0
5.2004595488676975	47.409305940319655	8.193619351065271	7.4895584828956325	31.707056676851725	2
9.36642129534664	16.587388518757958	0.640099124200984	3.669914213835743	69.73617684785867	0
11.520286285621713	22.244261914438063	1.6679080374789064	5.9989981435271	58.56854561893421	0
4.211731182467479	10.072839958837147	1.5032608239516838	2.516678202183586	81.6954898325601	0
6.931377822168629	6.344129121833326	2.603692761924562	1.0142159978309082	83.10658429624257	0
9.908404858042811	20.09473448403158	2.824805228538057	3.518543235465256	63.65351219392229	0
12.248458427353444	13.452097219046571	2.9949731135158633	0.5708937047856355	70.7335775352985	0
18.957287214731902	22.024099879218426	4.2261368711753144	0.9963289883465268	53.79614704652784	0
27.989014448488707	40.25581716780578	3.6759461322004285	1.4543434461725389	26.624878805332543	2
18.988357594141274	38.573028396845615	2.83077082736321	0.8225076473129502	38.785335534336944	0
17.942618989268997	25.036544862362092	1.4557847382012912	3.2842794911600013	52.28077191900763	0
23.09535211559109	47.09116637290546	2.925937350315514	4.501048273441965	22.386495887745973	2
19.698252243773037	21.61066430299453	2.435094946038639	9.525541260888069	46.73044724630572	0
5.835483806690435	23.335809615720134	3.6643005900123504	6.525405557854756	60.63900042972232	0
7.89298684184682	31.571291661169816	3.9826219928128466	9.638221690943329	46.91487781322719	0
4.596648961152152	46.53074177993394	13.564523721040494	13.772318764992237	21.535766772881175	2
5.712494521151985	9.170683128912414	1.436870773625739	50.93347341258916	32.74647816372071	4
2.39253513982576	7.871810844106111	3.1535831262066676	11.57906530247168	75.00300558738978	0
0.8917014076424106	1.4484481455000777	0.7507190934689074	70.9830533540886	25.926077999300006	4
2.544352125531176	1.5739393784926887	0.4581847266730524	48.75326508453229	46.67025868477081	4
1.7273377891503394	6.574036155720508	0.9804134283965081	38.0836612482812	52.63455137845144	0
1.2527649550304136	3.051666400926014	0.29142359771609916	21.613610342805988	73.79053470352149	0
5.348690181350499	6.398052286513506	0.2645702853848192	25.183185644573523	62.80550160217765	0
24.950630476749048	9.36984524042506	0.1452607506136473	42.503503552748114	23.03075997946413	4
8.040919419474028	5.94927239656726	0.10860520064109047	20.79636818288837	65.10483480042924	0
11.308983894795745	2.8306336408218264	0.05142309238007777	7.2652716687435674	78.54368770325878	0
2.8804144996152745	1.4131227973151512	0.29981741024663683	4.15893699416084	91.24770829866209	0
2.458018422828313	1.3044061283870296	0.07255580856959809	9.408770911167872	86.75624872904719	0
3.7820248702067536	1.5288735087276277	0.11316277842660478	5.0124825004652	89.56345634217381	0
2.7897695651130405	0.8142479434908876	0.12907198255909327	11.255247223631407	85.01166328520557	0
12.097329872466425	2.0281698108499233	0.5666858378695616	12.92918108188918	72.37863339692493	0
7.765919517879833	6.321932441633585	0.07742209938386739	2.835280873479791	82.99944506762291	0
5.239338551537264	1.6298040060200698	0.04496306857620459	1.6059733821306648	91.4799209917358	0
11.093593695434567	1.5858943013444124	0.04639839152267161	2.3419942460788934	84.93211936561946	0
1.259742398008505	1.8150649685282954	0.07362004936030905	2.758295313291677	94.09327727081121	0
0.7101422573524143	2.3795874063131066	0.21900503277138378	0.4260951882068368	96.26517011535626	0
0.8399929513907006	9.733844636354046	0.9994705052878271	2.4963302861720464	85.93036162079537	0
1.4388730823257896	7.678725638277578	0.6268590530341793	3.7049550433555747	86.55058718300688	0
1.663603066029525	3.2584820767010476	0.4402271039138926	1.6048665180079538	93.03282123534758	0
3.295341139819065	12.026480421447387	0.6535050717529691	1.7568817077500114	82.26779165923055	0
11.764594528488878	28.91673317469256	1.756185701824672	7.085918757258375	50.47656783773552	0
3.803693486557347	4.285281362190352	0.19446591484331807	4.32129283872742	87.39526639768157	0
1.539918552142559	4.341459892603664	0.2873014844899913	1.2232121818014594	92.60810788896234	0
2.4660882172335254	25.339761987013443	1.3492448922730815	3.515226766987202	67.32967813649275	0
2.6556758472041113	14.705729360577394	1.302471367534402	1.6368189042384067	79.69930452044568	0
2.3688196830150265	10.650185130210618	0.73783592633645	0.9996448949164553	85.24351436552145	0
3.5396015184089378	13.055404918660162	0.6404175773208634	1.3609233425988827	81.40365264301116	0
3.366597745143238	8.559987022888569	0.5786026807150255	1.4405707084590205	86.05424184279413	0
3.481520010561289	3.3417870029272816	0.4746769837374056	1.1598051193541403	91.54221088341988	0
1.9918663952727038	2.035453371967754	0.6507179333804965	1.0031726463804551	94.3187896529986	0
0.7744205895979199	0.4282181098707065	0.2662843074832308	0.6646315267579765	97.86644546629016	0
2.4277281491651674	1.0705427037314281	0.947352547589411	0.8529989189098829	94.70137768060411	0
2.6127227267747974	1.9608780332605478	0.07182332765634167	1.1795229828844538	94.17505292942387	0
3.9870094303036168	8.423226009953183	0.542587041679028	2.1452478182751955	84.90192969978898	0
12.842575986093824	17.137400411030303	1.4215379456831079	10.79160061132057	57.80688504587219	0
22.423706425025237	39.589021788349456	2.756971018409287	4.520870246641309	30.70943052157471	2
11.384611345901494	42.29642062419733	4.090611893347821	15.891727465123726	26.33662867142963	2
12.140120631219641	26.461288687714607	2.777099147018803	14.299862660012206	44.32162887403474	0
9.159109225087498	26.20684658295389	4.264551098814258	32.52175623755604	27.847736855588312	4
2.0732227747569123	48.903558155115604	19.239212505936266	3.5694594984253647	26.21454706576585	2
2.8879538791105364	52.561545877831975	21.137454742269224	1.058274611070156	22.354770889718107	2
2.8931017922613242	34.1548539626768	4.524508504463559	1.2881309217100037	57.139404818888295	0
9.524959084317684	40.66797999060925	7.4566592455462155	3.5309258481670422	38.81947583135981	2
12.224245795155895	43.14482770996897	7.178192799922997	9.433591085239813	28.019142609712333	2
3.5334393702653957	54.63406768459311	12.922985988956196	4.349422841549848	24.560084114635444	2
2.625930804800415	56.2434459799083	8.459099223389263	9.515839192423261	23.155684799478767	2
6.051238491044096	37.51098436122236	7.219598843936775	9.674078149161707	39.54410015463506	0
10.376497096076056	42.07756869916057	6.800287313753414	9.483974182838962	31.261672708171	2
4.921577103185678	26.872593083253683	6.879896698143445	41.19866981422993	20.127263301187263	4
10.2190432707199	31.867765545372322	4.34883748509737	35.10219353048335	18.462160168327063	4
0.9741057361880344	10.646683302765533	1.9052419852603333	80.14468110356422	6.3292878722218795	4
2.7374707761393027	34.16778761287815	1.6697039090269015	55.88746505008114	5.537572651874507	4
3.7005060951852604	26.705697911287867	4.268182994096866	58.4100401847515	6.9155728146785	4
5.559278332204457	39.21558508957245	3.5807459498389878	41.710067970456194	9.934322657927924	4
0.6403955495208435	24.78567105936645	2.522690165486038	67.74360418106072	4.307639044565942	4
4.683660575417323	32.929817578703044	3.538580913592288	48.755419304749005	10.092521627538346	4
6.093848486002387	41.88125107601369	3.160391458573572	34.56226027204974	14.302248707360599	2
6.76532385264375	45.63584422075731	5.9936424436305735	20.866353795279423	20.738835687688958	2
9.457202941884127	25.809715373835136	3.9796716560785548	33.61320801932956	27.140202008872606	4
8.00670620760923	20.582087969063174	10.96689115323422	25.279762239827676	35.16455243026571	0
11.434695065491745	24.981470362522366	5.059910207008633	15.99087652632496	42.533047838652294	0
4.718459338046509	51.771231516487134	5.480561804823904	12.291517601790213	25.738229738852226	2
14.10254073508573	29.303674022734764	4.501177044349134	12.168205045734677	39.9244031520957	0
5.510069156566111	27.532645423518222	1.8593768651112568	5.294477855242001	59.80343069956241	0
26.419006483129486	32.35840265362902	1.663942655111737	11.435872071041555	28.122776137088213	2
23.18474630404755	37.280418430446254	2.9836849830050465	10.25697165612046	26.294178626380692	2
16.0218848862943	29.494221205066783	5.243240175321992	7.583691079878374	41.65696265343854	0
9.322189351748726	38.64741446949932	5.509773399622049	30.92869983855208	15.59192294057781	2
4.87744306364447	48.436312684448	10.366481615649818	17.473500654049356	18.846261982208368	2
6.666210160000037	43.277510975058	17.357354732470494	14.108911747002997	18.590012385468462	2
5.106000560764998	41.13714714201288	17.137094810054116	20.207474101515352	16.41228338565267	2
8.695336682818187	37.21718944114218	16.95748358098525	11.45607278674465	25.673917508309728	2
5.175445144644546	47.28497397163416	16.059100979249664	12.317166856116563	19.163313048355075	2
7.802712894400085	44.927276451992235	24.01734808384824	7.413502539993893	15.839160029765543	2
4.759996014608079	48.120715273645196	18.055217942052483	4.695432226825636	24.368638542868602	2
10.632562922610498	49.70390028345733	12.822712217830091	3.9375607373614487	22.90326383874064	2
3.536596676862644	47.91459626755258	9.645781091985011	5.853050628704737	33.049975334895024	2
8.133049152399007	35.695187378907264	7.895498344295252	3.364618073398356	44.91164705100012	0
8.11883881282562	25.792729687181755	4.811230934603347	4.88928529025856	56.387915275130716	0
8.947563417491201	28.619557329075267	3.759234246437172	7.982082468360409	50.69156253863595	0
3.4247662687511635	32.176300813836065	9.264967216731304	14.008996275689256	41.12496942499222	0
13.239586007199684	14.875734533989649	9.17337888773059	38.64192098479254	24.069379586287535	4
5.79615493098066	7.9374424011347475	3.7434859701987304	67.39254853565848	15.130368162027388	4
1.495923183919333	3.7810324695431765	0.8967142465441583	82.56896126713382	11.257368832859528	4
5.526868855130732	8.161475349192159	0.984420950943422	60.97188236683504	24.35535247789866	4
3.522851353148172	9.22532521769463	0.5254808877867344	72.02428537682277	14.702057164547691	4
8.591433942754502	15.621504868315672	1.1561236942242374	52.32709132691469	22.303846167790905	4
6.949397790953079	9.329774886372283	0.7171199388007922	23.098892804855556	59.90481457901829	0
13.329065377139424	10.366904222192264	1.3124225799123455	45.2326779428129	29.758929877943068	4
16.680021683671345	34.084083393347484	2.6531098197354575	4.174013713562825	42.4087713896829	0
15.913129497925793	40.77850518632906	5.17123497248722	5.972508179351258	32.164622163906664	2
6.899051840788576	17.723967148190518	0.851315075603318	21.68455036178855	52.84111557362905	0
5.751341795770738	9.37227799449593	0.4533397455212404	7.490210616496841	76.93282984771525	0
8.627053778059823	15.000715929763796	0.40979178305194913	17.210103824792313	58.75233468433212	0
9.34662522012549	21.62403261912293	0.36458009298859134	15.253482296559302	53.41127977120369	0
6.534096582902723	10.381718333136595	0.6671451559479019	4.920231680513616	77.49680824749917	0
2.217185051097764	12.83531296726893	1.3035067417523187	7.160320301993642	76.48367493788733	0
5.297013143135304	16.013775140420353	5.573088000329113	35.345702470305476	37.770421245809764	0
5.256780756392634	15.338868092613431	1.617420403542627	48.65595685231847	29.13097389513284	4
4.5333703625418	14.334271154511335	8.849338119710211	10.896014390675973	61.38700597256067	0
3.5998467297028283	6.599167118737919	1.1363898702895363	16.765153314530583	71.89944296673913	0
9.200369506905691	20.259152621665596	3.5391236226139635	29.340884657483386	37.66046959133137	0
9.30757146494056	8.685599432622487	1.4067633078201154	18.06486982622167	62.53519596839517	0
13.895958230256019	23.712958095961636	1.2169477968712012	25.948266142163845	35.22586973474729	0
8.014554612084645	17.425091458060667	2.3094189793613005	30.11431253533458	42.1366224151588	0
14.967839399494407	23.238714709326644	1.164667971178589	34.49102212768781	26.137755792312547	4
2.446994509304629	10.592786044322168	0.8884433286223483	66.65111613777331	19.420659979977554	4
3.365220469629562	9.825848495936171	1.0457050795900737	51.48450307722807	34.27872287761613	4
2.0860049288709126	5.997223137368426	1.3627948406632073	34.522636342055584	56.03134075104187	0
2.6846344854227473	10.144638821394574	1.8893581590554889	45.76210304998596	39.51926548414122	4
2.6538938251945616	11.309515085653173	0.9749468746928921	68.79562275198751	16.26602146247187	4
3.9403803803599917	7.883373835919791	0.5673245756223069	45.74219324628304	41.866727961814874	4
4.597587622068453	9.410978245821083	0.7143375491593152	28.689205081595603	56.58789150135555	0
