N1	N2	N3	R	W	anotacion
54.87911772294488	3.282886009997204	0.007248270182043163	0.00037962885451003426	41.83036836802136	1
12.74250713858315	25.393574751112475	0.23293375673778613	0.0016364053715698062	61.62934794819501	0
20.748433620747704	30.305120208041192	2.799059889191126	0.004610165587314069	46.14277611643265	0
31.168442677361153	49.23252986528551	0.5811656114833122	0.00818887982497751	19.009672966045034	2
2.186686025511244	57.228650719898745	6.659127406560746	0.013756228307708503	33.911779619721564	2
4.766062284902276	75.37699504014817	7.49421240433329	0.009769277958846023	12.352960992657408	2
2.0546919457241146	55.090867747812155	11.620005010743514	0.008816434249928706	31.225618861470288	2
1.4515249545129811	51.578643836285586	4.579128776626952	0.006632017749341775	42.38407041482512	2
0.8858630347708141	58.70696053861605	2.4862631279897185	0.0015589416797344633	37.9193543569437	2
0.09530645171540718	48.76132619470289	46.02111862295221	0.0011643383473823707	5.121084392282126	2
0.18938501622443066	31.289118776319985	62.79331535115343	0.0007483934956455641	5.727432462806482	3
0.02978760424708389	3.767780279598063	92.64661560073556	0.00020558082620431237	3.5556109345930778	3
0.7224745237549286	52.83033113343127	24.581938021829767	0.001328582539907299	21.86392773844413	2
0.041956050609704316	9.035538357699606	89.84621447060327	0.000273112963906035	1.076018008123523	3
0.07295894258406992	4.910450448001781	93.47660644516893	0.000277257466653547	1.5397069067785658	3
0.837877712154373	2.6537104503594526	94.03201093598527	0.0001717139077541031	2.4762291875931535	3
0.5079522296165115	5.24698826603059	88.4709051896025	0.00021401006106646798	5.773940304689338	3
0.4845901658991702	3.5097637620617226	82.26005426720707	0.0001758474262782885	13.745415957405765	3
0.007806421142622324	1.7322940142438188	93.84116263316318	0.00014600243983395978	4.418590929010553	3
0.41940272180975585	3.3029051719358415	93.64822342703312	9.721942200745439e-05	2.62937145979929	3
0.2605906517811294	1.797873284240363	96.21227836823091	6.029636435215849e-05	1.729197399383256	3
0.3191489376389617	2.113909805109354	96.50886029290191	9.929993797274658e-05	1.0579816644118012	3
0.4386408128345062	1.1962817279308073	92.05875369482142	7.599273406439942e-05	6.3062477716791925	3
0.00908001325093898	1.511132947726713	97.53940170098106	6.902186861543825e-05	0.9403163161726744	3
0.009183782583106637	1.2392038920443251	97.53127388793578	8.745923281793449e-05	1.2202509782039774	3
0.5598164511535912	2.0976384061437843	93.44769445942654	8.191651382728207e-05	3.8947687667622612	3
0.0045853008760669365	0.5226220256259992	96.03612854329123	3.9369849693697525e-05	3.436624760357014	3
0.006866389272121595	0.874267704135853	96.96509658148423	4.045308690848466e-05	2.1537288720208667	3
0.009149102900823766	1.2686716159506555	94.89732032323167	8.789043312882854e-05	3.8247710674837307	3
0.004514906203294181	0.38360161459125885	94.38617111133397	3.395683750791089e-05	5.225678411034002	3
0.0073633900724347666	0.7572195948009879	96.7467727887294	8.176844525430866e-05	2.4885624579519408	3
0.009441705680269329	0.5132775113846627	98.07538432914696	4.74653832050452e-05	1.4018489884049194	3
0.011062859460209658	0.6841040363866273	98.5569319086003	9.910852532005392e-05	0.7478020870275296	3
0.013682445142375215	1.2978144409058543	98.08733441391418	8.98924525967925e-05	0.6010788075849977	3
0.01391281880324536	1.1065462663960501	98.12303272983239	0.0001457516807310142	0.7563624332876144	3
0.003149617989443431	0.40049365869338105	99.20492422016255	6.537224890426216e-05	0.3913671309056955	3
0.003867621651905293	0.3539411233091114	99.18398064517262	5.806037541996974e-05	0.458152549490937	3
0.004421828306812373	0.6631767246138626	98.73881290916215	0.0001032194504995852	0.5934853184666865	3
0.0053310937785083	0.56282267765227	98.80600474745968	9.821477709936116e-05	0.6257432663324456	3
0.018758912738866953	1.712521947799928	97.09435373776586	0.00022140126612286154	1.1741440004292174	3
0.006818593412571122	0.4477232543909847	98.90758551288515	8.14109379023967e-05	0.6377912283734042	3
0.003492190207561677	0.3889873659255766	99.06267356223705	4.086747082010703e-05	0.5448060141589978	3
0.0048476044498101355	0.364861727686143	99.08269781490802	3.484628254037408e-05	0.5475580066734896	3
0.004320285329980382	0.5083912323280803	98.93816192720969	8.418893410896521e-05	0.5490423661981448	3
0.0038978224154123885	0.4843416134692206	99.07234559780669	4.8567736169848806e-05	0.4393663985725123	3
0.009486414151722451	0.45223061416200677	98.76320776390062	8.0768718883958e-05	0.7749944390667342	3
0.0034884371960232927	0.25237277415534315	99.18006065004502	8.202947219502711e-05	0.5639961091314118	3
0.004986490971869687	0.641128790403857	98.55450726489987	0.00011791486484649075	0.799259538859552	3
0.0038301063654263734	0.5123955211847202	98.70693394454186	0.0001126446616805263	0.7767277832463063	3
0.0040632710387455565	0.29747045631525926	99.15851182681237	6.415222028793632e-05	0.5398902936133284	3
0.004033113921213312	0.6777456931423371	98.77791133654421	5.317569430210701e-05	0.5402566806979495	3
0.0033180760549835746	0.5888912619573498	98.97805591896442	4.690632137921208e-05	0.42968783670186267	3
0.010658100418316043	0.2991305171795569	99.1394034594694	0.00014108494598226307	0.5506668379867518	3
0.004428164097890303	0.26958586495439035	99.46338966279478	4.052461537470221e-05	0.26255578353755166	3
0.008495547637997487	0.36323753830697614	99.19710508665239	5.206756255897302e-05	0.43110975984008376	3
0.005791554774750965	0.3830963751398525	99.32643038410774	4.4810211801852633e-05	0.2846368757658523	3
0.005924888628009173	0.6720948460556766	98.8992076423424	9.317579906738079e-05	0.42267944717484845	3
0.004670826565709917	0.2823378518599753	99.35362836614475	5.491114764072543e-05	0.35930804428191837	3
0.006340383750205748	0.44226262176873915	99.25327148880288	0.00011075444292740197	0.29801475123523746	3
0.006574652795468107	0.6277590467948134	99.17800196571048	9.563056640183176e-05	0.18756870413283822	3
0.0053044450701155675	0.30888073539597505	99.47172639332771	8.890305599842396e-05	0.21399952315017232	3
0.0046905685145704965	0.5157369086939587	99.27424381272222	7.334451278182469e-05	0.20525536555648	3
0.005364456015544029	0.2522222568774737	99.58818328297968	5.5765907081506674e-05	0.15417423822020565	3
0.006582633164988885	0.5291644247472396	99.29544316420366	9.832206556221928e-05	0.1687114558185334	3
0.006739909692759453	0.5383876114531775	99.20855958312056	0.00010153694456277646	0.24621135878892636	3
0.007901307315511091	0.39859256179751495	99.30528664946195	0.0001049260636208907	0.2881145553614084	3
0.003659853918985794	0.1997266913309711	99.62428276066532	5.681183609869254e-05	0.17227388224863927	3
0.009056008359682451	0.46707748617566053	99.1812214372602	9.900034460329948e-05	0.3425460678598599	3
0.003726396432751157	0.32294405212888977	99.48674268937607	0.00011986685261024309	0.18646699520966234	3
0.004374799986051452	0.412452282159738	99.44398687586948	7.630872769326925e-05	0.13910973325704942	3
0.003756329034351085	0.30812107568034997	99.54952124838908	5.775952405743072e-05	0.13854358737214648	3
0.005553776419899354	0.27888484577996614	99.53494918201949	8.777303771638575e-05	0.18052442274292888	3
0.004700384996445051	0.32900524064931574	99.5680490669592	7.740430110241025e-05	0.09816790309393915	3
0.003569197426079285	0.3249833064074031	99.59318897912988	8.681134679219595e-05	0.07817170568983066	3
0.0036290948478353013	0.6011122550193727	99.15742913225613	0.00021434048761848353	0.23761517738904184	3
0.005949166674263098	0.373152749536962	99.3670642056225	0.00015459250187751963	0.25367928566439696	3
0.0051776670857083375	0.6078006756288958	99.26217310195317	0.0001226963439994601	0.12472585898821881	3
0.008104079782472162	0.6649528500719749	99.19735069229797	0.00011475196718233381	0.12947762588040856	3
0.004675849773950743	0.3611758505116022	99.53515147347159	7.495889282499277e-05	0.09892186735003643	3
0.006476784106893471	0.47978619841266973	99.41691074348911	0.00015604125029208227	0.09667023274103646	3
0.005264425024437487	0.8308521101082411	99.07225565887477	7.881252935134053e-05	0.0915489934632104	3
0.005294362039870542	0.4548329092687271	99.45032407324196	0.0001379983333382918	0.08941065711611408	3
0.006473731741707902	0.7160031551095364	99.15361640312118	0.00048003666008320054	0.12342667336750178	3
0.0019364445947654858	0.3545671003401092	99.59380213792694	0.00014077528585843747	0.04955354185231404	3
0.0031849753570833655	0.23802761750808285	99.68767103373217	0.0002213985678670414	0.07089497483478442	3
0.0027500812809494674	0.37380189024704735	99.47896322525689	0.00023894357146593195	0.1442458596436574	3
0.001233708371355707	0.1458308517223192	99.77153376765038	0.00014698306334687557	0.08125468919260724	3
0.003190077075621417	0.2653702542921947	99.64033435026191	9.04179087094626e-05	0.0910149004615747	3
0.0033803682417585827	0.2650041039343345	99.59517568955933	0.00010332213618863902	0.13633651612838363	3
0.001932560417274063	0.34895910910658584	99.52167965457313	0.00012745002632629274	0.12730122587667214	3
0.005612054224902179	0.3656136423861731	96.83781494368169	8.522475842813622e-05	2.790874134948804	3
0.0022614591522575975	0.2280639571551759	99.5298715854641	5.620122188987022e-05	0.23974679700660495	3
0.003378362777437273	0.2338419251491292	99.48425739688047	9.160692585581032e-05	0.27843070826710276	3
0.00656440942410124	0.49851033712221915	99.26532741411839	0.0001376088020334427	0.22946023053326176	3
0.004543178328895815	0.6158673557487698	99.2099923424287	0.00023331965925513432	0.1693638038343956	3
0.004106660810070143	0.5839703659004546	99.28138738334238	0.00011864484897503136	0.13041694509812696	3
0.002504101811568453	0.2097127545660454	99.72922850187177	0.00011460758509328466	0.058440034165552796	3
0.0016865203956728842	0.23389240286042554	99.71450474923401	5.7360798654692916e-05	0.04985896671124599	3
0.0029808776067350787	0.2022635051438202	99.7345498896861	0.0007456031521365759	0.05946012441121606	3
0.002141424184704423	0.33347911707628797	99.63076583408265	8.299024158088632e-05	0.033530634414780776	3
0.002980477320979738	0.36128259533325546	99.57792612885714	0.00018389527497663996	0.057626903213658855	3
0.0023431641938450186	0.31738572279938415	99.5813404917563	0.00022934454055797393	0.09870127670988987	3
0.001193499875951052	0.24853233344001488	99.69456342552571	0.0001517239506499054	0.05555901720766023	3
0.0017282309566413025	0.2721637060621345	99.6686730101919	0.00010670753265221771	0.05732834525668299	3
0.0029219784124202503	0.48633061792644267	99.42996439046355	0.00032767259924319927	0.08045534059832926	3
0.0015582624915274088	0.3196396281145482	99.62722538777555	0.0001263847776417755	0.05145033684073346	3
0.0034568077149413103	0.38569050172414154	99.57980016590817	0.00019667628902577506	0.03085584836370768	3
0.0018645865731711016	0.4200575175078135	99.54654222519633	0.00035579028207825976	0.031179880440595803	3
0.0019467387788799785	0.37590927400683033	99.59386670031294	0.00014560450448504868	0.028131682396869057	3
0.003139830137100333	0.5549409154152489	99.38245211223887	0.0005809985457087062	0.05888614366309385	3
0.005169843250318659	0.4762280366004154	99.45502514182584	0.000978269477541561	0.06259870884586052	3
0.002932738618164247	0.6207374815845793	99.31153126451193	0.0006121443614204568	0.06418637092390518	3
0.003633151668893665	0.738450777509294	99.14246135531403	0.0005250765420777536	0.11492963896570002	3
0.004521948988399682	0.5192627547677219	99.37072630548325	0.0012961220521552981	0.10419286870846695	3
0.0026762315682037105	0.3885384924372212	99.55070639298405	0.0006257908769759064	0.05745309213353196	3
0.006447326643219508	0.8739732738794892	99.06158108807267	0.0011225368648392694	0.05687577453977092	3
0.006992245917427575	0.4402961787440233	99.45611931056389	0.001684692245616575	0.09490757252902389	3
0.0036638722492371265	0.28319841407301577	99.67382748193326	0.0007389970591722239	0.03857123468533786	3
0.005109824096140193	0.5063237124833104	99.44173204864917	0.0016446026735833469	0.04518981209779584	3
0.003743765773842973	0.2584089639962153	99.6953273298029	0.0013133853147206677	0.041206555112338825	3
0.008638727765542857	0.33057920892393255	99.56596204537796	0.003206228302599763	0.09161378962996289	3
0.0050092595409380845	0.6089503115599187	99.33423183834245	0.001241874118548751	0.05056671643814402	3
0.003801843157870615	0.512352906060708	99.42747885419394	0.0009831767125744251	0.05538321987492166	3
0.003240072493126064	0.3860185028619297	99.5310076111166	0.0012551497222878603	0.07847866380604332	3
0.004970466636545467	0.42219607484491145	99.52248905610548	0.0010946046022880657	0.04924979781076662	3
0.004576025704052938	0.5875987267186245	99.31551355340342	0.0025449121352408063	0.08976678203867695	3
0.006219570173148871	0.44939837186762316	99.45018182029811	0.004120053272397772	0.09008018438870795	3
0.012160050239991808	0.8445829693981135	98.96482161300638	0.010535560355428127	0.16789980700008178	3
0.023237224937317672	1.3850107771341165	98.37532936817108	0.006162481955946092	0.21026014780154076	3
0.040500487808115326	0.9323318977009508	98.64401082857717	0.017043686926029446	0.3661130989877422	3
0.015717717349254097	0.5082072391147625	99.26476400310116	0.015049160900567553	0.19626187953425311	3
2.2349102474838394	11.422890702832948	24.02883113456735	0.030671961149090512	62.28269595396676	0
5.555735146562373	3.8838298277416077	7.436147788565367	0.018522064304022576	83.10576517282662	0
29.710751269452075	27.10351130295544	19.26304632944933	0.03714204645388699	23.88554905168927	1
13.74317440166188	29.53542164479642	18.295651314689927	0.016724993777005422	38.40902764507477	0
7.413631649139105	12.79282937792107	73.76630949789865	0.010524575621458384	6.016704899419724	3
3.8656951218007247	32.881804411181456	60.834922744040774	0.01741850318010654	2.4001592197969344	3
3.266767649359023	8.075057409669558	86.66517668850227	0.013787793690707815	1.9792104587784358	3
1.9777643937404787	23.435194874644623	72.77122323344155	0.07976644359421839	1.736051054579131	3
2.1692594389160846	43.51822596093332	53.027329029761496	0.18856887564170913	1.096616694747395	3
2.338129656693107	69.53264521425812	21.025220669448995	0.9535773307136597	6.150427128886116	2
0.9838484087890496	88.2904081863367	9.269238628883254	0.3021117707104013	1.154393005280614	2
0.7520573379353622	28.719677773113695	68.76326069893264	0.6283027423866014	1.136701447631687	3
3.7989542908353062	68.07753365546245	20.274889085561423	2.0439859922856782	5.804636975855144	2
1.5812563937410664	60.58964244235368	35.770707502698166	1.5570817191976323	0.5013119420094639	2
3.553615419569326	69.82846562775394	21.738519942351328	2.418023094534908	2.461375915790487	2
3.4690069201899023	79.80267772099945	13.740124083069105	2.19829816941319	0.789893106328321	2
3.076297836560588	86.90208386815911	6.7282247928744665	2.0932748934260084	1.2001186089798483	2
8.836627789730947	85.81634060074495	2.12681207728115	2.1861997039821337	1.034019828260828	2
3.706525971000622	81.91173081325505	8.879024953808685	4.786673679476651	0.7160445824590057	2
12.53711394538041	70.41083773310761	2.186334846407741	12.03282411403077	2.832889361073484	2
8.664242886221848	65.53434053064846	0.09314846530415892	17.78984676953008	7.918421348295449	2
9.563803941892719	63.82205914498601	0.15729678455753143	22.97228933649469	3.4845507920690464	2
7.199823272251507	47.73955869513418	0.10170060043556459	42.92134540800035	2.03757202417841	2
14.817925969763182	54.3913265243402	0.7486039323183362	28.07126930294587	1.9708742706324192	2
17.451167299245313	56.418874603537596	0.07324791661514145	22.833720777192546	3.222989403409403	2
13.750252206300267	64.45003936617026	0.09160250793213824	19.732703306853068	1.975402612744287	2
9.769694007942048	71.7704077727671	0.10701042516382893	17.10665815898123	1.2462296351457953	2
15.089534953428402	70.95555907641608	0.2190937696354694	12.157591959342993	1.5782202411770467	2
4.584038839419234	84.25751293379231	1.9480106367708936	6.742247465114956	2.468190124902586	2
9.305571059827727	66.69012667776335	2.99533861657688	14.460808813782805	6.548154832049256	2
6.5692059087209165	84.9705891700058	0.5669839308889862	5.751933323753006	2.1412876666312863	2
6.279934882737404	74.62848110779761	5.369405248016275	11.773141003393935	1.949037758054776	2
12.678212473376412	73.26335318825298	0.04306340310688816	8.763777317872806	5.251593617390909	2
5.757868241794547	87.51711469230924	1.85005912401093	3.6778614329868136	1.1970965088984884	2
11.850072970426485	67.38685401549903	0.38041576783070336	17.102340049298856	3.2803171969449236	2
10.120012615751524	71.34744138784069	12.367336864910337	4.601346381009988	1.563862750487453	2
11.969306693140803	82.57542146068727	0.33800782804815405	2.847791379346806	2.2694726387769695	2
11.671681019346906	80.6232585609198	2.263442980145156	2.0648076128887602	3.376809826699382	2
5.170569005244128	88.86776698534821	1.352706474042343	2.5892450732435806	2.0197124621217357	2
5.816324213179111	88.61473238108896	0.6200978990835392	2.211605767324489	2.737239739323891	2
2.840298332416843	77.7420666430934	15.81212729679827	1.9824461470731043	1.6230615806183877	2
5.383653601367798	89.78748170994044	0.3401340655579477	2.23221185482676	2.256518768307066	2
5.990792687820014	82.85657342286792	7.860036896652492	1.8990857288488219	1.3935112638107559	2
5.733571565953292	82.95797314769922	5.597607871051415	3.5078609846996422	2.2029864305964515	2
5.719341889172888	74.51413912502285	15.670099513376867	2.0800880099475263	2.0163314624798696	2
5.756280215107236	71.48243037040132	15.627738305665112	2.8935781710141613	4.239972937812174	2
3.871847392026826	68.16502932111305	18.347137462388215	5.704513928083775	3.9114718963881523	2
5.9747749437696545	76.77753554449845	6.543537333109289	6.964271040172257	3.7398811384503587	2
9.082808910120105	69.6484591105364	0.5356891928496985	10.432276173913088	10.300766612580707	2
9.503117854664945	36.715502336767976	1.1939550221492916	45.46374972108483	7.123675065332957	4
14.13944078611985	54.34482490578729	3.2474577165069025	22.746495956199603	5.52178063538635	2
11.295212040764314	58.24513841561028	0.9920592180806643	19.55733966961511	9.910250655929644	2
6.581051900680331	68.2279781925178	3.8421013436951514	18.05789311984508	3.2909754432616234	2
4.77513954842174	69.40317380663143	1.4721585051022454	22.643538449730706	1.7059896901138687	2
8.628562543681543	62.25514202985806	1.2770994667711126	25.608955128944615	2.2302408307446653	2
6.633602498981457	71.77423903338041	0.3224663566378258	20.01374481412766	1.255947296872644	2
6.219578364734992	61.629469070711465	4.00056616691198	27.15504425166729	0.9953421459742762	2
5.86921276597727	38.39542744797137	0.7785990465323929	53.228783036067384	1.727977703451582	4
5.291083947122682	73.23307905943352	1.7591419244659356	18.218764057707094	1.4979310112707764	2
3.5384850733160373	58.558734774420564	1.9725730068178544	32.80611235369762	3.1240947917479223	2
6.017198151549444	29.839224263356073	0.8830050066012504	61.27298859642213	1.9875839820711185	4
8.695758710377444	59.31196053250816	0.5219795970850636	28.856961757857725	2.6133394021716194	2
8.462235148912354	70.89733632600257	2.4929053158261323	14.437698270335526	3.709824938923414	2
8.717986864345352	71.31025310549364	2.5607497818221843	11.79040027138147	5.620609976957343	2
8.95535728014076	68.04736317682884	6.536019958712709	13.000480954442539	3.460778629875151	2
2.396781749428176	68.23422162372219	19.264487115606325	7.327899098693043	2.7766104125502635	2
8.132790035642081	76.76063956597012	2.0590108658455955	9.96635431982894	3.081205212713258	2
7.89573468483546	79.40831683494245	0.25405901999418135	10.220678003083568	2.2212114571443373	2
4.697795072298523	87.63470222655104	2.3993401956627167	3.8608281601561196	1.407334345331593	2
5.542804630399327	86.49288822560963	1.8373920190247282	4.652653038798512	1.4742620861678026	2
3.0418685449444482	84.71253720263996	8.548384081204043	2.6938337778863937	1.0033763933251496	2
2.992301722770847	90.71569192410617	1.377737165029252	3.488744026247338	1.4255251618464004	2
2.2766996935961887	83.81065730999569	11.091029758892969	2.0905596064484704	0.7310536310666707	2
2.108051416034556	79.16594744886855	16.7196499971052	1.0888385808050227	0.9175125571866614	2
2.9827075971595476	82.39125733405974	12.657281340702173	0.4698799617909014	1.498873766287646	2
6.569609424966526	87.64798755032467	4.038533021654513	0.6775164216394373	1.0663535814148524	2
3.4491753711910786	88.60616561330774	6.390530878316443	0.49037775019852986	1.0637503869862193	2
1.741355800582544	61.3072219286817	35.66431955626272	0.4243189870318415	0.8627837274411974	2
1.618031418284237	88.20949447671401	8.609365853034827	0.36186255111304694	1.201245700853879	2
0.6294592749513886	91.3645087297509	7.13553360813555	0.13868756262057358	0.7318108245415921	2
0.7158134536892089	85.92757654042185	12.550646898024533	0.1782994593908488	0.6276636484735806	2
0.41397163469187465	58.50647094195076	40.513177997950216	0.08770680939812024	0.4786726160090334	2
0.8957734897645963	75.70029218895911	23.028689254038103	0.09251454313255923	0.2827305241056278	2
0.4267291726263018	31.238822530839037	67.98417545651773	0.08403697890542156	0.266235861111516	3
0.3673160988423175	32.28314180810243	67.18359060223835	0.03898270622704136	0.12696878458985933	3
0.27729102003311595	30.48507207371814	69.03860113446687	0.05274250585911959	0.14629326592276698	3
0.2894004162709696	24.58832340448258	74.94121094521056	0.027556614706204515	0.15350861932968116	3
0.1683245704340508	22.260176251528087	77.4866908367355	0.012347466483933906	0.07246087481842103	3
0.17998436811922353	14.539228151502604	85.16774082175125	0.02516936653893377	0.08787729208799568	3
0.10198867658746388	10.625658964785057	89.20098728425286	0.02282008174735308	0.04854499262725934	3
0.15531820191456705	13.62796096984367	86.11801291727788	0.03395801875228716	0.06474989221159735	3
0.1379154101555187	12.486915140327138	87.2833792876948	0.0266205548292647	0.06516960699329453	3
0.11860725282105754	7.645484661171602	92.13027266333012	0.023620417156007403	0.08201500552122101	3
0.07026877448817828	10.190399292323018	89.65721712186095	0.02637300083324909	0.05574181049459155	3
0.14038586232655714	22.39184868771519	77.28435395884365	0.04329257596152385	0.14011891515307356	3
0.12373307406464722	9.151820660001915	90.61472240473456	0.026733783421974907	0.08299007777691457	3
0.07148877414581944	7.8305945175387555	92.0462088247321	0.014221454273066017	0.037486429310255746	3
0.037681194678137776	3.85579914404658	96.06845578370715	0.010062465352723886	0.02800141221539178	3
0.16925393574873818	12.403699508905602	87.32890924309959	0.023222231138063976	0.0749150811080037	3
0.0591340620468285	7.76950715294458	92.11392097436938	0.01805050445391444	0.03938730618530325	3
0.05161698457559546	5.542795044872344	94.35923765766913	0.015169771413380866	0.031180541469547168	3
0.026269279427558946	3.1212269978989404	96.8265538965993	0.007472525199371524	0.018477300874848727	3
0.020799911962770663	3.778993386107897	96.15582923831482	0.009278178127862361	0.03509928548664787	3
0.0390141482203475	3.3523662464165898	96.53698018769305	0.014587359457393438	0.057052058212640734	3
0.0851642953399258	5.6528735008493864	94.14476338749985	0.030866513879337497	0.08633230243150282	3
0.040335363825294304	2.220335875386376	97.69787383513919	0.008618208784503808	0.03283671686464237	3
0.05357219001509368	5.006766574646509	94.81090745862699	0.028709148727950044	0.10004462798345859	3
0.014491247800348068	2.115366538631833	97.82912239950538	0.007389139397229107	0.03363067466520591	3
0.01740046614668191	2.00767355048943	97.90906290591184	0.011417013322485929	0.05444606412954347	3
0.020800824139076423	2.0250621425282533	97.92343796283154	0.005811185758892084	0.024887884742245882	3
0.03538110813863465	3.1760029237821117	96.73126198553021	0.009629168135904583	0.04772481441315179	3
0.011348492593653371	1.2183478551128708	98.73102109132853	0.007280899417221542	0.03200166154771829	3
0.026356097066109904	2.078751439611736	97.86486964462775	0.005920985841428483	0.024101832852982504	3
0.022281059725221004	2.0566616841959235	97.84863627705535	0.012119553389375176	0.06030142563416091	3
0.02458326469458584	2.153898564035435	97.7513469933097	0.011173999270425167	0.058997178689859174	3
0.028144367363510607	2.169441488178749	97.77102024197903	0.01029014308128339	0.021103759397443488	3
0.03316327165912385	2.428821525923301	97.50920206490933	0.00894163462411857	0.019871502884128093	3
0.018962974533524878	2.5133962186702132	97.44677928079582	0.005502132920272524	0.015359393080181895	3
0.020552134457864513	2.2648899045975743	97.68474878757088	0.004626321187073935	0.025182852186617657	3
0.029641413191368135	2.844245417163743	97.0941590505596	0.008622384894963477	0.02333173419034231	3
0.023089164125141587	2.33808901195306	97.5847994544196	0.007580565875384867	0.04644180362682046	3
0.0389990508176358	2.167012854138417	97.72774399375984	0.006844092000175823	0.05940000928394572	3
0.03623385034557928	1.601444142876041	98.31516596901258	0.008651255826757917	0.03850478193902463	3
0.024816147582100254	2.033227614073811	97.8952504844615	0.006957948517821794	0.03974780536475091	3
0.028143151789115774	1.9622219206702902	97.94992140770131	0.010119977354836081	0.04959354248444189	3
0.030724068553134986	2.8374515058755043	97.06568021621565	0.00748579819965874	0.05865841115603762	3
0.02116631197722625	1.686659872536331	98.22507444701718	0.012488462725406015	0.05461090574385019	3
0.04061988474555494	2.995435400465014	96.9109789113358	0.006691034786447706	0.046274768667164054	3
0.02500045022172252	1.8608767945756222	98.0633101100348	0.008198115584073302	0.04261452958376845	3
0.033376907456580084	2.588630143240123	97.34165291751606	0.00752174620566057	0.02881828558158245	3
0.023321402260852334	1.5012698330998415	98.45248450530552	0.0033517751202972986	0.019572484213482358	3
0.04238885735912334	2.6033749729475946	97.32696367477449	0.0057072294876908325	0.021565265431098865	3
0.027975694614969016	1.802179647458859	98.1319902271153	0.0049925982563065645	0.032861832554560474	3
0.007979719509291081	1.0922139231605388	98.8763098850432	0.004046011535372414	0.019450460751591105	3
0.04032503569214689	2.910530344217569	97.01067710252886	0.007032201121747174	0.03143531643968028	3
0.03529686806464908	2.4937247633701203	97.43573314372185	0.006923808333590899	0.028321416509783835	3
0.025089921982878453	2.860131562626871	97.08096869810878	0.0038896006958056284	0.02992021658566144	3
0.026759856106796914	3.341849211650003	96.5901118354092	0.008297756402324257	0.03298134043167914	3
0.026241355871434766	1.4959304109404465	98.42758962674793	0.0059638226738263096	0.04427478376636376	3
0.018737463106989212	1.8704101795185446	98.07275668718442	0.0062258443356043944	0.03186982585442335	3
0.021189943106930204	2.1062469231731424	97.8287271406023	0.007864241036422559	0.035971752081224065	3
0.014389578932334605	1.45552981019958	98.50010886073561	0.0066057894495338745	0.023365960682930106	3
0.027504756733236702	2.309291725300955	97.60606219896007	0.009502558071471278	0.04763876093424205	3
0.021329236521764456	1.6512731630171522	98.2888702698163	0.009245083517356062	0.02928224712744036	3
0.00917220529237107	0.9664459682582769	99.00269075661193	0.0046472043739037	0.017043865463549437	3
0.013943431459611933	1.4601887571053276	98.50446707516876	0.003831085523943189	0.017569650742361956	3
0.008927400324080684	1.320445461597729	98.65339438529546	0.004099547192979262	0.01313320558975956	3
0.014025108048887331	2.367260194282773	97.5869192690208	0.007890097705110836	0.023905330942433772	3
0.01198767958077503	1.3851097831916384	98.58317092462983	0.005974456817107283	0.013757155780665175	3
0.020728997493081568	1.9657432444239502	97.98719027320048	0.005171711733987866	0.021165773148485126	3
0.03702357530021655	2.46649290277207	97.43811645242735	0.015230034722178536	0.04313703477820217	3
0.009784011344112623	1.0026819073798647	98.96627145810672	0.002289270747276297	0.018973352422019564	3
0.018871540147621362	1.8831339697588878	98.06806376363576	0.004864776225022826	0.025065950232708814	3
0.00799938245970903	1.2937620306516993	98.67408810665934	0.0034250133370651273	0.020725466892184186	3
0.009900518534043052	1.2032354013258033	98.75192223906959	0.007322001396256161	0.027619839674318466	3
0.012717756656369152	1.272777834509647	98.66434590528655	0.006692651366368159	0.043465852181060464	3
0.021288274817194204	1.5421254777453497	98.41305197529931	0.0047362299230768205	0.01879804221509604	3
0.041460494219108794	3.0412069110969964	96.86509832056004	0.01125332869999566	0.0409809454238559	3
0.02780757004455017	1.9990549784229341	97.93990302400836	0.006230577486376039	0.027003850037763285	3
0.08845410887472997	4.53116328887243	95.28657889170384	0.019515708040554136	0.07428800250841386	3
0.0384935642843608	2.3490322585539043	97.55404303206981	0.01831165067895121	0.04011949441297047	3
0.02743371364823122	2.3989518440431965	97.5309819647294	0.012113917893567527	0.030518559685605393	3
0.030323783487711503	2.1597490581200205	97.7712187941217	0.010667960427886246	0.028040403842679935	3
0.052681824017694404	4.397391296437528	95.49615775506916	0.013414295854813883	0.0403548286208005	3
0.05139833578327034	4.764826782456299	95.1170063015655	0.01999376378933016	0.04677481640561207	3
0.03701298194286917	1.9186403957073768	97.98940815933531	0.020187145745275976	0.03475131726915669	3
0.06045603610679432	3.0340194712338056	96.77631429828246	0.052166017770541404	0.07704417660642555	3
0.07860621922380502	4.139956568074079	95.41241277970853	0.10437860519296922	0.2646458278005823	3
0.038081739341607655	1.3545785759252704	98.36975091117631	0.11353966880143256	0.12404910475535744	3
0.7539487939210612	9.351828132785728	76.64102274687603	0.3442379593026675	12.908962367114526	3
2.1668160667384027	1.6979065539312383	0.26796272781408703	0.027756769182826005	95.83955788233345	0
24.60964521231019	6.480143283486059	1.0488525371952666	0.016166850731934378	67.84519211627655	0
33.77277257656295	20.534874874357705	5.977537025385485	0.016566932197669727	39.698248591496196	0
33.06299695297174	5.933462409408507	2.4883696831994992	0.018071002862397254	58.49709995155787	0
17.70022308224345	49.55835960275816	12.817202269332748	0.06291868393430253	19.861296361731334	2
18.03968386958429	64.99473826182914	9.600879997267505	0.09164463660212868	7.273053234716929	2
11.742787653193776	35.14108287953094	42.63890256602069	0.04419444234161921	10.433032458912974	3
26.44929117686769	36.608043643723754	23.03617703461936	0.08629298652515768	13.820195158264045	2
10.501041696532047	42.02417595753423	43.491093488285074	0.03535980448139901	3.948329053167235	3
5.631641462588553	59.03947270895495	33.515401909596534	0.029234627159465353	1.784249291700498	2
5.899326430082503	76.33089970535853	14.51315333419672	0.039028916879946834	3.217591613482277	2
6.7327946049050835	91.34870921542448	0.9704104865329913	0.034153043985887054	0.9139326491515446	2
1.546394694449351	80.99366389361596	16.846195012673277	0.06771814743591566	0.5460282518254981	2
0.9970849311209706	80.04509335559831	18.331595294896363	0.15715916487723025	0.4690672535070982	2
1.2522611593688995	95.85277419626223	1.7502416997763532	0.5413071927882895	0.6034157518042206	2
1.605325756867528	77.02834586623042	19.725389862970605	0.4327130025268275	1.2082255114046088	2
6.7767254660197835	81.16226678562136	4.815979483545902	3.9343243269898616	3.3107039378230843	2
10.02326080711547	81.58220963301834	2.8301826610532808	4.924117264543743	0.6402296342691852	2
16.789840521894867	67.54215448200391	0.17678936872983247	12.333433286564057	3.1577823408073558	2
20.091577962894718	67.19671116286288	0.08498095683067447	11.34444544805205	1.2822844693596755	2
6.294060562822063	82.47319242978948	0.19970774846461659	9.326314295925552	1.7067249629982744	2
26.209587553697684	58.57081636646371	0.20837976219218254	13.728516952344435	1.2826993653020025	2
11.623218999599946	69.24153182804751	0.12799505712547396	18.052682153237413	0.9545719619896621	2
9.145127323237249	80.87952513967778	0.9913107051848518	8.40588554672557	0.5781512851745506	2
16.571080974009845	67.88758817199036	0.061033511625527545	14.116318361574956	1.3639789807993177	2
16.967585457598442	76.10399196694101	0.0642868537087969	5.854196253863155	1.0099394678885854	2
5.133113308682117	70.18727833967685	3.7187469675129674	20.663530875518667	0.29733050860938737	2
4.328455690160117	73.65137356980902	4.438596656356231	16.851923441478633	0.7296506421959974	2
8.499927674455455	75.89340652966415	0.2734835131222747	14.326304247303353	1.006878035454774	2
6.738375011577934	62.12302750523925	0.5835506943048675	28.66296220142982	1.8920845874481396	2
8.434420669398106	76.28141253459918	0.09842625341468829	13.96986463042037	1.2158759121676446	2
7.5530862287136955	59.038192131119196	0.19472840752433326	32.557068064476944	0.656925168165846	2
10.186790132512984	56.24397485103584	0.22304506136839736	32.47243119541561	0.8737587596671922	2
26.122355206712584	37.09364238734841	0.030360567820661415	27.423643812416977	9.329998025701371	2
34.432183315948876	29.093811489737764	0.022849769562791444	27.823146526643004	8.62800889810756	1
40.017203142244654	42.315189862611106	0.04804832361145445	11.283801168365853	6.335757503166928	2
27.17156740495581	60.240975345870474	0.24042915948712468	9.672645407527714	2.6743826821588805	2
36.40194545814176	56.66132906464985	0.09941129495175995	5.174738617575846	1.6625755646807892	2
13.73937305362984	78.44083435556297	0.16699441775522716	6.796668550448916	0.8561296226030392	2
11.463946290553704	79.46635774080809	0.02881308469689686	8.217583555295002	0.8232993286462971	2
7.751683849985009	81.12852382326416	1.8513114833377924	7.984275761161514	1.2842050822515347	2
5.541805559637579	87.36262652627991	2.877452717666125	2.852905347838841	1.365209848577549	2
7.017435836339643	85.99059402673286	0.724691585597941	4.405908164155559	1.8613703871739804	2
2.9419210124372075	88.43520784011562	3.876726318354329	3.233407600276908	1.5127372288159318	2
3.9513198450406053	89.78575129537263	2.1018994484118934	2.0501522597501496	2.110877151424721	2
4.348100868560528	82.00677427411006	7.745380761979158	5.223254855125645	0.6764892402245963	2
4.13567639969618	85.2868940917749	5.399163330488696	3.639872053555869	1.538394124484338	2
6.9775697832503605	78.91495330740959	1.4071089645448418	7.288464164839717	5.41190377995549	2
38.75435289291138	24.662172062469647	2.3002591917775086	0.8346458311108214	33.448570021730646	1
53.39963056839694	36.943219263940136	0.34105438522070364	1.230636921871625	8.085458860570585	1
44.63778270048502	51.374171961539325	0.644048704896929	1.7826758469969908	1.5613207860817566	2
44.140361234042544	45.196287903207555	2.6484930861476417	0.3348802979725869	7.679977478629672	2
25.9989408989789	69.52004893662638	0.29094776353548485	2.5935167699305977	1.596545630928635	2
7.363257009720282	77.47592059927464	8.909627258967944	4.9350600300464915	1.316135101990643	2
8.365592278713216	77.90660732588802	6.049653409337953	6.763350291803868	0.9147966942569373	2
4.079688166551663	82.78886994308546	3.807005409613752	7.957124903671119	1.367311577077996	2
2.2944358023256273	76.56379528300997	2.5583880362763582	16.95329794734093	1.6300829310471276	2
4.9363886996036035	72.3061517065187	0.3061101532307721	21.49821763598158	0.9531318046653416	2
4.07360092729218	75.14160957121366	0.6742329456148093	19.126492606162472	0.9840639497168666	2
18.240110002403885	73.66298464724561	1.5317983736053926	5.459478201727952	1.1056287750171665	2
27.538289423323707	39.85584172982976	0.12625946671479887	29.717361370872865	2.7622480092588444	2
26.538150360781206	55.330730003293446	0.12482734868237935	13.52858254935398	4.477709737888986	2
24.6757955933257	67.58386449806679	0.17726181866954274	6.242806792561402	1.3202712973765744	2
16.771370883581298	74.28185805188362	0.2225997241410026	6.90661226341381	1.8175590769802543	2
14.251306030866404	72.49620348503949	0.4251766920272278	10.204610454100296	2.622703337966591	2
3.980641693529495	88.6169773921463	3.5424255702784837	3.4148247446582043	0.44513059938751365	2
6.686660553292971	88.6726051708847	0.6081992394715814	3.1410144179958452	0.8915206183549049	2
4.746843150773108	92.62634776745074	0.6234683794674418	1.2248597304036988	0.7784809719050133	2
8.308022116244295	52.00096453448907	35.529226373693504	0.4921768519401951	3.6696101236329453	2
67.72243511207276	18.991281711865017	9.399870346172934	0.01329732513519505	3.8731155047540877	1
37.44873517915062	56.35954593021051	2.104219751766273	0.01810634482413984	4.069392794048468	2
50.322805214397434	37.94794284572201	10.405863515450605	0.017200655226584885	1.3061877692033688	1
9.309341757691648	67.12083436145166	22.394312525204594	0.0290577832195806	1.1464535724325087	2
4.372231101294485	82.89320776420655	11.728186842142525	0.013404770781143686	0.9929695215752923	2
2.094651938823055	52.61074806352377	45.04393947223409	0.01899093110156035	0.2316695943175245	2
0.945329247353616	57.703483557416526	41.00072327207841	0.025148440685162293	0.32531548246628683	2
0.9825985364296531	50.089140202004536	48.64774770046388	0.05473921913237951	0.2257743419695582	2
2.5923292899795367	67.39669687016372	29.542192265291355	0.08186661743438861	0.3869149571310109	2
1.4692428911352395	90.14929177653319	7.824347815876729	0.029030397378218845	0.5280871190766253	2
0.8203598634156298	90.50333272477566	8.461766277901656	0.01735787264196305	0.19718326126510283	2
0.6324482182487038	74.19888038239466	24.921301813862122	0.015625132150562798	0.23174445334396354	2
0.5422380099608205	72.37102350251601	26.885187675012666	0.008448973865427103	0.193101838645075	2
0.3308381711100582	45.453227760614645	54.03581157827361	0.0068667227254063075	0.17325576727629347	3
0.614259704442876	74.63068088643419	24.092106110110567	0.01131980415204219	0.6516334948603103	2
1.1357463127819734	39.16304717639471	59.11097320042722	0.012280641969900852	0.5779526684261995	3
0.3905235419410203	26.01507282520635	73.36168649104354	0.007239982775367627	0.22547715903372456	3
0.3432000903530827	24.33051344533401	74.94882185798254	0.007328851606821711	0.37013575472355237	3
0.5412246011979631	25.670892829207503	73.37609343566062	0.008441707815465044	0.40334742611844226	3
0.355356532489018	8.872070603914603	90.33928004293767	0.006966493913336128	0.42632632674536985	3
0.6808651166548924	19.980173894633772	78.84801622741112	0.016154777676284596	0.474789983623939	3
0.4758626387054631	22.725560665540193	76.46630658644187	0.0141054640663576	0.31816464524612276	3
1.0511095551941958	36.16460030348522	61.671627327735855	0.01195089145622481	1.1007119221284816	3
0.2817328707348767	14.49315278222386	85.07524030639226	0.004915769698678151	0.1449582709503241	3
0.9802231834626078	66.40538942082979	32.19738120253539	0.008818093050702844	0.408188100121491	2
0.1738583857130557	12.144773688150675	87.59265009511026	0.0019245479945496952	0.08679328303145979	3
0.22151701494318612	10.736885639895114	88.89445812458871	0.0032629707496380136	0.1438762498233415	3
0.7582627033919477	39.58422157480263	59.01169100981477	0.009138219723535648	0.636686492267101	3
0.2826426626261347	11.59126061068326	87.9163279889475	0.0027038026340396168	0.20706493510906301	3
0.2947011072001117	22.544442379315115	76.89636088741449	0.004519322660938768	0.2599763034093473	3
0.9922664238924529	34.99263461351524	63.408813953646295	0.01311735392068614	0.5931676550253381	3
0.14686544123098216	7.627087870203647	91.93025843014465	0.0023221709972074994	0.2934660874235244	3
0.6316769449265852	28.91503498230944	69.8775494859089	0.010352923567160208	0.5653856632879287	3
1.1697906881037419	17.873839910611427	80.48854898568423	0.015497987453601245	0.45232242814701573	3
1.9719215369005296	29.34463860455464	68.22239651462498	0.007943013125026713	0.45310033079481005	3
3.709719951534408	53.15072621673568	41.96401117379638	0.028948400065167166	1.1465942578683683	2
1.8977005162545548	59.47983494330157	37.51426861784301	0.0192005904427942	1.0889953321580756	2
